/*--------------------------------*- C++ -*----------------------------------*\
| =========                 |                                                 |
| \\      /  F ield         | OpenFOAM: The Open Source CFD Toolbox           |
|  \\    /   O peration     | Version:  v1912                                 |
|   \\  /    A nd           | Website:  www.openfoam.com                      |
|    \\/     M anipulation  |                                                 |
\*---------------------------------------------------------------------------*/
FoamFile
{
    version     2.0;
    format      ascii;
    class       volScalarField;
    location    "0.58";
    object      rho;
}
// * * * * * * * * * * * * * * * * * * * * * * * * * * * * * * * * * * * * * //

dimensions      [1 -3 0 0 0 0 0];


internalField   nonuniform List<scalar> 
4800
(
33.5874
0.783167
0.802359
0.930007
1.044
1.14088
1.16588
1.16586
1.14767
1.11423
1.05809
0.952714
0.804798
0.7393
0.739776
0.752442
0.772317
0.791493
0.807623
0.822271
0.835995
0.846832
0.85075
0.844513
0.829552
0.800835
0.758269
0.671209
0.579816
0.548264
0.544273
0.551024
0.560744
0.568825
0.575122
0.58062
0.584624
0.585915
0.585713
0.584846
33.5907
0.787015
0.804229
0.933088
1.04751
1.14423
1.16968
1.1666
1.14653
1.11269
1.05834
0.952686
0.805722
0.741965
0.740857
0.750519
0.769512
0.789016
0.806447
0.822323
0.83681
0.846986
0.849236
0.842828
0.828688
0.800752
0.75934
0.672461
0.582366
0.551454
0.545648
0.550167
0.558125
0.565562
0.571795
0.577416
0.58249
0.585605
0.586325
0.586767
33.5851
0.79405
0.808699
0.935241
1.04899
1.14532
1.17268
1.16522
1.14404
1.11229
1.06134
0.954482
0.806535
0.744547
0.740275
0.747106
0.764928
0.785488
0.805182
0.823017
0.838134
0.846654
0.847335
0.84126
0.828123
0.802322
0.762693
0.675555
0.585363
0.554653
0.546505
0.54826
0.553794
0.560292
0.566925
0.573508
0.579874
0.584809
0.58739
0.588763
33.5703
0.803256
0.815401
0.939114
1.05093
1.14727
1.176
1.16409
1.141
1.11175
1.065
0.956274
0.806319
0.747189
0.739184
0.744514
0.760729
0.781645
0.803108
0.82291
0.838721
0.846308
0.845937
0.840485
0.827498
0.804495
0.767108
0.678916
0.587841
0.557313
0.546969
0.546973
0.550038
0.554639
0.560767
0.568099
0.575935
0.582637
0.586926
0.590003
33.5576
0.812624
0.822075
0.943482
1.05421
1.14968
1.17745
1.16401
1.13881
1.11157
1.0682
0.957295
0.805252
0.748914
0.737837
0.742651
0.758096
0.778462
0.800616
0.82198
0.838456
0.846118
0.845369
0.840707
0.827908
0.808362
0.771989
0.680929
0.588868
0.558957
0.547038
0.545779
0.547143
0.549924
0.554892
0.562324
0.571273
0.579926
0.586825
0.592477
33.5467
0.818523
0.826678
0.948438
1.05987
1.15482
1.17977
1.16648
1.13871
1.11226
1.07078
0.955996
0.802648
0.749927
0.737616
0.741856
0.75665
0.776605
0.797992
0.81965
0.836877
0.845515
0.845718
0.842252
0.829698
0.81303
0.775464
0.680596
0.588529
0.559587
0.546778
0.544583
0.544794
0.546471
0.550274
0.557102
0.566653
0.577361
0.58719
0.595801
33.5395
0.820109
0.828056
0.952379
1.0673
1.16307
1.18491
1.17153
1.14082
1.11359
1.07126
0.951432
0.798314
0.749457
0.737952
0.742426
0.75692
0.775698
0.795238
0.815944
0.833697
0.844586
0.847281
0.845524
0.833637
0.817673
0.776975
0.678041
0.586687
0.558864
0.545695
0.543111
0.542997
0.543921
0.546954
0.553071
0.562871
0.57575
0.588787
0.599736
33.5391
0.817937
0.826462
0.95469
1.07479
1.17339
1.1931
1.17821
1.14531
1.11605
1.06957
0.944325
0.791462
0.746645
0.738316
0.744339
0.758628
0.775716
0.792963
0.8118
0.829577
0.843595
0.85009
0.849451
0.838398
0.820542
0.775844
0.673627
0.583582
0.555994
0.54337
0.541492
0.541511
0.542168
0.544719
0.550434
0.560334
0.57479
0.590331
0.603179
33.5366
0.811923
0.822444
0.956562
1.08214
1.18294
1.20125
1.18413
1.15097
1.11881
1.06652
0.936407
0.78404
0.742425
0.739204
0.746768
0.76155
0.776685
0.791432
0.808154
0.825751
0.842157
0.85324
0.852349
0.841488
0.820484
0.771982
0.667995
0.579157
0.552358
0.540845
0.539773
0.540254
0.541267
0.543699
0.549086
0.558838
0.573655
0.590269
0.604955
33.539
0.803935
0.817031
0.95677
1.08817
1.19045
1.20751
1.1889
1.15573
1.12071
1.06231
0.928278
0.776578
0.736865
0.739451
0.748997
0.76461
0.778354
0.791062
0.805902
0.82293
0.841277
0.855236
0.853598
0.84161
0.817933
0.766278
0.661513
0.574549
0.548655
0.538458
0.538292
0.539551
0.541129
0.543796
0.548852
0.558109
0.57199
0.588534
0.604385
33.5449
0.797292
0.812679
0.956155
1.091
1.19415
1.2105
1.19139
1.1591
1.12159
1.05746
0.919941
0.769274
0.731143
0.737625
0.750447
0.767334
0.780686
0.792107
0.805264
0.821816
0.840178
0.854111
0.851746
0.838237
0.812357
0.759184
0.655325
0.570554
0.545703
0.536746
0.537522
0.539564
0.541759
0.544709
0.549488
0.557785
0.570264
0.585604
0.601811
33.5528
0.793514
0.811429
0.955549
1.08994
1.19282
1.20958
1.19121
1.16078
1.12176
1.0527
0.912884
0.763348
0.725867
0.733971
0.750456
0.7695
0.783778
0.795147
0.807089
0.822303
0.838556
0.849737
0.845584
0.83057
0.803619
0.751244
0.650158
0.567567
0.543865
0.536116
0.537535
0.540229
0.542955
0.546101
0.550748
0.55815
0.569133
0.582683
0.597953
33.5588
0.793275
0.812236
0.95567
1.08595
1.18615
1.20417
1.18913
1.16123
1.12145
1.0489
0.908326
0.75951
0.720992
0.729293
0.748695
0.771214
0.787987
0.800187
0.811313
0.824118
0.835938
0.842657
0.836553
0.820126
0.79315
0.743279
0.646196
0.565783
0.543272
0.536508
0.538232
0.541341
0.544391
0.547933
0.552767
0.559513
0.568809
0.580378
0.594121
33.5628
0.794909
0.815591
0.95667
1.08066
1.17546
1.19484
1.18548
1.16036
1.12113
1.04732
0.906365
0.757998
0.717487
0.724351
0.745488
0.771466
0.792422
0.806334
0.816713
0.825941
0.832421
0.834717
0.826542
0.808763
0.783115
0.736391
0.643467
0.564761
0.543314
0.537315
0.539193
0.542601
0.546155
0.550388
0.555669
0.562035
0.569784
0.579403
0.591221
33.5651
0.798044
0.819904
0.95765
1.07528
1.1639
1.18493
1.17984
1.15787
1.12088
1.04808
0.906744
0.758111
0.716161
0.719902
0.741412
0.771045
0.796191
0.812248
0.822017
0.827064
0.8286
0.826417
0.817018
0.798533
0.774811
0.730853
0.641108
0.564352
0.543818
0.537845
0.539775
0.543814
0.548334
0.553629
0.559621
0.565813
0.572301
0.579944
0.589759
33.5666
0.802058
0.824103
0.957885
1.07031
1.15462
1.17692
1.17314
1.15467
1.12058
1.05038
0.908716
0.75893
0.716217
0.716749
0.737211
0.768954
0.798132
0.816277
0.825762
0.82743
0.825435
0.819904
0.810245
0.791744
0.769527
0.727157
0.639535
0.563956
0.543872
0.537728
0.53987
0.544628
0.550525
0.557295
0.564284
0.570519
0.576012
0.581829
0.589848
33.5536
0.806642
0.827455
0.957883
1.067
1.14847
1.17277
1.16729
1.15066
1.11954
1.05347
0.91176
0.76083
0.717459
0.715047
0.733998
0.76587
0.797382
0.817414
0.827071
0.827214
0.823017
0.816107
0.807145
0.789213
0.767849
0.725659
0.637238
0.562375
0.542859
0.536945
0.539613
0.545171
0.552345
0.560606
0.568678
0.575144
0.58002
0.584673
0.590939
33.5453
0.811633
0.831069
0.958855
1.06556
1.14634
1.1719
1.16342
1.14639
1.11814
1.0567
0.915424
0.763586
0.71992
0.715076
0.732145
0.762407
0.794158
0.815715
0.825674
0.825868
0.821314
0.815078
0.807594
0.790385
0.769627
0.725396
0.633669
0.559353
0.540457
0.53516
0.538954
0.545801
0.554167
0.563249
0.571734
0.57836
0.583094
0.587192
0.592422
33.5463
0.815709
0.833961
0.960846
1.06733
1.14816
1.17206
1.16194
1.1422
1.11572
1.05957
0.919468
0.766902
0.723379
0.716363
0.731186
0.758891
0.789283
0.811623
0.822604
0.824128
0.82072
0.816065
0.809938
0.7943
0.77353
0.725263
0.629006
0.555543
0.53704
0.532776
0.538179
0.546607
0.555765
0.564897
0.57312
0.579984
0.585113
0.588933
0.59381
33.5462
0.818826
0.837363
0.964093
1.07183
1.15234
1.17294
1.16108
1.13802
1.11247
1.06119
0.923483
0.770432
0.727077
0.718155
0.730992
0.755905
0.783919
0.805814
0.817995
0.821774
0.820534
0.817821
0.81383
0.799381
0.777127
0.72391
0.623328
0.55137
0.533439
0.530859
0.537902
0.547447
0.556839
0.565444
0.573342
0.580098
0.585537
0.589721
0.594861
33.5431
0.820494
0.839587
0.967655
1.07784
1.15756
1.17415
1.16032
1.13426
1.10932
1.06139
0.926587
0.773568
0.730273
0.719893
0.730808
0.753103
0.778716
0.800049
0.813539
0.819825
0.8207
0.820455
0.817616
0.802677
0.778057
0.720101
0.616442
0.546906
0.530308
0.529793
0.538204
0.54843
0.557366
0.564992
0.572234
0.578912
0.585031
0.590037
0.595677
33.5397
0.820822
0.841526
0.972138
1.08361
1.16174
1.17511
1.15908
1.13102
1.10642
1.06105
0.928271
0.775905
0.732797
0.721556
0.730665
0.750501
0.774266
0.795459
0.810435
0.81931
0.821916
0.822769
0.819643
0.803422
0.775788
0.713489
0.608515
0.542819
0.528304
0.529708
0.539356
0.549682
0.557629
0.563984
0.570257
0.577088
0.584373
0.590645
0.596766
33.535
0.819108
0.842175
0.975452
1.08842
1.16413
1.17433
1.15556
1.12704
1.10315
1.05929
0.928177
0.777157
0.734596
0.723128
0.730631
0.748468
0.770721
0.792217
0.809171
0.820409
0.824554
0.824505
0.819254
0.801187
0.770259
0.704682
0.600491
0.539497
0.527595
0.530843
0.541215
0.551135
0.557973
0.563184
0.568441
0.575217
0.583546
0.591412
0.598587
33.5275
0.81457
0.840624
0.977365
1.0922
1.16425
1.17177
1.15052
1.12361
1.1006
1.0564
0.926065
0.777393
0.735723
0.724606
0.731059
0.747103
0.768192
0.790593
0.809979
0.823547
0.82822
0.826094
0.817796
0.796537
0.762634
0.694635
0.592854
0.537341
0.528168
0.533017
0.543482
0.552594
0.55848
0.562942
0.567707
0.574437
0.583211
0.592532
0.601446
33.5131
0.807114
0.837384
0.978797
1.09622
1.1645
1.16989
1.14671
1.12179
1.09883
1.05204
0.921353
0.776637
0.735928
0.725084
0.731122
0.746171
0.76687
0.790615
0.812752
0.828222
0.832752
0.827725
0.815437
0.791686
0.755583
0.685158
0.586118
0.536519
0.530193
0.535799
0.545623
0.553703
0.558979
0.563183
0.568052
0.574858
0.583785
0.594087
0.605143
33.4917
0.798362
0.833065
0.980894
1.10157
1.16658
1.16893
1.1457
1.12198
1.098
1.04655
0.914131
0.77448
0.735778
0.725563
0.731324
0.745775
0.766552
0.792136
0.817314
0.83395
0.837923
0.829344
0.814032
0.7882
0.750396
0.677188
0.580826
0.53666
0.533005
0.538403
0.547095
0.554276
0.559202
0.563508
0.56867
0.575449
0.58427
0.595085
0.608289
33.4737
0.789937
0.829189
0.984654
1.10858
1.17072
1.16928
1.14767
1.12412
1.098
1.04013
0.905133
0.771495
0.735803
0.72644
0.732154
0.746407
0.767637
0.795037
0.822583
0.840699
0.843248
0.831434
0.814284
0.786558
0.747271
0.671102
0.577183
0.538201
0.536038
0.540297
0.547904
0.554305
0.559114
0.563616
0.568986
0.575657
0.584259
0.595269
0.609963
33.4574
0.782352
0.827069
0.990266
1.11728
1.17649
1.17233
1.15232
1.12824
1.09852
1.03322
0.895158
0.768251
0.736054
0.727639
0.733891
0.748616
0.77067
0.799666
0.828757
0.846922
0.8479
0.834418
0.816612
0.786784
0.746443
0.666893
0.575235
0.540914
0.538979
0.54197
0.548402
0.553858
0.5586
0.563416
0.568943
0.575465
0.583785
0.594675
0.610102
33.4491
0.776711
0.827324
0.997469
1.12752
1.18405
1.17877
1.15957
1.13338
1.09944
1.02634
0.884577
0.764941
0.736651
0.729591
0.737248
0.753397
0.776502
0.806283
0.835145
0.85281
0.852288
0.838689
0.821048
0.789056
0.747496
0.664182
0.574509
0.544648
0.542161
0.543884
0.548477
0.552894
0.557405
0.562553
0.56836
0.57492
0.583014
0.593618
0.608939
33.4483
0.773858
0.83036
1.00566
1.13879
1.19311
1.1871
1.16758
1.13935
1.10046
1.01959
0.873516
0.761638
0.73735
0.732463
0.742364
0.760918
0.785374
0.814532
0.841074
0.857343
0.857221
0.844403
0.827197
0.793751
0.750447
0.662846
0.574995
0.548833
0.544662
0.5451
0.548413
0.552027
0.556113
0.56127
0.567352
0.574518
0.58265
0.592812
0.607317
33.4512
0.773921
0.835713
1.0146
1.14951
1.20134
1.19511
1.17541
1.1444
1.10095
1.01278
0.861977
0.758321
0.737943
0.73601
0.748834
0.770501
0.796444
0.823901
0.846916
0.860912
0.862044
0.851236
0.83437
0.800968
0.755553
0.662721
0.576542
0.552841
0.546498
0.546736
0.549166
0.551936
0.555465
0.560503
0.566902
0.574511
0.58299
0.592899
0.606449
33.4512
0.77821
0.843282
1.02422
1.15762
1.20666
1.20014
1.18006
1.14791
1.10123
1.00568
0.850027
0.755293
0.738356
0.73985
0.75661
0.781685
0.808596
0.833423
0.85274
0.864095
0.866419
0.858807
0.841556
0.810565
0.762105
0.663428
0.579043
0.557366
0.549869
0.549938
0.551527
0.553345
0.556135
0.5607
0.567299
0.575735
0.584485
0.59407
0.606608
33.449
0.786176
0.854457
1.03401
1.16251
1.20881
1.20131
1.18115
1.14922
1.10097
0.998481
0.838198
0.75248
0.739072
0.744999
0.765644
0.793054
0.819513
0.841476
0.857918
0.867341
0.870518
0.866487
0.849146
0.821354
0.769528
0.664832
0.582722
0.562855
0.555059
0.555063
0.55594
0.556758
0.558559
0.562402
0.568811
0.577433
0.586679
0.59619
0.60769
33.4485
0.795062
0.865233
1.04303
1.16548
1.20911
1.2004
1.18007
1.14835
1.09979
0.991115
0.827152
0.750245
0.74116
0.75075
0.773994
0.801935
0.827271
0.846932
0.861565
0.870466
0.874667
0.873839
0.857693
0.833206
0.777233
0.666795
0.587649
0.569276
0.561796
0.56184
0.562228
0.562326
0.56307
0.565829
0.571626
0.579864
0.589173
0.59862
0.60922
33.4453
0.803469
0.874993
1.05122
1.16781
1.20869
1.19832
1.17677
1.14559
1.09757
0.983812
0.81739
0.748778
0.744034
0.755561
0.779784
0.807081
0.831264
0.849602
0.863662
0.873127
0.878498
0.880401
0.866824
0.845413
0.784997
0.668751
0.59284
0.575896
0.56918
0.569575
0.56989
0.56965
0.569618
0.571337
0.576012
0.583209
0.591765
0.60075
0.610731
33.4248
0.810343
0.883737
1.05922
1.17087
1.20868
1.1968
1.17326
1.14193
1.09502
0.977336
0.80936
0.747708
0.746315
0.75859
0.782823
0.809011
0.831961
0.850263
0.865065
0.875846
0.882493
0.886817
0.875901
0.857308
0.792522
0.670504
0.598016
0.581953
0.576139
0.577116
0.577815
0.577604
0.577278
0.578351
0.581789
0.587261
0.594307
0.602132
0.611625
33.4044
0.813413
0.890441
1.06695
1.1755
1.21003
1.19703
1.17081
1.13886
1.0931
0.972241
0.803435
0.746821
0.747062
0.759579
0.7833
0.808172
0.83028
0.84916
0.865448
0.87822
0.886565
0.892787
0.88445
0.868027
0.799197
0.671628
0.602112
0.586344
0.581408
0.582925
0.584288
0.584653
0.584747
0.585701
0.588035
0.591636
0.596466
0.602513
0.611409
33.3845
0.813545
0.895673
1.07428
1.18105
1.21221
1.19849
1.16969
1.13692
1.09197
0.968412
0.799361
0.746023
0.746774
0.759018
0.781527
0.805317
0.826829
0.846838
0.865557
0.880694
0.89119
0.899229
0.892799
0.876831
0.803983
0.671721
0.604064
0.58814
0.583956
0.586079
0.58837
0.589711
0.590673
0.591972
0.593547
0.595418
0.598005
0.602163
0.610408
33.3721
0.813224
0.899702
1.08043
1.18627
1.21452
1.1999
1.16902
1.13591
1.09207
0.966166
0.796919
0.745448
0.7459
0.757566
0.778986
0.801762
0.823093
0.844116
0.86521
0.882575
0.895328
0.90479
0.899323
0.882969
0.806587
0.671088
0.604475
0.588099
0.58409
0.586566
0.589604
0.591986
0.59399
0.595999
0.597261
0.598002
0.599003
0.601718
0.609104
33.3542
0.814024
0.902758
1.08425
1.18932
1.21621
1.20113
1.16897
1.13516
1.09106
0.963755
0.79503
0.745084
0.745263
0.756434
0.777332
0.799451
0.820608
0.842094
0.864409
0.883794
0.898246
0.908626
0.903644
0.886944
0.80855
0.670738
0.604144
0.5876
0.583548
0.585879
0.589052
0.592006
0.595147
0.597718
0.599123
0.59943
0.599602
0.601315
0.60799
0.590273
0.596064
0.608133
0.620997
0.621079
0.605543
0.544644
0.5007
0.496887
0.505139
0.517179
0.53001
0.540668
0.54902
0.556505
0.564714
0.574526
0.58643
0.600641
0.618536
0.641475
0.665836
0.675127
0.672067
0.641304
0.576248
0.543198
0.537525
0.539483
0.549728
0.565139
0.580018
0.590759
0.597819
0.600883
0.602479
0.607249
0.618106
0.634688
0.648186
0.654195
0.645202
0.609141
0.564089
0.54983
0.550438
0.557523
0.568426
0.580615
0.590916
0.599429
0.608046
0.616913
0.625581
0.635883
0.644198
0.646498
0.64641
0.635521
0.605032
0.577445
0.571239
0.573761
0.580973
0.593228
0.607827
0.625997
0.650701
0.68495
0.716365
0.731695
0.713249
0.663272
0.581715
0.531265
0.516795
0.508339
0.50684
0.509495
0.518505
0.591538
0.597329
0.606198
0.612998
0.612058
0.59253
0.535241
0.501997
0.501677
0.509708
0.520917
0.532409
0.542185
0.550335
0.558153
0.566793
0.576957
0.589061
0.603643
0.621878
0.644165
0.660994
0.663571
0.657525
0.622022
0.562775
0.539999
0.536887
0.541958
0.55451
0.571014
0.585646
0.595496
0.60171
0.604458
0.606932
0.612466
0.624084
0.639566
0.648461
0.650309
0.636001
0.597516
0.559055
0.552722
0.555687
0.563518
0.574414
0.585767
0.59513
0.603825
0.612255
0.620008
0.628159
0.637799
0.645329
0.646475
0.644447
0.630413
0.598851
0.576842
0.575048
0.579905
0.590088
0.604123
0.620844
0.639402
0.658782
0.675113
0.686282
0.689047
0.673193
0.636704
0.605127
0.554285
0.521732
0.509624
0.508283
0.511125
0.51931
0.593265
0.601315
0.611595
0.616712
0.617311
0.591224
0.530199
0.502274
0.504483
0.51227
0.522956
0.533747
0.543086
0.551349
0.559748
0.568873
0.57908
0.590566
0.603664
0.6206
0.642171
0.656405
0.65788
0.650397
0.608691
0.551646
0.537465
0.537068
0.544977
0.560311
0.576911
0.590133
0.598766
0.60402
0.606983
0.610269
0.616431
0.629407
0.644096
0.647506
0.646347
0.630299
0.589622
0.55815
0.554735
0.55734
0.565104
0.576369
0.588079
0.597972
0.60564
0.612394
0.61964
0.628245
0.638567
0.646347
0.646094
0.642502
0.626842
0.595708
0.577843
0.577306
0.582048
0.593433
0.610557
0.629076
0.644506
0.655221
0.658995
0.655677
0.64787
0.642001
0.636721
0.627565
0.58806
0.532388
0.51196
0.510082
0.511864
0.519067
0.596262
0.60677
0.617928
0.619977
0.61709
0.586887
0.528187
0.504208
0.506844
0.514532
0.525037
0.535809
0.545464
0.554148
0.563051
0.572368
0.582028
0.592325
0.60411
0.619865
0.639853
0.650943
0.651416
0.638398
0.589983
0.54171
0.536012
0.539896
0.551263
0.567278
0.582381
0.593516
0.6009
0.60595
0.60996
0.615314
0.62285
0.635533
0.646545
0.646306
0.641435
0.622844
0.58223
0.559577
0.55835
0.561662
0.569983
0.581917
0.593627
0.602606
0.60873
0.61362
0.619927
0.629416
0.641034
0.648508
0.647343
0.640881
0.622652
0.593309
0.581431
0.584496
0.592542
0.606272
0.620833
0.630823
0.636081
0.634522
0.623111
0.611949
0.613442
0.626419
0.638329
0.642217
0.617598
0.549168
0.516019
0.512294
0.511822
0.518309
0.60031
0.612746
0.622978
0.622902
0.615754
0.584986
0.527946
0.505556
0.508399
0.516415
0.527192
0.538412
0.548516
0.557871
0.567253
0.576247
0.584633
0.593153
0.60393
0.619369
0.637686
0.645883
0.644765
0.625578
0.572381
0.535289
0.534925
0.543375
0.556017
0.570843
0.583966
0.593442
0.600316
0.606259
0.612129
0.619781
0.628624
0.640482
0.647112
0.644642
0.636611
0.614786
0.576133
0.560745
0.562471
0.567343
0.576657
0.588767
0.599619
0.607122
0.611336
0.614539
0.620046
0.630376
0.643336
0.650455
0.648907
0.640987
0.620235
0.591471
0.584306
0.589655
0.598696
0.610754
0.619621
0.622787
0.616472
0.601002
0.587403
0.586552
0.597334
0.621265
0.643007
0.650439
0.63426
0.572071
0.522461
0.514289
0.511211
0.517173
0.605059
0.618457
0.627124
0.625142
0.615715
0.584153
0.52777
0.506913
0.509734
0.51846
0.530133
0.542226
0.552791
0.562242
0.571055
0.578646
0.585609
0.593135
0.603718
0.619405
0.635959
0.640886
0.637439
0.612199
0.558057
0.53195
0.534374
0.545041
0.556978
0.569649
0.580993
0.589495
0.596927
0.605003
0.613235
0.622984
0.633229
0.644157
0.646983
0.642541
0.632273
0.606022
0.570924
0.56206
0.565103
0.571679
0.583052
0.596274
0.606342
0.611864
0.614106
0.616196
0.621747
0.63316
0.646533
0.6526
0.65092
0.641614
0.618718
0.589938
0.583895
0.588939
0.596707
0.60422
0.606022
0.597354
0.583383
0.574096
0.572527
0.578732
0.598873
0.625621
0.646704
0.653501
0.643223
0.596471
0.536101
0.518017
0.512743
0.517498
0.610123
0.623351
0.630807
0.628032
0.616845
0.584257
0.528173
0.507528
0.510492
0.520472
0.533635
0.546675
0.557288
0.565922
0.573473
0.579893
0.585955
0.593255
0.604167
0.619556
0.633535
0.636179
0.630281
0.600695
0.549019
0.532034
0.535481
0.544566
0.554556
0.565603
0.575211
0.582633
0.590701
0.600936
0.611985
0.623948
0.635561
0.645793
0.646601
0.640552
0.629328
0.598051
0.565816
0.56098
0.566462
0.574994
0.587946
0.601671
0.611708
0.617316
0.618891
0.620111
0.625489
0.636746
0.649387
0.65437
0.652743
0.642
0.614464
0.584185
0.577181
0.581883
0.586965
0.586921
0.578576
0.568397
0.565203
0.564609
0.570688
0.585855
0.607963
0.631878
0.648141
0.655706
0.650607
0.617702
0.567719
0.533238
0.519576
0.522817
0.61436
0.627044
0.633327
0.630561
0.618963
0.584636
0.528701
0.507274
0.510772
0.522339
0.537216
0.550977
0.56098
0.568351
0.574539
0.580107
0.585837
0.593637
0.605114
0.619943
0.62999
0.630948
0.622946
0.591264
0.545062
0.53349
0.537184
0.544525
0.55224
0.560863
0.568869
0.576143
0.584395
0.59569
0.609348
0.62325
0.63588
0.645171
0.64599
0.639284
0.626711
0.590518
0.560442
0.558577
0.565184
0.576919
0.592536
0.607271
0.617556
0.62271
0.624866
0.626841
0.631244
0.640601
0.650587
0.654702
0.653486
0.638903
0.602848
0.572023
0.563581
0.562959
0.561956
0.558928
0.557339
0.558012
0.559493
0.567283
0.580905
0.598455
0.616953
0.639215
0.656039
0.663145
0.655385
0.628457
0.596322
0.575739
0.558096
0.551987
0.617517
0.629773
0.634974
0.632011
0.620307
0.58465
0.528885
0.506994
0.510887
0.523732
0.540244
0.554596
0.563515
0.569571
0.574814
0.580481
0.586635
0.594971
0.606447
0.619555
0.625807
0.625531
0.616354
0.584581
0.544819
0.534584
0.537652
0.541759
0.548152
0.555685
0.563109
0.570728
0.580052
0.592057
0.606488
0.620949
0.634228
0.643208
0.644817
0.639518
0.623184
0.583688
0.556812
0.55533
0.562583
0.577242
0.595268
0.611068
0.622041
0.628471
0.631427
0.63245
0.635752
0.642193
0.64907
0.65083
0.648087
0.628576
0.583764
0.551188
0.540134
0.537076
0.538228
0.54481
0.551256
0.557322
0.56629
0.579548
0.594864
0.613137
0.634632
0.656141
0.667251
0.668245
0.656812
0.631128
0.605662
0.602085
0.605136
0.609165
0.618687
0.631157
0.635633
0.632116
0.620358
0.583754
0.52858
0.507171
0.511039
0.52431
0.54145
0.556095
0.564642
0.5702
0.575274
0.581464
0.588752
0.597579
0.608285
0.617896
0.621052
0.620212
0.611185
0.580893
0.545777
0.535412
0.53666
0.539067
0.545135
0.552808
0.560521
0.568342
0.577797
0.589785
0.60317
0.617117
0.631372
0.642111
0.644919
0.640452
0.619239
0.577412
0.554011
0.552784
0.560248
0.576189
0.595041
0.611294
0.62303
0.630934
0.635341
0.636751
0.638734
0.641563
0.644802
0.643586
0.636769
0.606563
0.5575
0.530051
0.523645
0.524242
0.530802
0.54145
0.55451
0.567717
0.58028
0.595961
0.616271
0.634102
0.650106
0.666008
0.670666
0.667652
0.65509
0.6288
0.607138
0.60891
0.618779
0.629864
0.617258
0.630157
0.635432
0.631855
0.62013
0.582735
0.528298
0.508099
0.511432
0.524168
0.541214
0.556139
0.565317
0.571241
0.57704
0.583619
0.591309
0.599518
0.608467
0.614886
0.616183
0.616148
0.607851
0.579387
0.547042
0.536915
0.535395
0.537465
0.543655
0.552103
0.561062
0.569735
0.578672
0.588894
0.600222
0.613642
0.629999
0.642092
0.647443
0.641919
0.615434
0.572777
0.553388
0.551694
0.55961
0.573665
0.591042
0.606506
0.618478
0.627722
0.634188
0.637692
0.639603
0.640287
0.639416
0.631176
0.616045
0.581486
0.541376
0.524549
0.52038
0.521602
0.530644
0.546641
0.565554
0.583206
0.601385
0.618747
0.63237
0.64276
0.654079
0.668114
0.670802
0.665182
0.651463
0.622207
0.604923
0.607234
0.617934
0.631254
0.614291
0.62864
0.635469
0.631854
0.619866
0.582059
0.528397
0.509862
0.512071
0.523482
0.539908
0.555613
0.566941
0.574127
0.580101
0.586298
0.593918
0.601521
0.608106
0.611919
0.612411
0.613918
0.607084
0.579989
0.548983
0.538785
0.535783
0.538419
0.545911
0.555925
0.566099
0.57505
0.582629
0.590021
0.599234
0.612382
0.630057
0.643487
0.651032
0.643392
0.612462
0.57016
0.554858
0.552865
0.558898
0.569992
0.583589
0.596581
0.607148
0.616053
0.623557
0.629619
0.634044
0.633895
0.627058
0.614694
0.598921
0.571278
0.539621
0.526752
0.522519
0.524776
0.536449
0.556402
0.582692
0.605657
0.620914
0.629567
0.635062
0.641912
0.654079
0.66722
0.666307
0.656425
0.641055
0.612722
0.597925
0.599429
0.607796
0.622173
0.610647
0.626263
0.634909
0.631874
0.619885
0.581908
0.5294
0.512421
0.51311
0.5227
0.538069
0.554622
0.568446
0.577759
0.584912
0.591599
0.597819
0.602794
0.607221
0.610434
0.611036
0.614056
0.607691
0.581643
0.551759
0.542151
0.538875
0.542621
0.55201
0.563701
0.574853
0.583496
0.589201
0.59399
0.60142
0.614786
0.63242
0.646136
0.654789
0.645347
0.610117
0.568804
0.557372
0.555219
0.558531
0.565338
0.573947
0.582571
0.589857
0.596437
0.603493
0.611659
0.61946
0.622651
0.620549
0.612316
0.599773
0.57263
0.542562
0.532311
0.528661
0.532897
0.547247
0.572872
0.59956
0.619124
0.628676
0.632066
0.635365
0.640647
0.650065
0.658482
0.655768
0.646565
0.632819
0.605561
0.590217
0.58956
0.593496
0.606439
0.60728
0.623722
0.633714
0.632552
0.620595
0.582382
0.531243
0.515735
0.514654
0.522313
0.53677
0.554569
0.57176
0.584953
0.593342
0.599277
0.602876
0.604461
0.607012
0.611187
0.613112
0.6164
0.60874
0.581727
0.553173
0.546362
0.544973
0.549905
0.560741
0.574199
0.585896
0.593219
0.597461
0.601266
0.608096
0.621265
0.638366
0.65075
0.657716
0.644701
0.605998
0.566861
0.558304
0.555877
0.55658
0.55991
0.565127
0.569886
0.574074
0.578193
0.58405
0.593639
0.606937
0.61963
0.62282
0.618892
0.607693
0.577956
0.547604
0.539936
0.538462
0.544516
0.560792
0.583394
0.605149
0.621425
0.629958
0.631194
0.631329
0.633701
0.641772
0.648732
0.648021
0.642335
0.629945
0.602478
0.585766
0.584486
0.586809
0.59978
0.604662
0.621539
0.632184
0.6347
0.622287
0.583382
0.533456
0.519142
0.516486
0.522736
0.536651
0.555678
0.575424
0.591679
0.601094
0.60498
0.606297
0.606783
0.609302
0.615155
0.617655
0.619121
0.609201
0.580541
0.554211
0.550024
0.551864
0.559831
0.57269
0.586233
0.5966
0.602555
0.605724
0.610116
0.618285
0.631879
0.647485
0.655852
0.6598
0.644189
0.600899
0.565878
0.55967
0.55567
0.554074
0.555382
0.558545
0.562437
0.566003
0.569676
0.575456
0.58687
0.605313
0.623014
0.631485
0.631492
0.617238
0.583384
0.551364
0.546042
0.547948
0.556193
0.569854
0.586096
0.602682
0.6169
0.624566
0.625848
0.624936
0.626778
0.635807
0.643713
0.644625
0.641482
0.629866
0.601813
0.584222
0.58322
0.585059
0.598334
0.603009
0.619708
0.63099
0.636503
0.624643
0.584064
0.535032
0.521765
0.518223
0.523746
0.537644
0.557507
0.578013
0.594937
0.604003
0.606224
0.606474
0.607918
0.612188
0.619003
0.621476
0.619752
0.607682
0.576993
0.553527
0.55265
0.559492
0.569611
0.582413
0.594758
0.603717
0.608218
0.611462
0.618061
0.629018
0.64238
0.655346
0.659885
0.658843
0.639594
0.593334
0.564006
0.558845
0.554803
0.552793
0.55441
0.558702
0.56372
0.567981
0.572221
0.578419
0.590989
0.612496
0.631726
0.641891
0.642342
0.622472
0.584774
0.552713
0.549947
0.555681
0.564365
0.575661
0.587152
0.598764
0.607609
0.615264
0.619525
0.620469
0.623786
0.633427
0.642022
0.644092
0.643164
0.631843
0.603184
0.584728
0.582955
0.583577
0.596873
0.60224
0.61824
0.629676
0.637638
0.626161
0.583901
0.53602
0.523515
0.520102
0.525943
0.539504
0.558649
0.577815
0.592807
0.600943
0.604052
0.605478
0.608729
0.614812
0.622192
0.624584
0.619744
0.604612
0.571768
0.551542
0.553149
0.562912
0.575517
0.588242
0.598886
0.606066
0.610414
0.614852
0.623248
0.635798
0.649538
0.658957
0.659662
0.654119
0.628712
0.58245
0.560284
0.557367
0.556595
0.55798
0.562914
0.569474
0.575911
0.58144
0.58706
0.595207
0.609443
0.630902
0.647551
0.654435
0.651069
0.62508
0.584362
0.553274
0.55293
0.560666
0.568792
0.576858
0.584472
0.590601
0.598114
0.60731
0.615161
0.618386
0.623194
0.633211
0.643007
0.646112
0.646974
0.63543
0.605644
0.585613
0.582932
0.58274
0.595611
0.602161
0.617193
0.627901
0.63711
0.625775
0.581797
0.535737
0.524509
0.522107
0.528597
0.541376
0.55803
0.574339
0.587037
0.595618
0.601434
0.605963
0.611229
0.618691
0.62562
0.62684
0.619748
0.601531
0.566538
0.548507
0.551193
0.562143
0.576353
0.589793
0.599365
0.60588
0.611294
0.618036
0.62744
0.639845
0.651604
0.656953
0.654699
0.64537
0.618133
0.576228
0.558679
0.558199
0.562496
0.567745
0.574238
0.580803
0.586865
0.592961
0.600565
0.611135
0.625703
0.645987
0.660275
0.665648
0.658185
0.629975
0.584486
0.554743
0.555123
0.562981
0.569926
0.57621
0.580795
0.585131
0.592002
0.600924
0.610329
0.617149
0.623513
0.634607
0.645561
0.650035
0.652733
0.639215
0.607462
0.58596
0.582486
0.582373
0.595029
0.602582
0.616298
0.625236
0.634401
0.622719
0.577007
0.533495
0.524516
0.524016
0.531026
0.542482
0.555531
0.568176
0.579883
0.589905
0.598104
0.605705
0.612794
0.621065
0.627702
0.627253
0.619197
0.598056
0.561083
0.544464
0.547304
0.558435
0.572609
0.586012
0.596248
0.604214
0.611617
0.619318
0.628391
0.638739
0.647274
0.650064
0.646489
0.63747
0.614348
0.576125
0.560046
0.561001
0.568408
0.575471
0.583297
0.590334
0.596299
0.602559
0.610869
0.621907
0.635148
0.652069
0.663267
0.669388
0.666508
0.636854
0.588319
0.559251
0.557498
0.562412
0.568047
0.574012
0.578907
0.583314
0.58872
0.595958
0.604689
0.614272
0.624393
0.637831
0.650198
0.655897
0.658312
0.640805
0.607118
0.58578
0.582118
0.58233
0.595013
0.603365
0.615559
0.62188
0.629275
0.616484
0.569754
0.530227
0.524294
0.52542
0.532552
0.542326
0.55226
0.561662
0.571681
0.583491
0.59579
0.606367
0.615361
0.624157
0.629891
0.627712
0.619035
0.595145
0.55647
0.540825
0.54391
0.55229
0.564375
0.57804
0.591078
0.602009
0.611498
0.619965
0.627203
0.633649
0.638626
0.641386
0.639039
0.633719
0.614538
0.578675
0.562433
0.56361
0.572443
0.581104
0.589162
0.595983
0.601929
0.608636
0.61748
0.62827
0.639798
0.653952
0.662649
0.668188
0.672878
0.652461
0.597401
0.566881
0.561585
0.560983
0.565324
0.572035
0.578274
0.582759
0.58678
0.591792
0.599589
0.611191
0.625651
0.642949
0.65647
0.662282
0.661536
0.640523
0.605856
0.585711
0.582058
0.583356
0.596287
0.60418
0.614778
0.618842
0.623139
0.608123
0.560495
0.52683
0.524578
0.52655
0.533376
0.541348
0.548076
0.555087
0.56477
0.578746
0.594853
0.609042
0.619327
0.628223
0.632621
0.628895
0.619518
0.592974
0.552899
0.537498
0.539266
0.54403
0.554109
0.568967
0.58587
0.601234
0.612187
0.620526
0.624756
0.627281
0.630516
0.63429
0.63509
0.632606
0.61669
0.582469
0.564693
0.565494
0.573424
0.581959
0.590896
0.598293
0.604602
0.611216
0.619394
0.628797
0.638738
0.651178
0.660527
0.667368
0.674902
0.669616
0.620461
0.578264
0.568595
0.562491
0.564697
0.571477
0.577906
0.582465
0.585357
0.588674
0.595986
0.609258
0.626756
0.647493
0.662378
0.667495
0.662095
0.638371
0.603711
0.585534
0.582043
0.584534
0.597847
0.605452
0.614514
0.61672
0.617745
0.599649
0.551649
0.524894
0.52474
0.527795
0.534061
0.540335
0.545611
0.551102
0.560576
0.575586
0.593838
0.61169
0.624337
0.633995
0.636392
0.631271
0.621251
0.591921
0.550373
0.535481
0.533938
0.536312
0.545722
0.561647
0.58078
0.598966
0.612664
0.619878
0.621126
0.621971
0.625556
0.632383
0.635129
0.634062
0.62035
0.586019
0.564759
0.564241
0.56989
0.577388
0.586848
0.596002
0.60367
0.610971
0.618761
0.626366
0.634651
0.646308
0.659019
0.669145
0.674741
0.677627
0.643145
0.596571
0.577068
0.568433
0.567872
0.571828
0.577751
0.582299
0.58445
0.58689
0.59416
0.608659
0.629479
0.652037
0.66591
0.66975
0.660117
0.635622
0.601658
0.585201
0.582291
0.585368
0.598877
0.607929
0.61587
0.616372
0.614469
0.592774
0.544946
0.523829
0.525308
0.529263
0.534817
0.540601
0.545479
0.550382
0.559376
0.574206
0.593094
0.61275
0.628693
0.640342
0.641685
0.635247
0.624601
0.592052
0.548456
0.533176
0.528873
0.531124
0.540896
0.557039
0.577725
0.597243
0.612128
0.618148
0.618017
0.619266
0.624633
0.633956
0.637103
0.63573
0.621983
0.58788
0.563469
0.561169
0.563238
0.569603
0.580332
0.592152
0.602162
0.610291
0.616884
0.622406
0.630117
0.642864
0.658214
0.67094
0.675432
0.673453
0.648414
0.60982
0.590396
0.58024
0.575404
0.575035
0.578871
0.582645
0.584122
0.586584
0.594601
0.610535
0.63266
0.6537
0.666867
0.669098
0.656717
0.633323
0.600299
0.585462
0.583352
0.586413
0.599901
0.61216
0.619107
0.618131
0.613457
0.588051
0.540591
0.523364
0.526187
0.530426
0.536019
0.542196
0.547614
0.553152
0.561705
0.575056
0.593094
0.6131
0.631796
0.646009
0.648621
0.641097
0.629221
0.592457
0.546287
0.530467
0.525383
0.52892
0.539339
0.555377
0.575793
0.594912
0.608548
0.614367
0.616
0.619024
0.626336
0.636514
0.639542
0.637324
0.623258
0.588682
0.560702
0.556661
0.557117
0.563484
0.575598
0.589955
0.602193
0.610279
0.615202
0.619917
0.628542
0.642805
0.659749
0.672934
0.676295
0.668563
0.642472
0.611283
0.600144
0.595193
0.588832
0.583301
0.581467
0.583151
0.58547
0.588655
0.597355
0.613752
0.634347
0.654371
0.665366
0.666381
0.653628
0.631713
0.600134
0.587102
0.585876
0.58853
0.602091
0.617759
0.624469
0.622201
0.615066
0.58505
0.537099
0.522783
0.526513
0.531056
0.537626
0.545027
0.551888
0.55848
0.566453
0.577906
0.594037
0.612438
0.633092
0.650295
0.656105
0.648493
0.634135
0.592489
0.543946
0.527978
0.523557
0.528738
0.539643
0.55652
0.575292
0.590672
0.601164
0.607994
0.6136
0.620169
0.628576
0.637959
0.64138
0.638163
0.623761
0.588187
0.557631
0.551955
0.552289
0.559578
0.572979
0.5889
0.602414
0.610216
0.61408
0.618759
0.628518
0.644713
0.662577
0.674923
0.675288
0.661386
0.635698
0.605552
0.600601
0.603457
0.600831
0.592509
0.586275
0.584507
0.587245
0.592879
0.602044
0.616479
0.634188
0.652058
0.660713
0.662412
0.651772
0.630495
0.600746
0.589665
0.589619
0.592129
0.605809
0.623074
0.630479
0.628069
0.618719
0.58309
0.533631
0.521543
0.526051
0.531616
0.539773
0.548813
0.557245
0.564916
0.572779
0.582069
0.59419
0.610004
0.631429
0.652116
0.661946
0.656256
0.63867
0.592228
0.54201
0.526248
0.523196
0.529903
0.543901
0.561514
0.576089
0.585355
0.591832
0.600345
0.610509
0.620884
0.63049
0.639023
0.64277
0.638308
0.62339
0.586755
0.554964
0.54806
0.549156
0.557852
0.572677
0.589427
0.602569
0.609781
0.613383
0.61855
0.629668
0.646701
0.664499
0.67467
0.672463
0.655049
0.62736
0.598114
0.593255
0.600688
0.605331
0.600757
0.593044
0.589459
0.591963
0.598897
0.607261
0.617241
0.630924
0.645608
0.655185
0.658743
0.650468
0.629609
0.6019
0.592057
0.593344
0.596465
0.610178
0.626572
0.635154
0.6342
0.622697
0.581068
0.530091
0.519688
0.524416
0.531139
0.541836
0.55298
0.562913
0.57169
0.57942
0.586485
0.594021
0.606156
0.626851
0.65047
0.663683
0.66317
0.641651
0.592225
0.541213
0.526283
0.525228
0.53578
0.55239
0.567188
0.575617
0.57943
0.583985
0.592991
0.606015
0.619746
0.631532
0.641132
0.644054
0.637435
0.622096
0.585199
0.553062
0.545946
0.5483
0.559207
0.574906
0.590808
0.602444
0.609518
0.614333
0.620915
0.632522
0.648469
0.664078
0.669213
0.665671
0.649825
0.621056
0.590291
0.583518
0.590343
0.60062
0.60414
0.60071
0.59801
0.600677
0.606338
0.611033
0.615938
0.625692
0.639054
0.649099
0.653793
0.648867
0.629411
0.603226
0.593618
0.596122
0.600713
0.61452
0.627947
0.637204
0.638354
0.624966
0.578063
0.526296
0.517237
0.520855
0.529557
0.542969
0.556589
0.567931
0.577369
0.584591
0.58933
0.59358
0.602437
0.620658
0.644905
0.660946
0.666109
0.643052
0.59345
0.541767
0.528754
0.532814
0.54607
0.560229
0.569513
0.573805
0.575382
0.57866
0.586786
0.600701
0.616668
0.631194
0.643902
0.645504
0.636911
0.620467
0.583783
0.551775
0.545372
0.550573
0.562612
0.578086
0.591561
0.601509
0.609508
0.617405
0.626181
0.637084
0.649343
0.660946
0.661905
0.658726
0.646169
0.617269
0.585082
0.575942
0.57971
0.589759
0.601786
0.606761
0.608284
0.610439
0.61281
0.614052
0.615183
0.62175
0.632404
0.641707
0.647365
0.646676
0.629725
0.605567
0.596159
0.598966
0.605568
0.619413
0.627241
0.636853
0.639675
0.624819
0.573235
0.521422
0.512951
0.515982
0.527024
0.542993
0.558819
0.571735
0.581163
0.587385
0.590917
0.593571
0.600063
0.614456
0.637021
0.654035
0.662334
0.643347
0.59613
0.5449
0.536772
0.544198
0.55549
0.564664
0.570596
0.572105
0.573044
0.576199
0.583809
0.596114
0.612343
0.630037
0.645493
0.647778
0.637563
0.619538
0.583292
0.552046
0.547456
0.554771
0.566602
0.579698
0.591139
0.600693
0.610741
0.622324
0.632608
0.64138
0.648437
0.653847
0.652854
0.651951
0.641913
0.613881
0.581992
0.571097
0.568958
0.57851
0.594597
0.60877
0.616584
0.619214
0.619012
0.617039
0.616416
0.62033
0.628603
0.636482
0.64189
0.644136
0.631078
0.610677
0.602487
0.605041
0.613137
0.626795
0.625313
0.634376
0.637737
0.621668
0.566732
0.515851
0.507848
0.510939
0.523564
0.54168
0.559486
0.573795
0.583274
0.588419
0.590929
0.59333
0.598949
0.610041
0.628417
0.644244
0.65369
0.642102
0.600287
0.554009
0.548113
0.55409
0.560618
0.566771
0.569766
0.571275
0.572866
0.576481
0.583497
0.593634
0.60811
0.627957
0.645771
0.650541
0.639726
0.620042
0.584835
0.554526
0.55196
0.559768
0.569554
0.580134
0.590556
0.60138
0.614117
0.628363
0.638975
0.643548
0.646027
0.645584
0.644295
0.644023
0.635923
0.610686
0.580135
0.568045
0.563125
0.570232
0.587408
0.607031
0.620416
0.625464
0.623701
0.620581
0.620052
0.623348
0.629478
0.634532
0.638884
0.642461
0.634227
0.62104
0.616181
0.619351
0.62749
0.639493
0.622913
0.630595
0.632802
0.616282
0.558511
0.509549
0.502393
0.50597
0.519663
0.539691
0.559322
0.573995
0.582775
0.587381
0.589749
0.592764
0.598549
0.607344
0.62098
0.634329
0.642268
0.640745
0.60931
0.568327
0.557282
0.560275
0.562352
0.566932
0.57034
0.572878
0.57578
0.579796
0.585143
0.593162
0.605623
0.625558
0.645351
0.652934
0.644304
0.623484
0.589245
0.559477
0.557283
0.564003
0.571269
0.581
0.592236
0.605397
0.62035
0.634888
0.642819
0.644036
0.642182
0.63993
0.637489
0.636449
0.629502
0.607829
0.579651
0.566981
0.561513
0.56739
0.583215
0.604435
0.619762
0.62778
0.628029
0.625807
0.626366
0.630131
0.635147
0.638785
0.641859
0.645136
0.638135
0.627725
0.625356
0.630457
0.637991
0.647478
0.620842
0.627293
0.626842
0.609184
0.550671
0.503082
0.497416
0.501959
0.516224
0.536931
0.557566
0.572525
0.580745
0.584974
0.588111
0.591991
0.597697
0.605517
0.616312
0.627476
0.633255
0.640791
0.617109
0.577019
0.562095
0.561773
0.562487
0.56636
0.571789
0.577236
0.582276
0.586394
0.589891
0.595146
0.60557
0.623796
0.643831
0.65404
0.651682
0.631184
0.597429
0.566822
0.563425
0.566261
0.572468
0.583971
0.598808
0.614564
0.6288
0.640162
0.644029
0.64305
0.639803
0.636775
0.634249
0.632376
0.625925
0.606349
0.580223
0.568711
0.564719
0.569714
0.583467
0.602629
0.618003
0.627927
0.632355
0.633741
0.636441
0.642114
0.647397
0.649761
0.651107
0.651147
0.639595
0.626397
0.623935
0.62806
0.634441
0.642549
0.619856
0.625787
0.622529
0.603374
0.544414
0.49805
0.494255
0.499907
0.514633
0.534863
0.554182
0.568745
0.57792
0.583559
0.587598
0.591751
0.596602
0.603896
0.614087
0.625203
0.631684
0.642071
0.618522
0.576718
0.560686
0.558914
0.559648
0.565673
0.57377
0.582446
0.590039
0.595049
0.598146
0.601172
0.608484
0.623155
0.641203
0.654613
0.65998
0.643707
0.609495
0.576566
0.570138
0.56814
0.575171
0.590551
0.609806
0.626932
0.6389
0.64372
0.64254
0.641044
0.639399
0.63763
0.635975
0.632862
0.625183
0.606778
0.581932
0.573126
0.572623
0.576932
0.587669
0.602957
0.61681
0.627876
0.63626
0.642339
0.648545
0.655945
0.661786
0.661988
0.659634
0.651928
0.63509
0.618451
0.612667
0.613529
0.616369
0.623228
0.620167
0.625783
0.620403
0.600685
0.54145
0.495827
0.493849
0.501741
0.516711
0.534575
0.550584
0.563905
0.574675
0.582706
0.587938
0.591636
0.595438
0.602913
0.614341
0.627841
0.637249
0.64227
0.613044
0.568223
0.552705
0.551718
0.555465
0.5649
0.575711
0.585951
0.594664
0.600995
0.605779
0.609365
0.614399
0.624281
0.639273
0.653802
0.664941
0.656467
0.622758
0.587463
0.576215
0.571651
0.580661
0.599954
0.621289
0.63644
0.644068
0.643224
0.638065
0.635635
0.637684
0.640156
0.640398
0.63645
0.627319
0.609774
0.585879
0.580941
0.584279
0.58955
0.598151
0.609477
0.619938
0.629648
0.639072
0.646697
0.654001
0.660899
0.665531
0.664652
0.659509
0.647014
0.621017
0.591487
0.573051
0.564227
0.560555
0.566864
0.62197
0.627104
0.620634
0.601299
0.542382
0.497679
0.496812
0.506462
0.519899
0.534646
0.547891
0.559766
0.571351
0.581624
0.588362
0.591637
0.595245
0.603457
0.618178
0.633799
0.643173
0.639622
0.604484
0.555569
0.54117
0.542043
0.550808
0.563862
0.577418
0.588682
0.59729
0.603728
0.609462
0.614469
0.619537
0.626935
0.639064
0.652608
0.668283
0.664581
0.630429
0.5935
0.579192
0.57537
0.586479
0.605446
0.626421
0.640691
0.642263
0.636315
0.630166
0.629643
0.63524
0.641271
0.645425
0.643163
0.632276
0.614961
0.590406
0.58706
0.592577
0.599842
0.608857
0.618326
0.626543
0.631827
0.639458
0.648561
0.657258
0.664053
0.666354
0.662036
0.650251
0.626766
0.589039
0.552579
0.535447
0.529488
0.527338
0.534355
0.624378
0.629679
0.622977
0.605017
0.547347
0.50324
0.501869
0.510503
0.521926
0.534552
0.545888
0.556517
0.56792
0.579423
0.587895
0.59188
0.59676
0.606642
0.623607
0.63917
0.645868
0.63592
0.597713
0.54561
0.530613
0.531558
0.543283
0.559988
0.576382
0.588908
0.597643
0.604482
0.611022
0.617052
0.622937
0.630673
0.640575
0.651993
0.667344
0.666247
0.630431
0.592693
0.580839
0.577738
0.588699
0.60898
0.626334
0.633587
0.630674
0.623221
0.617553
0.619329
0.628395
0.638426
0.646826
0.645468
0.633918
0.617245
0.593498
0.591419
0.596561
0.602899
0.610823
0.620338
0.627677
0.632939
0.638745
0.645329
0.650872
0.653336
0.649599
0.637896
0.617627
0.59281
0.565305
0.540479
0.527943
0.523883
0.522607
0.529796
0.625331
0.632376
0.627788
0.611972
0.555307
0.508834
0.506293
0.512919
0.523228
0.534614
0.544552
0.553712
0.563848
0.575121
0.585568
0.593096
0.600487
0.611711
0.628269
0.641026
0.643702
0.628904
0.590066
0.538006
0.523433
0.525718
0.536476
0.553428
0.571191
0.585083
0.594432
0.601978
0.609064
0.616166
0.624104
0.634014
0.64399
0.651628
0.658098
0.65547
0.622324
0.585167
0.578236
0.57949
0.589923
0.602614
0.609489
0.608734
0.602854
0.597806
0.595891
0.601271
0.614349
0.629776
0.640326
0.640604
0.632334
0.617279
0.593292
0.587639
0.591168
0.596777
0.605484
0.616699
0.625332
0.629036
0.629266
0.627378
0.625324
0.622013
0.615364
0.606552
0.595936
0.582977
0.561261
0.538645
0.529674
0.52781
0.527796
0.53515
0.625155
0.634241
0.634908
0.621123
0.564808
0.51433
0.510275
0.513831
0.522891
0.533759
0.54302
0.550896
0.559343
0.569657
0.582157
0.595236
0.605626
0.617628
0.632462
0.640677
0.634928
0.620359
0.583445
0.533182
0.518935
0.523023
0.533986
0.550062
0.565842
0.578677
0.588263
0.596467
0.604117
0.612396
0.622419
0.635298
0.647526
0.651477
0.64625
0.634809
0.603508
0.573942
0.570928
0.575981
0.580568
0.580668
0.577231
0.572383
0.56882
0.57048
0.575492
0.583208
0.595821
0.612374
0.625243
0.628542
0.625891
0.610724
0.584716
0.573656
0.574209
0.579701
0.589796
0.602187
0.611709
0.614324
0.611387
0.607453
0.605527
0.604591
0.602966
0.600958
0.595797
0.585468
0.565588
0.544869
0.538725
0.538809
0.540435
0.548194
0.623804
0.635324
0.641256
0.628494
0.572198
0.517958
0.51168
0.512914
0.521741
0.532574
0.541638
0.548684
0.555814
0.565266
0.579167
0.595804
0.611071
0.623848
0.635288
0.637364
0.628112
0.613038
0.57787
0.530314
0.517062
0.52206
0.532417
0.547628
0.562425
0.57432
0.583692
0.59144
0.598849
0.607652
0.619017
0.634263
0.649203
0.651894
0.640847
0.619355
0.583023
0.55625
0.556695
0.563792
0.564029
0.559939
0.555653
0.552506
0.552381
0.557629
0.566726
0.575255
0.58475
0.597236
0.608272
0.613307
0.615733
0.600175
0.572172
0.558452
0.555406
0.559374
0.569456
0.582679
0.594251
0.600917
0.603128
0.60266
0.601578
0.600632
0.600528
0.601038
0.599686
0.592889
0.574638
0.553784
0.547544
0.547791
0.548519
0.556187
0.622854
0.636452
0.645305
0.633976
0.577621
0.521266
0.513289
0.512935
0.521
0.531682
0.540594
0.547242
0.553593
0.562618
0.576567
0.594476
0.613834
0.628832
0.638068
0.635265
0.62462
0.608459
0.573699
0.527751
0.515704
0.521275
0.531957
0.546222
0.559946
0.570996
0.580392
0.588554
0.595845
0.604794
0.616988
0.634209
0.650906
0.651438
0.638199
0.613528
0.57201
0.54103
0.543021
0.551645
0.556535
0.551393
0.544526
0.541565
0.543889
0.550727
0.561126
0.569618
0.577266
0.587747
0.596522
0.600257
0.605218
0.590821
0.563521
0.548385
0.543465
0.546463
0.556378
0.570581
0.584151
0.592932
0.596008
0.596093
0.595619
0.596215
0.598658
0.602813
0.606111
0.600922
0.581784
0.560835
0.554846
0.555018
0.55518
0.562576
)
;

boundaryField
{
    inlet
    {
        type            calculated;
        value           uniform 0.140001;
    }
    outlet
    {
        type            calculated;
        value           nonuniform List<scalar> 
40
(
0.518505
0.51931
0.519067
0.518309
0.517173
0.517498
0.522817
0.551987
0.609165
0.629864
0.631254
0.622173
0.606439
0.59978
0.598334
0.596873
0.595611
0.595029
0.595013
0.596287
0.597847
0.598877
0.599901
0.602091
0.605809
0.610178
0.61452
0.619413
0.626795
0.639493
0.647478
0.642549
0.623228
0.566864
0.534355
0.529796
0.53515
0.548194
0.556187
0.562576
)
;
    }
    bottom
    {
        type            symmetryPlane;
    }
    top
    {
        type            symmetryPlane;
    }
    obstacle
    {
        type            calculated;
        value           nonuniform List<scalar> 
80
(
0.590273
0.596064
0.608133
0.620997
0.621079
0.605543
0.544644
0.5007
0.496887
0.505139
0.517179
0.53001
0.540668
0.54902
0.556505
0.564714
0.574526
0.58643
0.600641
0.618536
0.641475
0.665836
0.675127
0.672067
0.641304
0.576248
0.543198
0.537525
0.539483
0.549728
0.565139
0.580018
0.590759
0.597819
0.600883
0.602479
0.607249
0.618106
0.634688
0.648186
0.654195
0.645202
0.609141
0.564089
0.54983
0.550438
0.557523
0.568426
0.580615
0.590916
0.599429
0.608046
0.616913
0.625581
0.635883
0.644198
0.646498
0.64641
0.635521
0.605032
0.577445
0.571239
0.573761
0.580973
0.593228
0.607827
0.625997
0.650701
0.68495
0.716365
0.731695
0.713249
0.663272
0.581715
0.531265
0.516795
0.508339
0.50684
0.509495
0.518505
)
;
    }
    defaultFaces
    {
        type            empty;
    }
}


// ************************************************************************* //
