/*--------------------------------*- C++ -*----------------------------------*\
| =========                 |                                                 |
| \\      /  F ield         | OpenFOAM: The Open Source CFD Toolbox           |
|  \\    /   O peration     | Version:  v1912                                 |
|   \\  /    A nd           | Website:  www.openfoam.com                      |
|    \\/     M anipulation  |                                                 |
\*---------------------------------------------------------------------------*/
FoamFile
{
    version     2.0;
    format      ascii;
    class       volScalarField;
    location    "3.5";
    object      Ma;
}
// * * * * * * * * * * * * * * * * * * * * * * * * * * * * * * * * * * * * * //

dimensions      [0 0 0 0 0 0 0];


internalField   nonuniform List<scalar> 
1000
(
0.33835
0.576304
0.915626
1.01969
0.977364
0.820201
0.558919
0.310859
0.212814
0.320614
0.37781
0.310978
0.570263
0.62275
0.434632
0.144584
0.318385
0.566083
0.732853
0.959117
0.559797
0.335987
0.357925
0.430523
0.450683
0.712539
0.980951
1.2911
1.46715
1.65663
0.685222
0.475716
0.33404
0.245407
0.760201
1.21223
1.53741
1.82471
1.94208
2.0963
0.709682
0.527316
0.263994
0.585851
1.1207
1.60066
1.92665
2.16747
2.27562
2.40649
0.671802
0.489404
0.332691
0.944869
1.49603
1.93092
2.16268
2.34181
2.44302
2.55294
0.457528
0.207755
0.838841
1.45389
1.88253
2.15088
2.29981
2.44258
2.52888
2.61261
0.715575
0.592289
1.3353
1.85467
2.12619
2.29474
2.41541
2.52173
2.57853
2.63355
1.86594
1.90909
2.0598
2.1887
2.31011
2.40663
2.4805
2.54603
2.58556
2.63081
2.22285
2.20101
2.21317
2.29062
2.36772
2.42929
2.48836
2.53869
2.57565
2.61425
2.02633
2.11295
2.20912
2.28807
2.36217
2.41766
2.47353
2.51037
2.54876
2.56924
1.96812
2.06316
2.15695
2.23903
2.30974
2.36172
2.40763
2.43559
2.46454
2.47107
1.95482
2.02622
2.08525
2.13676
2.18118
2.22173
2.25893
2.29145
2.32431
2.34342
1.84867
1.90355
1.96101
2.01836
2.07143
2.12078
2.16687
2.20762
2.24548
2.2696
1.77522
1.82987
1.88336
1.93552
1.99055
2.04011
2.08669
2.12468
2.16145
2.18161
1.70955
1.76368
1.81547
1.86363
1.91147
1.9576
2.0053
2.04464
2.08017
2.09793
1.65272
1.70576
1.75682
1.80389
1.85012
1.89166
1.93239
1.9664
1.99479
2.00563
1.60653
1.65754
1.70671
1.75128
1.79487
1.83159
1.8641
1.88526
1.89572
1.89658
1.57172
1.61932
1.66644
1.70679
1.74514
1.7743
1.789
1.78847
1.7793
1.77145
1.5398
1.58487
1.62673
1.66211
1.69079
1.70174
1.69615
1.68135
1.64
1.6013
1.49922
1.53356
1.56057
1.57532
1.57444
1.56018
1.53542
1.48365
1.39499
1.34624
1.44734
1.45346
1.44763
1.4338
1.4066
1.36226
1.28587
1.20621
1.17429
1.17831
1.32309
1.3041
1.27112
1.22032
1.15751
1.11489
1.10586
1.11726
1.13553
1.14951
1.10337
1.05128
1.01797
1.0113
1.01926
1.03695
1.06717
1.10334
1.13155
1.14508
0.935053
0.940499
0.952865
0.978988
1.01759
1.05762
1.09174
1.11921
1.13806
1.14904
0.978055
1.0179
1.05511
1.08783
1.11748
1.14275
1.16298
1.17826
1.18807
1.19462
1.00331
1.03906
1.07121
1.09953
1.12234
1.14066
1.1556
1.16861
1.17845
1.18443
0.829507
0.864704
0.895595
0.924627
0.951653
0.97709
1.00028
1.02059
1.03611
1.04633
0.652891
0.683827
0.715116
0.74757
0.778534
0.808331
0.835196
0.857019
0.873917
0.882327
0.54227
0.573846
0.605181
0.634227
0.661285
0.684996
0.706592
0.72529
0.738373
0.748747
1.19473
1.22285
1.25096
1.27962
1.30769
1.33688
1.36515
1.39487
1.42487
1.45678
1.20194
1.2295
1.25664
1.28344
1.30908
1.33406
1.35765
1.3808
1.40347
1.4244
1.1915
1.21498
1.2386
1.26108
1.28206
1.30078
1.31665
1.32886
1.33514
1.33365
1.22835
1.23067
1.23314
1.23404
1.23176
1.2249
1.21672
1.20407
1.18442
1.15494
1.30307
1.30618
1.27515
1.23333
1.18469
1.13087
1.07989
1.03033
0.982493
0.948894
1.34681
1.24628
1.13616
1.0543
0.989502
0.938686
0.915103
0.91378
0.92116
0.940743
1.62413
0.905677
0.594194
0.596737
0.661228
0.732708
0.809359
0.873074
0.923715
0.964197
1.92967
0.921415
0.377931
0.381584
0.465625
0.566771
0.642741
0.699832
0.747303
0.789497
2.11225
1.13477
0.423701
0.211319
0.358519
0.459534
0.512296
0.550013
0.585898
0.619727
2.53075
1.72368
0.701294
0.282563
0.366956
0.426267
0.447477
0.463135
0.484496
0.511816
1.53112
1.68601
1.7904
1.86632
1.91601
1.9482
1.96019
1.96219
1.95801
1.97557
1.41955
1.54014
1.63227
1.70413
1.75662
1.7944
1.82025
1.83905
1.85698
1.88671
1.32578
1.41217
1.48746
1.5541
1.61444
1.66943
1.721
1.77039
1.82081
1.87427
1.27259
1.3446
1.41127
1.47451
1.53354
1.58971
1.64211
1.69201
1.73967
1.78573
1.23615
1.29745
1.35625
1.4134
1.46817
1.52052
1.57048
1.61773
1.66461
1.71041
1.21043
1.26271
1.31417
1.36474
1.41447
1.46248
1.50934
1.55424
1.59978
1.64498
1.1916
1.2374
1.28273
1.32789
1.37254
1.41656
1.45982
1.50219
1.54569
1.58952
1.17814
1.21951
1.26053
1.30147
1.34231
1.38262
1.42293
1.46243
1.50385
1.54561
1.16897
1.2069
1.24507
1.28271
1.32103
1.35839
1.39657
1.43366
1.47338
1.51296
1.17034
1.20396
1.23804
1.27206
1.30667
1.3412
1.37605
1.41104
1.4478
1.48547
0.772223
0.876781
0.934703
0.963486
0.976692
0.994399
1.01973
1.06468
1.14037
1.24442
0.749948
0.828674
0.882759
0.917687
0.946873
0.978129
1.01971
1.07346
1.14794
1.23927
0.742233
0.808391
0.861872
0.905275
0.944626
0.984725
1.0293
1.08068
1.14227
1.20955
0.749267
0.809574
0.861276
0.905594
0.946683
0.986854
1.02973
1.07613
1.12902
1.18503
0.76075
0.815934
0.864328
0.906538
0.946558
0.985561
1.02655
1.06943
1.11688
1.16617
0.770776
0.822268
0.867572
0.908518
0.946911
0.985166
1.02396
1.06473
1.10777
1.1527
0.779622
0.82778
0.870759
0.910672
0.947661
0.984961
1.0218
1.06075
1.10036
1.14235
0.790954
0.835254
0.875563
0.913456
0.949257
0.985169
1.02081
1.05789
1.09531
1.13472
0.805162
0.845838
0.883111
0.918333
0.952448
0.986782
1.02143
1.0568
1.09248
1.13003
0.812355
0.852882
0.888114
0.922096
0.956478
0.991617
1.02683
1.06284
1.09838
1.13665
0.778963
0.439746
0.473605
0.473741
0.424126
0.349208
0.279302
0.216917
0.145918
0.0640463
0.214171
0.284041
0.340065
0.344298
0.315875
0.274804
0.242501
0.21003
0.165443
0.113328
0.329924
0.3396
0.329942
0.302609
0.268571
0.246895
0.235323
0.222902
0.203431
0.178098
0.415891
0.395234
0.358576
0.311891
0.272714
0.253223
0.24838
0.248
0.245332
0.233857
0.476977
0.461224
0.415391
0.361579
0.315969
0.291145
0.281422
0.282495
0.286217
0.279774
0.510325
0.5114
0.474223
0.427252
0.386189
0.356176
0.335648
0.329551
0.331458
0.322921
0.561181
0.567682
0.542203
0.506397
0.471707
0.43723
0.408749
0.392797
0.386569
0.371044
0.626104
0.631575
0.612588
0.586315
0.557834
0.526123
0.494164
0.471984
0.458156
0.431891
0.686028
0.689638
0.674817
0.654291
0.633296
0.610045
0.584026
0.561868
0.544569
0.516616
0.768919
0.764732
0.749686
0.734374
0.72014
0.704916
0.68804
0.673903
0.665582
0.663649
2.99971
2.99858
2.99694
2.99116
2.98182
2.95136
2.89214
2.73584
2.36375
1.63518
2.99934
2.99698
2.99324
2.98123
2.95854
2.89621
2.74276
2.39732
1.59191
0.659071
2.99891
2.99523
2.98883
2.97043
2.93184
2.8314
2.58555
2.051
1.09025
0.452256
2.99833
2.99407
2.9852
2.96282
2.91066
2.78353
2.48134
1.84091
0.914165
0.453016
2.99769
2.99262
2.98091
2.95336
2.88791
2.72821
2.36588
1.60124
0.770342
0.46802
2.99702
2.99052
2.97552
2.94032
2.85648
2.65259
2.19894
1.31996
0.621855
0.473467
2.99648
2.98881
2.97121
2.93003
2.83197
2.59612
2.07978
1.16409
0.585397
0.525168
2.99608
2.98757
2.96812
2.92283
2.81515
2.55939
2.00559
1.09249
0.621221
0.603833
2.99587
2.98692
2.96656
2.91932
2.80719
2.54273
1.97255
1.07021
0.670425
0.673111
2.99562
2.98618
2.96474
2.91506
2.79774
2.52188
1.94955
1.09519
0.779379
0.76327
2.99632
2.9884
2.97049
2.92925
2.83235
2.60238
2.10224
1.24051
0.881677
0.842186
2.99777
2.99296
2.98217
2.95756
2.90072
2.7658
2.46236
1.79563
1.10626
0.895475
2.99849
2.99524
2.98793
2.97131
2.93303
2.84336
2.63255
2.1653
1.35857
0.988272
2.9991
2.99716
2.99281
2.98295
2.96036
2.90806
2.78407
2.50125
1.87986
1.21487
2.99959
2.99869
2.99669
2.99218
2.98198
2.95876
2.90512
2.78185
2.48511
1.94802
2.99988
2.9996
2.99899
2.99764
2.99465
2.98803
2.97331
2.94033
2.86535
2.67394
2.99997
2.9999
2.99975
2.99941
2.99868
2.99709
2.99387
2.98561
2.97314
2.9298
3
2.99998
2.99994
2.99986
2.99967
2.99929
2.99846
2.99682
2.99304
2.98861
3.00001
3
2.99999
2.99997
2.99993
2.99984
2.99964
2.99931
2.99832
2.99778
3.00001
3.00001
3
3
2.99998
2.99996
2.99989
2.99979
2.99951
2.99937
0.862934
0.906691
0.95679
0.995586
1.02564
1.05252
1.07912
1.10718
1.13587
1.16832
0.901633
0.921521
0.954051
0.990353
1.02392
1.05468
1.08513
1.11455
1.14435
1.17359
0.975018
0.983744
1.00634
1.03948
1.07316
1.09871
1.11907
1.13567
1.1525
1.16865
1.08379
0.987127
0.973973
1.00126
1.04886
1.10979
1.16063
1.19935
1.22379
1.23647
1.88851
1.7912
1.68626
1.54763
1.39468
1.26016
1.1993
1.19041
1.21724
1.25194
2.64664
2.59198
2.55583
2.46777
2.40064
2.28227
2.18714
2.05037
1.93119
1.73061
2.92403
2.91584
2.8939
2.87442
2.84931
2.80677
2.76385
2.73035
2.68993
2.38055
2.98474
2.98127
2.97599
2.97111
2.96205
2.95903
2.93382
3.0232
2.86432
2.77939
2.99694
2.99706
2.9946
2.99444
2.98811
2.99242
2.9872
2.96439
2.90641
2.80261
2.99904
2.99916
2.99848
2.99879
2.99915
2.99662
2.99603
2.98474
2.96559
2.9595
)
;

boundaryField
{
    inlet
    {
        type            calculated;
        value           uniform 3.00001;
    }
    outlet
    {
        type            calculated;
        value           nonuniform List<scalar> 
30
(
0.320614
0.959117
1.65663
2.0963
2.40649
2.55294
2.61261
2.63355
2.63081
2.61425
2.56924
2.47107
2.34342
2.2696
2.18161
2.09793
2.00563
1.89658
1.77145
1.6013
1.34624
1.17831
1.14951
1.14508
1.14904
1.19462
1.18443
1.04633
0.882327
0.748747
)
;
    }
    top
    {
        type            symmetryPlane;
    }
    bottom
    {
        type            symmetryPlane;
    }
    empty
    {
        type            empty;
    }
    wall
    {
        type            calculated;
        value           uniform 0;
    }
}


// ************************************************************************* //
