/*--------------------------------*- C++ -*----------------------------------*\
| =========                 |                                                 |
| \\      /  F ield         | OpenFOAM: The Open Source CFD Toolbox           |
|  \\    /   O peration     | Version:  v1912                                 |
|   \\  /    A nd           | Website:  www.openfoam.com                      |
|    \\/     M anipulation  |                                                 |
\*---------------------------------------------------------------------------*/
FoamFile
{
    version     2.0;
    format      ascii;
    class       volScalarField;
    location    "3.5";
    object      p;
}
// * * * * * * * * * * * * * * * * * * * * * * * * * * * * * * * * * * * * * //

dimensions      [1 -1 -2 0 0 0 0];


internalField   nonuniform List<scalar> 
1000
(
0.105823
0.0779114
0.0665764
0.0638902
0.0725318
0.0932734
0.126074
0.166481
0.200083
0.275213
0.0998013
0.0790726
0.0665073
0.0623914
0.0702843
0.0802836
0.100926
0.123244
0.145209
0.180542
0.0843038
0.0756636
0.0647705
0.0556869
0.0547495
0.0664815
0.0796792
0.0946137
0.109729
0.13543
0.0718001
0.0684613
0.0608295
0.0585179
0.0570851
0.0618071
0.0722191
0.0855847
0.0979556
0.119841
0.0674066
0.0656231
0.0623288
0.0594189
0.060403
0.0638668
0.0717736
0.0847678
0.0963778
0.11732
0.0686727
0.0668292
0.0695977
0.0685028
0.0711729
0.0791513
0.0954025
0.111023
0.121556
0.139261
0.0718706
0.0708742
0.0692449
0.0745968
0.0880978
0.109409
0.127716
0.142706
0.15268
0.171012
0.0903063
0.0897538
0.0932468
0.106852
0.134872
0.157948
0.175581
0.190654
0.201284
0.21777
0.0495511
0.0743415
0.127989
0.177983
0.207724
0.227762
0.242882
0.254538
0.262678
0.274963
0.106771
0.152213
0.236964
0.281413
0.308957
0.324536
0.33499
0.340101
0.345457
0.350388
0.617048
0.57999
0.549197
0.524797
0.505898
0.486896
0.474496
0.460214
0.455549
0.446536
1.14666
1.00545
0.886263
0.788621
0.716828
0.662484
0.627287
0.595888
0.582484
0.5593
1.34896
1.18728
1.06727
0.975449
0.904121
0.844906
0.7993
0.754457
0.726938
0.68813
1.68015
1.5199
1.37765
1.25114
1.14881
1.06104
0.989693
0.92353
0.879772
0.826053
1.99974
1.8037
1.63873
1.49446
1.36359
1.24995
1.16119
1.0829
1.02986
0.970913
2.29787
2.07911
1.89577
1.73689
1.59976
1.47625
1.36583
1.27084
1.20441
1.14315
2.56715
2.33336
2.13444
1.96027
1.81004
1.67743
1.56528
1.46735
1.39589
1.35095
2.80232
2.5609
2.35334
2.17025
2.01275
1.87804
1.76703
1.68972
1.64068
1.64113
3.00861
2.7651
2.55555
2.37089
2.2151
2.08906
1.99931
1.98619
1.9975
2.03578
3.18862
2.95327
2.75128
2.5758
2.44118
2.34089
2.34316
2.36952
2.44866
2.63271
3.44335
3.23028
3.05863
2.91828
2.87464
2.88878
2.9438
3.07782
3.35564
3.88742
3.8311
3.69611
3.68446
3.7049
3.77352
3.93382
4.26253
4.83428
5.23431
5.31496
4.61875
4.66556
4.78602
5.03917
5.53053
6.0127
6.18018
6.14821
6.05264
5.85853
6.06946
6.56711
7.02819
7.21264
7.18834
7.09388
6.87412
6.5323
6.25509
6.0564
8.39898
8.38427
8.30659
8.11173
7.71449
7.3017
6.9462
6.66657
6.46439
6.34471
9.56816
9.00986
8.50944
8.09696
7.74176
7.44143
7.20353
7.02398
6.90756
6.84731
9.48897
9.08671
8.71733
8.39618
8.14289
7.94838
7.79417
7.67006
7.5615
7.4879
9.54188
9.31795
9.12356
8.93353
8.74457
8.55753
8.37552
8.20664
8.06086
7.96334
10.0138
9.82216
9.60869
9.37783
9.14098
8.9103
8.696
8.50568
8.34985
8.25217
10.0395
9.83226
9.61291
9.39155
9.17502
8.97026
8.78543
8.6236
8.48841
8.39741
5.66747
5.40872
5.15821
4.91977
4.69225
4.47543
4.26846
4.06948
3.87834
3.67933
5.85538
5.61599
5.38009
5.15109
4.93223
4.72607
4.53206
4.34868
4.17797
4.00864
5.84542
5.6709
5.49621
5.32575
5.1616
5.00756
4.86635
4.74461
4.64971
4.60853
5.88225
5.7673
5.66151
5.58004
5.5283
5.51445
5.52044
5.54706
5.61508
5.75978
6.74483
6.38301
6.33079
6.37211
6.48597
6.71736
6.98026
7.30926
7.72732
8.14333
5.49613
6.83213
7.97725
8.64058
9.20418
9.79781
10.2386
10.27
10.2077
10.0188
2.27205
5.7038
11.9111
13.3827
13.217
12.7256
11.8115
11.0164
10.3914
9.9182
2.03956
4.70474
12.1763
12.4439
11.9898
11.198
10.6633
10.3212
10.0504
9.78532
1.56587
3.79661
9.77768
12.8265
11.835
11.0281
10.6811
10.5207
10.3773
10.2045
1.37941
2.28879
5.60502
12.2968
11.7744
11.0363
10.701
10.5255
10.3874
10.2252
2.9695
2.01942
1.50806
1.19558
0.993398
0.861976
0.777821
0.726499
0.699659
0.679003
3.62673
2.82955
2.28696
1.91418
1.66188
1.49481
1.38771
1.32074
1.27824
1.23987
4.21319
3.66025
3.20496
2.82371
2.50606
2.24227
2.02221
1.83508
1.67586
1.52362
4.53556
4.07948
3.6756
3.3106
2.98424
2.69624
2.44483
2.22539
2.03967
1.86778
4.79157
4.39108
4.02606
3.68696
3.37514
3.09206
2.83837
2.61053
2.41105
2.21854
4.98644
4.63214
4.30321
3.99231
3.70083
3.42998
3.18127
2.95176
2.74482
2.53831
5.14936
4.82983
4.52918
4.24211
3.96926
3.71165
3.47058
3.24366
3.03445
2.82049
5.2856
4.99172
4.71264
4.44436
4.18712
3.9414
3.70858
3.4862
3.27802
3.06126
5.39986
5.12414
4.86213
4.60972
4.36655
4.13209
3.90781
3.69104
3.48571
3.26914
5.49184
5.21992
4.96491
4.72239
4.49059
4.26821
4.05475
3.84793
3.65028
3.44107
8.34757
7.24361
6.6103
6.32294
6.19934
6.10571
5.95642
5.70589
5.36183
4.7376
8.29382
7.54025
7.02169
6.70509
6.48816
6.28099
6.02574
5.69113
5.25872
4.66643
8.38269
7.79728
7.32368
6.95756
6.65313
6.36252
6.05572
5.71177
5.31992
4.85771
8.37577
7.84843
7.4013
7.03068
6.70657
6.40445
6.09954
5.77671
5.4289
5.04281
8.35908
7.8742
7.45747
7.10382
6.78836
6.48936
6.19177
5.88515
5.56447
5.22109
8.34267
7.89448
7.50164
7.16182
6.85378
6.56026
6.26976
5.97544
5.67357
5.35854
8.32889
7.91679
7.54287
7.21285
6.9112
6.62421
6.34197
6.05928
5.77268
5.48033
8.299
7.92066
7.57202
7.25834
6.96622
6.68649
6.4116
6.13792
5.86303
5.58815
8.24861
7.89031
7.57213
7.27785
7.0023
6.73318
6.46567
6.20148
5.93906
5.68348
8.29618
7.91948
7.60952
7.33353
7.06007
6.79029
6.52675
6.26761
6.01194
5.77299
5.52558
11.2301
10.8153
10.5461
10.6695
11.0186
11.3794
11.6123
11.8039
11.9613
11.4705
11.3144
10.9939
11.0211
11.1768
11.4582
11.6707
11.8184
11.948
12.0652
10.8214
10.6552
10.6644
10.8132
11.0631
11.2836
11.4637
11.6317
11.7871
11.9259
10.8334
10.7035
10.7399
10.8882
11.0738
11.2223
11.3428
11.4722
11.593
11.7218
10.9554
10.6805
10.733
10.8828
11.0345
11.1309
11.2176
11.3165
11.4057
11.526
10.7801
10.536
10.609
10.7672
10.8808
10.9456
11.0236
11.1174
11.1965
11.33
10.3449
10.178
10.2727
10.4493
10.5461
10.6239
10.722
10.834
10.9289
11.1031
9.76662
9.63082
9.71493
9.89642
10.0404
10.1617
10.2848
10.4256
10.5569
10.8115
9.29362
9.14397
9.19899
9.33614
9.46717
9.58112
9.69594
9.841
10.0001
10.3731
8.87864
8.74266
8.77659
8.85191
8.93404
9.00717
9.08136
9.16801
9.25871
9.67401
1.0002
1.0009
1.00288
1.00634
1.0176
1.03606
1.10506
1.21025
1.67412
2.6352
1.00042
1.00197
1.00626
1.01394
1.03954
1.0809
1.24574
1.56879
2.69534
5.88208
1.00068
1.00328
1.01016
1.02352
1.06325
1.14442
1.38897
2.01319
3.92482
9.25367
1.00089
1.00435
1.01324
1.03131
1.08061
1.19252
1.50006
2.33794
4.83803
10.8321
1.0011
1.00574
1.01627
1.04085
1.09981
1.24643
1.63626
2.72874
5.95588
11.5483
1.00141
1.0074
1.02092
1.05246
1.12839
1.31956
1.83827
3.31977
7.71796
11.3485
1.00168
1.00876
1.02468
1.06177
1.15108
1.37754
1.99662
3.77835
8.89132
10.9026
1.00187
1.00976
1.02742
1.06841
1.16701
1.41769
2.1031
4.08199
9.48168
10.2149
1.00197
1.01029
1.02884
1.07175
1.17476
1.43663
2.1515
4.21427
9.61272
9.63585
1.00209
1.01089
1.03048
1.07569
1.18418
1.45977
2.21055
4.37114
9.58579
9.23283
1.00176
1.00916
1.02555
1.06313
1.15229
1.375
1.97277
3.63816
7.99115
8.76179
1.00107
1.00556
1.01548
1.03795
1.09012
1.21522
1.53261
2.36352
4.52538
8.37136
1.00073
1.00376
1.01046
1.02562
1.06053
1.14303
1.34694
1.88224
3.33073
7.0159
1.00043
1.00224
1.00623
1.01522
1.03578
1.08359
1.19803
1.48669
2.23957
4.21079
1.0002
1.00104
1.00288
1.00701
1.01633
1.03757
1.08655
1.20222
1.48129
2.14214
1.00006
1.00032
1.00089
1.00214
1.00491
1.01105
1.02465
1.05485
1.1216
1.26533
1.00002
1.00008
1.00023
1.00055
1.00124
1.00273
1.00595
1.01269
1.02721
1.05248
1
1.00002
1.00006
1.00014
1.00031
1.00068
1.00146
1.00313
1.00648
1.0142
1
1.00001
1.00001
1.00003
1.00007
1.00016
1.00034
1.00071
1.00144
1.00284
1
1
1
1.00001
1.00002
1.00005
1.00011
1.00022
1.00046
1.00064
8.56136
8.21792
7.69683
7.30579
7.02518
6.79749
6.58351
6.36707
6.14403
5.92428
8.37085
8.26922
8.01434
7.66253
7.3549
7.07918
6.82156
6.5733
6.33198
6.09535
7.61119
7.5732
7.43718
7.15231
6.82879
6.57892
6.3958
6.25105
6.12036
5.98941
6.34729
7.74514
8.28048
8.21574
7.94212
7.35237
6.81168
6.40144
6.11369
5.95311
2.60502
2.88438
3.30185
3.90704
4.81959
6.04542
7.02901
7.472
7.44615
7.25383
1.37462
1.42921
1.50334
1.59566
1.74684
1.86925
2.17678
2.27448
2.95013
2.95758
1.08738
1.1003
1.11296
1.14681
1.15179
1.22495
1.21793
1.34789
1.23279
1.77013
1.01609
1.0244
1.02019
1.03809
1.02705
1.05865
1.04214
1.06911
1.09154
1.02686
1.00403
1.00412
1.00598
1.00689
1.01002
1.01163
1.01855
1.02673
1.00235
1.19935
1.00121
1.00126
1.00164
1.00178
1.00242
1.00219
0.998404
1.01725
1.02345
1.00721
)
;

boundaryField
{
    inlet
    {
        type            fixedValue;
        value           uniform 1;
    }
    outlet
    {
        type            waveTransmissive;
        gamma           1.4;
        fieldInf        1;
        lInf            3;
        value           nonuniform List<scalar> 
30
(
0.278172
0.183915
0.139001
0.123481
0.120971
0.142821
0.174438
0.220999
0.277952
0.353057
0.448794
0.56107
0.689323
0.826583
0.970639
1.1417
1.34764
1.63492
2.02596
2.61512
3.86257
5.29944
5.846
6.04211
6.32605
6.82337
7.46026
7.93617
8.22592
8.37188
)
;
    }
    top
    {
        type            symmetryPlane;
    }
    bottom
    {
        type            symmetryPlane;
    }
    empty
    {
        type            empty;
    }
    wall
    {
        type            zeroGradient;
    }
}


// ************************************************************************* //
