/*--------------------------------*- C++ -*----------------------------------*\
| =========                 |                                                 |
| \\      /  F ield         | OpenFOAM: The Open Source CFD Toolbox           |
|  \\    /   O peration     | Version:  v1912                                 |
|   \\  /    A nd           | Website:  www.openfoam.com                      |
|    \\/     M anipulation  |                                                 |
\*---------------------------------------------------------------------------*/
FoamFile
{
    version     2.0;
    format      ascii;
    class       surfaceScalarField;
    location    "3.5";
    object      phi;
}
// * * * * * * * * * * * * * * * * * * * * * * * * * * * * * * * * * * * * * //

dimensions      [1 0 -1 0 0 0 0];
oriented        oriented;


internalField   nonuniform List<scalar> 
1920
(
-0.000682911
0.000681531
-0.000929237
0.000245319
-0.00118386
0.000253634
-0.00143446
0.000249604
-0.00160888
0.000173222
-0.00166145
5.15205e-05
-0.00142421
-0.000239215
-0.000845585
-0.000581098
0.000183113
-0.00103158
-0.00163458
-0.000307001
0.000987225
-0.000528156
0.000465499
-0.000614326
0.00033888
-0.000684343
0.000318654
-0.000412683
-9.95271e-05
4.87015e-05
-0.000408371
0.000568483
-0.000764098
0.00127239
-0.00128717
0.00208063
-0.00184227
-0.00277403
-4.88272e-05
0.00103492
-0.000194504
0.000610173
-0.000252601
0.000396035
-1.42338e-06
6.67379e-05
0.000325534
-0.00042728
0.000730989
-0.00081499
0.00133367
-0.00136812
0.00223852
-0.00219354
0.00322044
-0.00282562
-0.00386741
5.42733e-05
0.000979666
2.27852e-05
0.000640718
0.000114762
0.00030317
0.000382921
-0.000202289
0.000683654
-0.000728962
0.00130656
-0.001439
0.00216652
-0.0022293
0.00318604
-0.00321443
0.00420469
-0.00384586
-0.00500515
9.05382e-05
0.000888242
0.000132084
0.000598287
0.000326989
0.000107326
0.000676304
-0.000552528
0.00121304
-0.00126672
0.00198368
-0.00221065
0.00300782
-0.00325455
0.00417223
-0.00438032
0.00541135
-0.00508674
-0.00629118
8.90731e-05
0.000798286
0.000245342
0.000441161
0.000658389
-0.000306603
0.00121122
-0.00110637
0.00210531
-0.0021618
0.00342046
-0.00352706
0.00489759
-0.00473328
0.00634929
-0.00583397
0.00775807
-0.00649765
-0.00760363
9.86751e-05
0.0006988
0.00047957
5.94489e-05
0.00115524
-0.000983152
0.002273
-0.00222506
0.00393004
-0.00382017
0.00576373
-0.00536252
0.00748343
-0.00645492
0.00911711
-0.00747004
0.0106825
-0.00806554
-0.0089876
0.000650663
4.70269e-05
0.00139969
-0.000690508
0.00274137
-0.00232603
0.00492011
-0.00440526
0.00737387
-0.00627597
0.00956848
-0.00755941
0.011582
-0.00847105
0.0133433
-0.00923438
0.0149025
-0.00962783
-0.0102636
0.00176781
-0.0017215
0.0040768
-0.00300055
0.00745075
-0.00570178
0.0106175
-0.00757443
0.0132148
-0.00887608
0.0153586
-0.00970628
0.0171857
-0.0103015
0.0186651
-0.0107175
0.0200225
-0.010989
-0.0113779
0.00520022
-0.006923
0.0109317
-0.00873388
0.0153194
-0.0100922
0.0186059
-0.0108642
0.0211095
-0.0113833
0.0229772
-0.0115779
0.0244976
-0.0118259
0.0256518
-0.0118762
0.0267472
-0.0120892
-0.0121697
0.0345909
-0.00474288
-0.0367757
0.0345438
-0.00869197
0.0345636
-0.010117
0.0347081
-0.0110139
0.0347933
-0.0114733
0.0348396
-0.0116293
0.0348922
-0.0118836
0.0349226
-0.0119125
0.0350747
-0.0122472
-0.0121573
0.0618238
-0.0022749
-0.0642991
0.0577504
-0.00462529
0.0540539
-0.0064263
0.0508649
-0.00783098
0.0482983
-0.00891194
0.0463852
-0.00972241
0.0448981
-0.0104018
0.0437742
-0.0107959
0.0428064
-0.011286
-0.0113187
0.0714249
0.0032199
-0.0769263
0.0663173
0.000476755
0.0622638
-0.00237859
0.0589801
-0.00455255
0.0562772
-0.00621469
0.0540287
-0.0074798
0.0520834
-0.00846238
0.0504338
-0.00915478
0.0489717
-0.00983196
-0.0101295
0.0821862
0.00851556
-0.0874878
0.0778175
0.00483949
0.0736218
0.00181082
0.0697401
-0.000677291
0.066445
-0.00292638
0.0635375
-0.00458007
0.0609732
-0.00590622
0.0587424
-0.0069373
0.0567898
-0.00789257
-0.00856576
0.0920131
0.0139842
-0.0974856
0.0871036
0.00974568
0.0826059
0.0063033
0.0784772
0.00344626
0.0744764
0.00106704
0.0709395
-0.00105379
0.0679459
-0.00292626
0.0653981
-0.00441271
0.063202
-0.00572191
-0.00686202
0.0999258
0.019189
-0.105135
0.0950475
0.0146212
0.0905216
0.010822
0.0863559
0.00760484
0.0825252
0.00488654
0.0789391
0.00251734
0.0755093
0.000483847
0.0725875
-0.00153157
0.0701633
-0.00334814
-0.00519635
0.106022
0.0239629
-0.11081
0.101374
0.0192602
0.0969393
0.0152462
0.0927797
0.0117497
0.0888958
0.00874683
0.0853126
0.00607041
0.0820738
0.00367728
0.079188
0.00127478
0.0769499
-0.00122221
-0.00411577
0.110843
0.0283258
-0.115212
0.106493
0.0235938
0.102241
0.0194661
0.0982243
0.0157407
0.0944786
0.0124567
0.091063
0.0094078
0.0881608
0.00651147
0.0860154
0.00323736
0.0848243
-0.00029164
-0.0043353
0.115096
0.0323066
-0.11911
0.111091
0.0275893
0.107134
0.0233914
0.103345
0.0194522
0.0999364
0.0158283
0.0968514
0.0123261
0.0949028
0.00833354
0.0932721
0.0044264
0.0930104
-0.000470017
-0.00711797
0.118415
0.0356884
-0.121865
0.11492
0.0310671
0.111472
0.0267665
0.108222
0.022599
0.105435
0.0184971
0.103278
0.0141308
0.101327
0.00994379
0.100834
0.00450442
0.102402
-0.00264726
-0.0126035
0.245336
0.0419397
-0.251806
0.239279
0.0369988
0.233452
0.0322238
0.228577
0.0271779
0.224265
0.0218775
0.221946
0.0154562
0.223408
0.00736842
0.229086
-0.00259283
0.238513
-0.0140708
-0.0266518
0.259969
0.0461275
-0.264645
0.256758
0.0396247
0.253703
0.0340249
0.252952
0.0265621
0.255657
0.0177191
0.2626
0.00685958
0.27131
-0.00381557
0.281314
-0.0151233
0.289281
-0.0228617
-0.0262619
0.279964
0.0452073
-0.280317
0.281403
0.0367245
0.287482
0.0261054
0.296548
0.0149966
0.306469
0.00444424
0.315259
-0.00419382
0.323931
-0.0124741
0.324241
-0.0152268
0.318231
-0.0164863
-0.0184221
0.308063
0.0335117
-0.299878
0.318208
0.0228092
0.328436
0.0133518
0.337795
0.00506755
0.342795
-0.000944373
0.342545
-0.00408662
0.337051
-0.00610011
0.331292
-0.00817007
0.32627
-0.0103287
-0.012624
0.356014
0.0217977
-0.345501
0.362995
0.0147792
0.365229
0.0104692
0.363074
0.00755425
0.358734
0.00476464
0.353944
0.00212039
0.349185
-0.000385694
0.344897
-0.00325109
0.34149
-0.00632378
-0.00959365
0.425131
0.0269979
-0.429739
0.418816
0.0220687
0.412479
0.0178229
0.407282
0.0134212
0.402192
0.0102832
0.397156
0.00717954
0.392963
0.00379557
0.389628
0.000319961
0.387549
-0.00398547
-0.007954
0.431524
0.0275371
-0.430718
0.431123
0.0240695
0.429493
0.0209024
0.427347
0.0167467
0.425511
0.0126034
0.424015
0.00861099
0.422677
0.00480028
0.421347
0.00121576
0.41906
-0.0022843
-0.00564758
0.352195
0.0182673
-0.342352
0.359884
0.0167884
0.366757
0.0143411
0.372461
0.0116408
0.376923
0.00893963
0.380166
0.00633789
0.382124
0.00383642
0.382765
0.00138369
0.382211
-0.00101772
-0.00330696
0.285391
0.00886928
-0.276062
0.293932
0.00810122
0.302109
0.00701493
0.309468
0.0057609
0.315634
0.00450937
0.320841
0.00323174
0.324338
0.0020443
0.326357
0.000872355
0.32643
-0.000307169
-0.00156874
0.237765
-0.227866
0.246662
0.25405
0.259837
0.264271
0.267626
0.270809
0.272791
0.274182
0.311293
0.0496833
-0.0421338
-0.318823
0.303802
0.0475151
-0.0400388
0.296552
0.0452796
-0.0380213
0.289483
0.0430696
-0.0360291
0.2827
0.0408308
-0.0340532
0.276092
0.0386563
-0.0320871
0.269724
0.0364512
-0.0301164
0.263538
0.0343071
-0.0281603
0.257556
0.0321488
-0.0262367
0.0299253
-0.0242281
0.319461
0.0552117
-0.324991
0.313578
0.0533588
0.30733
0.0515214
0.300862
0.0494855
0.294361
0.0472911
0.287936
0.0450042
0.281684
0.0426105
0.275706
0.0401656
0.270025
0.0376723
0.0351076
0.318338
0.0589621
-0.322195
0.313708
0.0578545
0.309185
0.0559003
0.304637
0.0538419
0.300066
0.0516293
0.295539
0.0492346
0.291141
0.0466489
0.287037
0.0438095
0.283559
0.0406055
0.0374506
0.3262
0.0651673
-0.33254
0.319217
0.0645959
0.313064
0.0615963
0.308137
0.058129
0.304158
0.0548702
0.300947
0.0515063
0.298164
0.0484878
0.296903
0.0439013
0.297726
0.0385288
0.0335956
0.387475
0.102973
-0.425786
0.369098
0.0826971
0.351855
0.0772747
0.343701
0.0647209
0.340309
0.0564619
0.33761
0.0518257
0.336109
0.0476186
0.336371
0.0407215
0.33952
0.0322229
0.0249566
0.392646
0.0281405
-0.318639
0.405824
0.0645543
0.412974
0.0647076
0.410784
0.0625165
0.409917
0.0525101
0.41362
0.0426928
0.421293
0.0357403
0.429013
0.0311099
0.431573
0.0280752
0.0259341
0.265306
0.00431453
-0.241998
0.313924
0.00827847
0.345655
0.01432
0.38476
0.0209678
0.411174
0.0257268
0.424146
0.0325924
0.429961
0.0346452
0.431282
0.0334982
0.430812
0.0308894
0.0272448
0.224982
-0.000680211
-0.21921
0.23352
-0.00390363
0.22796
0.00952932
0.24741
0.00413557
0.265505
0.0114723
0.285893
0.0169502
0.304681
0.0198298
0.320339
0.020409
0.332847
0.0198949
0.0185463
0.212537
-0.000885637
-0.211428
0.199314
-0.000866606
0.175074
0.0071525
0.192154
-0.00186855
0.206196
0.000881366
0.221007
0.00380112
0.237359
0.0056801
0.252892
0.00718463
0.265927
0.00828699
0.00881427
0.208842
-0.211734
0.207638
0.208037
0.198624
0.19564
0.196923
0.201226
0.207967
0.217663
0.0929799
0.0276998
-0.120684
0.0750037
0.017973
0.0625267
0.0124746
0.0536389
0.00888556
0.0472936
0.0063434
0.0428033
0.00448836
0.0397459
0.00305558
0.0378371
0.00190676
0.0368923
0.0009425
0.000114216
0.109817
0.0372653
-0.119387
0.0984187
0.0293678
0.0883034
0.0225861
0.0802332
0.0169521
0.074218
0.0123549
0.0700087
0.00869375
0.0672473
0.00581275
0.0655811
0.00356849
0.0646912
0.00182769
0.00050125
0.119569
0.0389022
-0.121208
0.115657
0.0332765
0.110504
0.0277352
0.104892
0.0225597
0.0992866
0.0179561
0.0939667
0.0140092
0.0890543
0.0107206
0.0845884
0.00802998
0.0805439
0.00586777
0.00411478
0.122618
0.0393942
-0.12311
0.120756
0.0351372
0.117715
0.0307755
0.113791
0.0264816
0.109339
0.0224058
0.104646
0.0186995
0.0999652
0.0153983
0.0954728
0.0125194
0.0912815
0.0100558
0.00790522
0.125124
0.0397677
-0.125499
0.123944
0.0363148
0.121951
0.0327668
0.119253
0.0291777
0.115998
0.0256583
0.112393
0.0223032
0.108599
0.0191909
0.104783
0.0163342
0.101043
0.0137937
0.0114614
0.126921
0.0400637
-0.127223
0.126098
0.0371355
0.124721
0.0341387
0.12282
0.0310756
0.120453
0.028022
0.117719
0.025034
0.114722
0.022185
0.111567
0.0194871
0.108339
0.0170189
0.0146633
0.128865
0.0403901
-0.129197
0.128151
0.0378447
0.127049
0.0352367
0.12555
0.0325691
0.123687
0.0298806
0.121503
0.0272155
0.119054
0.024627
0.116415
0.0221249
0.113637
0.0197892
0.0174884
0.130804
0.040686
-0.131098
0.130202
0.0384419
0.129273
0.0361643
0.128021
0.0338164
0.126445
0.0314533
0.124593
0.0290622
0.12249
0.0267278
0.120193
0.0244137
0.117747
0.0222337
0.0200133
0.132651
0.0411003
-0.133073
0.132083
0.0390132
0.131282
0.036959
0.13024
0.0348595
0.128921
0.0327673
0.12735
0.030631
0.125544
0.0285276
0.123541
0.0264127
0.121376
0.0243891
0.0222761
0.135056
-0.136093
0.134029
0.132964
0.131792
0.130499
0.129042
0.127439
0.12569
0.12382
0.117856
0.00843215
-0.126291
0.113071
0.00478189
0.110326
0.00274345
0.108763
0.00156081
0.108001
0.00076111
0.107957
4.22659e-05
0.108851
-0.000896727
0.110977
-0.00212734
0.114738
-0.0037634
-0.00594782
0.113571
0.00760499
-0.112746
0.112985
0.0053655
0.112463
0.00326365
0.112381
0.00164182
0.112797
0.000343134
0.113663
-0.000825737
0.114843
-0.00207888
0.11627
-0.00355624
0.117909
-0.00540382
-0.0074273
0.116668
0.00651416
-0.115578
0.117291
0.00474148
0.117562
0.00299164
0.117781
0.00142148
0.118156
-3.10683e-05
0.118632
-0.00130193
0.119259
-0.0027069
0.119976
-0.00427457
0.120656
-0.00608446
-0.00797975
0.119345
0.00573917
-0.118566
0.119864
0.0042244
0.12016
0.00269735
0.120369
0.00121414
0.120561
-0.000223139
0.120929
-0.00166978
0.121413
-0.00319031
0.121975
-0.00483588
0.122548
-0.00665677
-0.00854226
0.122071
0.00523999
-0.121571
0.122438
0.00385733
0.122728
0.00240788
0.122987
0.000955051
0.123283
-0.0005184
0.123644
-0.00203111
0.124076
-0.00362253
0.124552
-0.00531401
0.125031
-0.00713579
-0.00901273
0.124252
0.00483328
-0.123845
0.124574
0.00353529
0.124846
0.00213528
0.125101
0.000698591
0.125372
-0.000791019
0.125682
-0.00234243
0.126031
-0.00397494
0.12642
-0.0057049
0.126811
-0.00753047
-0.00942698
0.12635
0.00431216
-0.125826
0.126702
0.00318547
0.126964
0.00187387
0.127207
0.000454344
0.12746
-0.0010471
0.127746
-0.00263266
0.128067
-0.00430038
0.128421
-0.00606371
0.12879
-0.00790428
-0.00983667
0.128551
0.00391734
-0.128163
0.128792
0.00294008
0.128997
0.00166178
0.129225
0.000222385
0.129447
-0.00127444
0.129708
-0.00289737
0.130001
-0.00459601
0.130325
-0.00639106
0.13068
-0.00826004
-0.0102596
0.130617
0.00425848
-0.130967
0.130651
0.00289176
0.130947
0.0013508
0.131127
2.69789e-05
0.1314
-0.00156268
0.131672
-0.00318139
0.131922
-0.00485736
0.132231
-0.00670631
0.132588
-0.00862668
-0.010746
0.132541
-0.133918
0.00562395
0.132434
0.00297793
0.132646
0.00111559
0.133061
-0.000407765
0.133374
-0.00189535
0.133752
-0.00357215
0.134266
-0.00538429
0.134857
-0.00730318
0.135442
-0.00921765
-0.0113963
0.173
-0.000856241
-0.172226
0.148801
0.0240958
0.125304
0.0234972
0.105698
0.0196262
0.088109
0.0176056
0.0707425
0.0173692
0.0521184
0.0186386
0.0329686
0.0191613
0.0139784
0.0189946
0.0139616
0.117227
0.0294061
-0.147595
0.109258
0.0320469
0.100998
0.0317784
0.089662
0.0309747
0.0780165
0.0292535
0.0649096
0.0304706
0.0504902
0.0330678
0.0348294
0.0348289
0.0183207
0.0355031
0.0322682
0.0908899
0.0505233
-0.111995
0.0776368
0.0453038
0.0676224
0.041797
0.0592867
0.0393181
0.0497441
0.0387945
0.0408104
0.0394049
0.032202
0.0416839
0.0226837
0.0443481
0.0121045
0.0460795
0.0443585
0.0973425
0.0648686
-0.111692
0.0796698
0.0629727
0.0640931
0.0573725
0.0507648
0.0526526
0.0390694
0.050489
0.0302367
0.0482369
0.0224992
0.0494214
0.0152259
0.0516175
0.0078592
0.0534394
0.0522051
0.105395
0.0873118
-0.127822
0.0880973
0.0802649
0.070139
0.0753228
0.0529028
0.069886
0.0391108
0.0642821
0.0279648
0.059383
0.0191048
0.0582797
0.0118675
0.0588456
0.00579797
0.0594949
0.0579895
0.104194
0.0971563
-0.114002
0.0904842
0.0939929
0.0754385
0.0903762
0.0597566
0.0855754
0.0451671
0.0788855
0.0313425
0.0732128
0.0202304
0.0693903
0.0116015
0.0674643
0.00521268
0.0658718
0.0631882
0.0990409
0.104878
-0.106727
0.0894795
0.103581
0.0789055
0.100968
0.0667255
0.0977637
0.0524755
0.0931455
0.0381058
0.0875934
0.0250726
0.0824213
0.014127
0.0783993
0.00611752
0.0738661
0.0692911
0.0989006
0.113328
-0.107342
0.0901247
0.112362
0.0810576
0.110042
0.0710347
0.10779
0.0592239
0.104961
0.0458642
0.100963
0.0326072
0.0956786
0.0200504
0.0909469
0.00925525
0.0846531
0.0785331
0.104031
0.12363
-0.11434
0.0945541
0.121824
0.085231
0.119371
0.0760213
0.117001
0.06621
0.114773
0.0551313
0.112049
0.0426553
0.108163
0.0293822
0.104211
0.0158477
0.0981765
0.0943679
0.113622
-0.123888
0.104473
0.0956861
0.0868598
0.0777916
0.0682702
0.0578767
0.0465075
0.0319328
0.168001
-1.03398e-06
0.168006
-5.38303e-06
0.168024
-1.84975e-05
0.168064
-4.02595e-05
0.168169
-0.000105438
0.168338
-0.000170145
0.168757
-0.000422665
0.169349
-0.000595892
0.169319
1.41613e-05
-0.00294797
0.167999
-1.33614e-06
0.168001
-7.16141e-06
0.168005
-2.2851e-05
0.168013
-4.93447e-05
0.168007
-0.000100118
0.167984
-0.000150001
0.167516
3.8819e-05
0.165897
0.00100782
0.158741
0.0071735
0.0080548
0.167997
-1.01425e-06
0.167996
-5.57624e-06
0.16799
-1.48793e-05
0.16795
-2.68249e-05
0.167895
-7.79579e-06
0.167564
0.000126193
0.166592
0.00105209
0.162369
0.00515415
0.147128
0.0223743
0.0430386
0.167995
-1.06034e-06
0.168002
-7.89689e-06
0.168
-1.41164e-05
0.168008
-2.94581e-05
0.167948
2.40947e-05
0.167823
0.000274084
0.16719
0.00164625
0.164265
0.00809576
0.151793
0.0347507
0.083032
0.167997
-1.64861e-06
0.167998
-9.59324e-06
0.168005
-2.21817e-05
0.168003
-2.97652e-05
0.167985
3.6398e-05
0.167838
0.000409522
0.167144
0.00231567
0.163972
0.0112285
0.161759
0.0366815
0.117043
0.167995
-1.17681e-06
0.167991
-5.90759e-06
0.167976
-8.40879e-06
0.167925
1.87652e-05
0.167769
0.000185866
0.167187
0.000979435
0.164887
0.00459165
0.155699
0.0203667
0.135367
0.056726
0.138507
0.167993
-3.70994e-08
0.167986
7.73428e-07
0.167962
1.45e-05
0.167888
9.04536e-05
0.167654
0.00041464
0.166879
0.00174317
0.164023
0.00742827
0.152694
0.0316279
0.117409
0.0917802
0.1493
0.167993
7.91751e-07
0.167987
6.97118e-06
0.167962
3.85277e-05
0.167884
0.000165818
0.167651
0.000643329
0.166904
0.00247894
0.164273
0.0100437
0.153569
0.0422677
0.116983
0.128173
0.159029
0.167993
2.11605e-06
0.167985
1.48851e-05
0.167956
6.63508e-05
0.167872
0.000248068
0.167633
0.000877884
0.166925
0.00317837
0.164704
0.0122422
0.156979
0.0499242
0.126154
0.158857
0.170837
0.167991
5.31054e-06
0.167971
3.41628e-05
0.167914
0.000122851
0.167784
0.000375701
0.167531
0.00112625
0.167133
0.00356776
0.166793
0.0125587
0.168337
0.0482986
0.143692
0.183359
0.190707
0.251991
6.88282e-06
0.251983
4.21906e-05
0.251964
0.000140447
0.251947
0.000389861
0.252035
0.00103267
0.252749
0.00284188
0.256399
0.00888917
0.272358
0.0322928
0.328371
0.12717
0.178286
0.340668
0.251998
4.25722e-06
0.252013
2.67339e-05
0.252061
9.06069e-05
0.252194
0.000251009
0.252565
0.000649425
0.25369
0.00169125
0.257768
0.00475524
0.274785
0.0152069
0.347723
0.053623
0.189115
0.336865
0.251998
3.29208e-06
0.252005
2.03791e-05
0.252026
6.80404e-05
0.25209
0.000185947
0.252264
0.000471578
0.252762
0.0011855
0.25436
0.00314046
0.259954
0.00959757
0.27975
0.0337503
0.124523
0.344205
0.252
2.59273e-06
0.252004
1.59902e-05
0.252018
5.31553e-05
0.252059
0.000144447
0.252166
0.000362063
0.25246
0.000885682
0.253384
0.00220626
0.256964
0.00599653
0.270864
0.0198053
0.0702768
0.324959
0.252001
1.55664e-06
0.252007
9.63297e-06
0.252028
3.20714e-05
0.252085
8.68579e-05
0.25223
0.000215465
0.252597
0.000515216
0.25357
0.00122616
0.256539
0.00301234
0.268209
0.00811617
0.0257789
0.312696
0.252002
6.00224e-07
0.252007
3.76376e-06
0.252027
1.26656e-05
0.252079
3.43905e-05
0.252209
8.49991e-05
0.252521
0.000201265
0.253275
0.0004688
0.25518
0.00109733
0.260611
0.0026596
0.00704972
0.27934
0.252001
1.75221e-07
0.252004
1.10059e-06
0.252013
3.70143e-06
0.252037
9.9945e-06
0.252097
2.44463e-05
0.25224
5.68911e-05
0.252577
0.000129319
0.253381
0.000290384
0.255327
0.0006575
0.00152085
0.261094
0.252001
4.57253e-08
0.252002
2.86691e-07
0.252005
9.60285e-07
0.252012
2.57574e-06
0.25203
6.232e-06
0.252073
1.429e-05
0.25217
3.1785e-05
0.252389
6.94122e-05
0.252892
0.000149757
0.000320406
0.254016
0.252001
1.05122e-08
0.252001
6.60772e-08
0.252002
2.2164e-07
0.252004
5.9423e-07
0.252008
1.43335e-06
0.252019
3.27125e-06
0.252044
7.20763e-06
0.2521
1.55908e-05
0.25222
3.29347e-05
7.1276e-05
0.25256
0.252001
0.252001
0.252001
0.252002
0.252003
0.252007
0.252014
0.252029
0.252058
0.252159
0.337195
0.00906596
0.334105
0.00605288
0.332403
0.00280161
0.33132
0.000674065
0.330506
-0.00107331
0.329572
-0.00262632
0.328127
-0.0039101
0.325921
-0.00507997
0.322935
-0.00619919
-0.0072773
0.341405
0.00452766
0.341608
0.00588312
0.340144
0.00432901
0.338922
0.00197007
0.33806
-0.000135619
0.336548
-0.00106478
0.334483
-0.00177991
0.331801
-0.00237156
0.328612
-0.00296338
-0.00365733
0.349009
-0.000293143
0.35122
0.00365745
0.350316
0.00520556
0.34695
0.00532353
0.342246
0.00452913
0.337692
0.00344918
0.333453
0.00240468
0.32954
0.00148102
0.325746
0.000760896
-0.00018554
0.337821
-0.0132353
0.349651
-0.00819239
0.357918
-0.00303001
0.362313
0.000966206
0.362224
0.004666
0.356847
0.00887917
0.351212
0.00809195
0.345312
0.00741243
0.339318
0.006772
0.00657295
0.314793
-0.0153915
0.320837
-0.0142914
0.331581
-0.0138262
0.344672
-0.0121944
0.360833
-0.011636
0.378929
-0.00942359
0.39497
-0.00824322
0.407471
-0.00535457
0.417898
-0.00393776
-0.00162872
0.278594
-0.0146582
0.279003
-0.0147519
0.279644
-0.014449
0.281923
-0.0145047
0.284147
-0.0139534
0.288803
-0.0138795
0.29295
-0.0128488
0.300901
-0.012824
0.308575
-0.0123813
-0.0111472
0.258572
-0.0122094
0.255975
-0.0122034
0.253603
-0.0120459
0.251078
-0.0121002
0.249133
-0.0118402
0.246781
-0.0119828
0.246124
-0.0115069
0.244877
-0.0124264
0.245528
-0.0107072
-0.00959154
0.250182
-0.00832758
0.246252
-0.00831488
0.242591
-0.00830325
0.238711
-0.00830172
0.23517
-0.00826894
0.23155
-0.00845707
0.228269
-0.00820066
0.223837
-0.00832151
0.220378
-0.00741104
-0.00831619
0.248407
-0.00418497
0.244264
-0.0041854
0.240127
-0.00417868
0.236008
-0.00417915
0.231873
-0.00416744
0.227603
-0.0041617
0.223148
-0.00414929
0.219155
-0.0041619
0.216274
-0.00416455
-0.00373257
0.24798
0.243794
0.239617
0.235442
0.23123
0.2272
0.223025
0.218626
0.215074
)
;

boundaryField
{
    inlet
    {
        type            calculated;
        value           nonuniform List<scalar> 
20
(
-0.168
-0.167999
-0.167998
-0.167997
-0.167996
-0.167995
-0.167995
-0.167994
-0.167994
-0.167994
-0.251993
-0.251996
-0.251997
-0.251999
-0.252
-0.252001
-0.252001
-0.252001
-0.252001
-0.252001
)
;
    }
    outlet
    {
        type            calculated;
        value           nonuniform List<scalar> 
30
(
0.00181427
0.00321734
0.00431196
0.00534015
0.00669505
0.0090679
0.0120633
0.0161747
0.0211321
0.0275328
0.0350546
0.0419575
0.0477673
0.0551974
0.0614422
0.0683839
0.0756397
0.0846342
0.0952227
0.106913
0.250473
0.28911
0.311326
0.321351
0.338941
0.385956
0.416556
0.380598
0.324897
0.274244
)
;
    }
    top
    {
        type            symmetryPlane;
        value           uniform 0;
    }
    bottom
    {
        type            symmetryPlane;
        value           uniform 0;
    }
    empty
    {
        type            empty;
        value           nonuniform 0();
    }
    wall
    {
        type            calculated;
        value           uniform 0;
    }
}


// ************************************************************************* //
