/*--------------------------------*- C++ -*----------------------------------*\
| =========                 |                                                 |
| \\      /  F ield         | OpenFOAM: The Open Source CFD Toolbox           |
|  \\    /   O peration     | Version:  v1912                                 |
|   \\  /    A nd           | Website:  www.openfoam.com                      |
|    \\/     M anipulation  |                                                 |
\*---------------------------------------------------------------------------*/
FoamFile
{
    version     2.0;
    format      ascii;
    class       volScalarField;
    location    "3.5";
    object      T;
}
// * * * * * * * * * * * * * * * * * * * * * * * * * * * * * * * * * * * * * //

dimensions      [0 0 0 1 0 0 0];


internalField   nonuniform List<scalar> 
1000
(
3.15229
3.11123
2.8117
2.71715
2.77215
2.90968
3.10821
3.20578
3.2319
2.97501
3.15056
3.23628
3.20293
3.25503
3.51763
3.61375
3.50563
3.08772
2.90278
2.52721
3.077
3.35922
3.5562
3.7421
3.92595
3.34332
2.88943
2.32322
2.09751
1.88302
2.98316
3.2921
3.5622
3.73353
3.33796
2.54365
2.102
1.76555
1.69031
1.54963
2.96993
3.24152
3.5856
3.36714
2.75155
2.06091
1.71826
1.50025
1.42821
1.32256
2.983
3.20904
3.49988
2.94306
2.19583
1.69429
1.51147
1.37634
1.31045
1.22948
3.22714
3.39516
3.01248
2.20587
1.74441
1.51104
1.41095
1.30477
1.24783
1.18994
2.91505
3.17148
2.33065
1.77176
1.53616
1.4054
1.31838
1.2423
1.20936
1.17425
1.87835
1.77203
1.59043
1.47905
1.38262
1.31288
1.26486
1.2224
1.20117
1.17105
1.52483
1.4868
1.46185
1.3923
1.33287
1.29198
1.25288
1.22013
1.19824
1.17159
1.583
1.50771
1.43063
1.37451
1.32144
1.28576
1.24733
1.22508
1.1999
1.1881
1.55349
1.48787
1.42426
1.37154
1.32647
1.29656
1.26922
1.25655
1.24156
1.24462
1.57446
1.52496
1.48663
1.4536
1.42719
1.40332
1.38281
1.36536
1.34706
1.33761
1.65858
1.61893
1.57844
1.53891
1.50332
1.4707
1.44105
1.4148
1.39115
1.3756
1.71377
1.67373
1.63405
1.59751
1.55825
1.52516
1.49316
1.46903
1.44465
1.43275
1.7676
1.72656
1.6869
1.65205
1.61669
1.58477
1.55082
1.52503
1.50061
1.49028
1.81722
1.77648
1.73632
1.70153
1.6662
1.63697
1.60666
1.58414
1.56358
1.55832
1.85528
1.81653
1.7778
1.74533
1.71109
1.6856
1.66067
1.64676
1.63972
1.64145
1.87831
1.84376
1.80553
1.7774
1.74713
1.72684
1.71639
1.71837
1.72824
1.73634
1.90192
1.86738
1.83448
1.80839
1.78636
1.77983
1.78557
1.79856
1.83419
1.86982
1.9337
1.90609
1.88573
1.87522
1.87669
1.89203
1.9129
1.96068
2.02886
2.08052
1.97003
1.96788
1.97472
1.98916
2.01617
2.05299
2.11934
2.19069
2.22167
2.21581
2.07133
2.08609
2.11662
2.15802
2.21672
2.25873
2.26949
2.25789
2.24597
2.23295
2.27877
2.32682
2.35774
2.36353
2.35685
2.34198
2.32082
2.28832
2.26206
2.24738
2.42218
2.41836
2.40976
2.3899
2.35712
2.3219
2.29487
2.27162
2.25676
2.24478
2.3625
2.33103
2.29814
2.27062
2.24544
2.22539
2.21016
2.19693
2.1873
2.18064
2.35047
2.31898
2.29119
2.2642
2.2434
2.22819
2.2177
2.20917
2.20396
2.20305
2.4956
2.47351
2.45522
2.43323
2.41128
2.38874
2.36823
2.35017
2.33813
2.32948
2.62429
2.61595
2.60037
2.57093
2.54348
2.51176
2.48253
2.46275
2.44421
2.44396
2.69244
2.67287
2.6541
2.64357
2.63238
2.62572
2.61121
2.59241
2.58204
2.55824
2.17266
2.15035
2.12876
2.10553
2.08455
2.06025
2.03922
2.0144
1.9921
1.96568
2.16332
2.14088
2.11902
2.09695
2.07669
2.05646
2.03883
2.02063
2.00348
1.98752
2.18765
2.16778
2.14618
2.12587
2.10664
2.08956
2.07532
2.06449
2.05934
2.06081
2.15867
2.15893
2.16089
2.16314
2.16732
2.1771
2.18369
2.19493
2.21087
2.23391
2.07646
2.06951
2.09932
2.13909
2.18354
2.23764
2.28574
2.33009
2.37529
2.40713
2.0752
2.14103
2.23103
2.29904
2.34632
2.38516
2.40779
2.40967
2.40474
2.39194
2.02527
2.32493
2.65077
2.66482
2.61874
2.57319
2.50771
2.45406
2.41195
2.3798
1.53622
2.48584
2.78787
2.78636
2.75496
2.6816
2.61146
2.56599
2.53938
2.51437
1.5533
2.20831
2.89064
2.83169
2.78301
2.7437
2.70982
2.677
2.64988
2.63603
1.22209
1.85672
2.55064
2.77906
2.77553
2.76813
2.76793
2.76424
2.74547
2.71584
1.90184
1.7914
1.7237
1.67594
1.64975
1.63238
1.63165
1.63379
1.64118
1.62855
1.98733
1.88337
1.80713
1.7478
1.70673
1.67752
1.65853
1.64502
1.63228
1.61114
2.06894
1.99791
1.93559
1.88158
1.83262
1.78874
1.74813
1.70995
1.67211
1.6319
2.11412
2.05421
1.9997
1.94757
1.90037
1.85494
1.81416
1.77479
1.73881
1.70439
2.15017
2.09834
2.04932
2.00151
1.9564
1.91361
1.87324
1.83569
1.79869
1.76341
2.17501
2.13209
2.08919
2.04732
2.00569
1.96621
1.92744
1.89108
1.8542
1.81844
2.18783
2.15181
2.11573
2.07932
2.04326
2.00739
1.97226
1.93791
1.90267
1.86772
2.19271
2.16043
2.12842
2.09636
2.06409
2.03254
2.00033
1.96947
1.93629
1.90372
2.19791
2.168
2.13688
2.10763
2.07622
2.04753
2.01634
1.988
1.95578
1.92565
2.1968
2.17058
2.14283
2.11588
2.08756
2.05999
2.03206
2.00405
1.97483
1.94491
2.49496
2.41539
2.37879
2.35119
2.34727
2.32975
2.32062
2.27391
2.19668
2.15261
2.5111
2.45745
2.41597
2.39174
2.36758
2.34573
2.31155
2.2711
2.21029
2.13811
2.519
2.47361
2.43487
2.40307
2.37316
2.34269
2.3078
2.26746
2.21802
2.16405
2.51613
2.47503
2.43681
2.40492
2.37294
2.34303
2.30876
2.27312
2.23019
2.18608
2.51479
2.47737
2.44079
2.41072
2.37912
2.35045
2.31735
2.285
2.24617
2.20805
2.51378
2.47682
2.44447
2.41334
2.38487
2.35478
2.32504
2.29226
2.25824
2.22186
2.5055
2.46964
2.4404
2.4088
2.38266
2.35203
2.32501
2.2923
2.26222
2.22634
2.49043
2.45771
2.42987
2.40051
2.37463
2.34579
2.31913
2.28858
2.25984
2.2266
2.47606
2.44705
2.42022
2.39391
2.36843
2.34196
2.31535
2.2873
2.25926
2.22912
2.46995
2.44078
2.41582
2.39005
2.36481
2.3374
2.3108
2.28233
2.25453
2.22376
2.48398
2.67455
2.67216
2.6738
2.702
2.73174
2.75692
2.77989
2.7971
2.83134
2.76761
2.74598
2.7234
2.71606
2.72006
2.73217
2.73823
2.75057
2.76179
2.79475
2.72662
2.73376
2.7494
2.75761
2.76275
2.75901
2.75411
2.75394
2.75784
2.78152
2.70217
2.70992
2.72583
2.74868
2.76273
2.763
2.75477
2.75039
2.74904
2.77073
2.68442
2.69205
2.70909
2.72016
2.74545
2.75333
2.74907
2.74115
2.73823
2.75317
2.67084
2.66589
2.68645
2.69301
2.70959
2.72344
2.73442
2.73023
2.72376
2.74259
2.64442
2.64493
2.65901
2.66852
2.67873
2.69861
2.7032
2.7025
2.70389
2.72063
2.59148
2.59921
2.62316
2.6308
2.6329
2.64545
2.67226
2.67718
2.67261
2.69816
2.55183
2.55561
2.57552
2.59908
2.60476
2.60364
2.6131
2.62499
2.63313
2.64835
2.49863
2.50349
2.51595
2.53311
2.54755
2.55475
2.55859
2.56488
2.56094
2.5922
1.00011
1.00065
1.00132
1.00401
1.00794
1.02167
1.04916
1.11966
1.32407
1.92203
1.00025
1.00137
1.00292
1.00834
1.01845
1.04532
1.11975
1.30172
1.90743
2.59406
1.00042
1.00212
1.00481
1.013
1.02987
1.07579
1.19985
1.52625
2.36224
2.68332
1.0007
1.00257
1.00638
1.01618
1.03943
1.09876
1.25637
1.68635
2.45673
2.69944
1.001
1.00319
1.00827
1.02037
1.04973
1.12611
1.32136
1.91529
2.51075
2.66937
1.00129
1.0041
1.01062
1.02614
1.06419
1.16439
1.42534
2.16723
2.60367
2.65811
1.00153
1.00484
1.0125
1.03071
1.07564
1.19384
1.5065
2.29599
2.62987
2.62196
1.0017
1.00537
1.01385
1.03393
1.08359
1.21338
1.56035
2.34889
2.60497
2.57835
1.00179
1.00565
1.01453
1.0355
1.08738
1.22232
1.58523
2.36205
2.57513
2.54503
1.0019
1.00598
1.01533
1.03741
1.09186
1.23426
1.59515
2.32362
2.4942
2.49075
1.00159
1.00501
1.01281
1.03104
1.07543
1.19039
1.49152
2.21724
2.43056
2.43938
1.00097
1.00304
1.00772
1.01849
1.04387
1.10745
1.26493
1.73789
2.26392
2.40684
1.00065
1.00206
1.00522
1.01246
1.02936
1.0703
1.17428
1.44976
2.09578
2.34808
1.00039
1.00123
1.0031
1.00738
1.01726
1.04055
1.09852
1.2437
1.66136
2.19279
1.00018
1.00057
1.00143
1.00338
1.0078
1.01796
1.0419
1.09902
1.25377
1.60315
1.00006
1.00017
1.00044
1.00102
1.00231
1.00517
1.01156
1.02604
1.05927
1.15472
1.00001
1.00005
1.00011
1.00026
1.00057
1.00126
1.00262
1.00645
1.01145
1.03297
1
1.00001
1.00003
1.00007
1.00014
1.00031
1.00067
1.00137
1.00302
1.00501
1
1
1.00001
1.00002
1.00003
1.00007
1.00016
1.0003
1.00078
1.0009
1
1
1
1
1.00001
1.00002
1.00005
1.00009
1.00023
1.00024
2.42699
2.39884
2.36141
2.33131
2.30818
2.28667
2.26586
2.24289
2.22031
2.19333
2.39973
2.38298
2.35994
2.33306
2.3055
2.28245
2.25703
2.23432
2.20954
2.18657
2.3567
2.34931
2.33108
2.30839
2.28119
2.26259
2.24541
2.23362
2.21898
2.20751
2.27678
2.34692
2.35829
2.32889
2.29624
2.24551
2.20548
2.17311
2.15567
2.14487
1.63942
1.71636
1.78884
1.90232
2.01789
2.13396
2.17639
2.18821
2.15556
2.13278
1.16641
1.19958
1.21182
1.26824
1.30116
1.37863
1.4386
1.53277
1.63446
1.80417
1.03423
1.03667
1.04708
1.05674
1.06661
1.09202
1.11192
1.13375
1.12307
1.34694
1.00669
1.0086
1.01077
1.01335
1.01748
1.01792
1.03418
0.968683
1.08355
1.09944
1.00141
1.00111
1.00253
1.00227
1.00618
1.00242
1.00497
1.0223
1.04671
1.0969
1.00045
1.00032
1.00073
1.00045
1.00019
1.00218
1.0011
1.00727
1.02147
1.01246
)
;

boundaryField
{
    inlet
    {
        type            fixedValue;
        value           uniform 1;
    }
    outlet
    {
        type            zeroGradient;
    }
    top
    {
        type            symmetryPlane;
    }
    bottom
    {
        type            symmetryPlane;
    }
    empty
    {
        type            empty;
    }
    wall
    {
        type            zeroGradient;
    }
}


// ************************************************************************* //
