/*--------------------------------*- C++ -*----------------------------------*\
| =========                 |                                                 |
| \\      /  F ield         | OpenFOAM: The Open Source CFD Toolbox           |
|  \\    /   O peration     | Version:  v1912                                 |
|   \\  /    A nd           | Website:  www.openfoam.com                      |
|    \\/     M anipulation  |                                                 |
\*---------------------------------------------------------------------------*/
FoamFile
{
    version     2.0;
    format      ascii;
    class       volVectorField;
    location    "3.5";
    object      U;
}
// * * * * * * * * * * * * * * * * * * * * * * * * * * * * * * * * * * * * * //

dimensions      [0 1 -1 0 0 0 0];


internalField   nonuniform List<vector> 
1000
(
(-0.471073 0.372781 0)
(-0.982068 0.262407 0)
(-1.50995 0.278029 0)
(-1.6578 0.277291 0)
(-1.60569 0.264221 0)
(-1.37715 0.246744 0)
(-0.974037 0.149072 0)
(-0.555619 0.0327169 0)
(-0.358189 -0.134431 0)
(0.533922 -0.144006 0)
(-0.195249 0.641552 0)
(-0.427106 0.361317 0)
(-0.957228 0.353977 0)
(-1.06812 0.34852 0)
(-0.783623 0.224563 0)
(-0.242078 -0.130161 0)
(0.362095 -0.473547 0)
(0.749591 -0.653888 0)
(0.959442 -0.799043 0)
(1.25324 -0.86843 0)
(-0.0842563 0.978337 0)
(-0.0527242 0.613541 0)
(-0.412139 0.534533 0)
(-0.669296 0.495619 0)
(0.654195 -0.607821 0)
(0.837909 -0.997671 0)
(1.10046 -1.25274 0)
(1.35071 -1.43117 0)
(1.49288 -1.51204 0)
(1.66293 -1.54999 0)
(-0.0439019 1.18269 0)
(0.154419 0.849219 0)
(-0.0843821 0.624786 0)
(0.437373 -0.183179 0)
(0.970003 -0.994037 0)
(1.29357 -1.43686 0)
(1.4976 -1.65091 0)
(1.67389 -1.75402 0)
(1.78587 -1.78491 0)
(1.91052 -1.77757 0)
(-0.0211172 1.22284 0)
(0.219548 0.923654 0)
(0.186244 0.4639 0)
(0.867109 -0.635445 0)
(1.30606 -1.3229 0)
(1.57861 -1.66981 0)
(1.75036 -1.82055 0)
(1.89265 -1.86169 0)
(1.98983 -1.85377 0)
(2.08792 -1.81651 0)
(0.004846 1.16028 0)
(0.174943 0.859075 0)
(0.606332 -0.140495 0)
(1.22629 -1.06004 0)
(1.58416 -1.55077 0)
(1.79233 -1.76199 0)
(1.9352 -1.8233 0)
(2.06047 -1.81726 0)
(2.14941 -1.78919 0)
(2.22828 -1.7458 0)
(0.0204566 0.821658 0)
(0.207562 0.321652 0)
(1.16702 -0.870514 0)
(1.61292 -1.4357 0)
(1.84612 -1.66549 0)
(2.00235 -1.72658 0)
(2.1225 -1.71979 0)
(2.22155 -1.68796 0)
(2.29052 -1.65338 0)
(2.34942 -1.6132 0)
(0.0304134 1.22136 0)
(1.04624 -0.134018 0)
(1.68227 -1.15133 0)
(1.95023 -1.51363 0)
(2.09869 -1.59371 0)
(2.20908 -1.58762 0)
(2.29414 -1.55838 0)
(2.36243 -1.52277 0)
(2.4122 -1.49066 0)
(2.4543 -1.4562 0)
(2.22046 -1.26863 0)
(2.12885 -1.38794 0)
(2.15679 -1.44777 0)
(2.235 -1.44568 0)
(2.31673 -1.41817 0)
(2.38396 -1.3859 0)
(2.43835 -1.35535 0)
(2.48272 -1.32666 0)
(2.51621 -1.30331 0)
(2.54318 -1.27953 0)
(2.46025 -1.21713 0)
(2.40155 -1.198 0)
(2.40388 -1.17544 0)
(2.44338 -1.1555 0)
(2.48445 -1.14005 0)
(2.52062 -1.12738 0)
(2.55176 -1.11632 0)
(2.57676 -1.10632 0)
(2.59612 -1.09963 0)
(2.61047 -1.09199 0)
(2.54219 -0.192444 0)
(2.55283 -0.462907 0)
(2.56627 -0.62928 0)
(2.58176 -0.728315 0)
(2.59875 -0.787326 0)
(2.61449 -0.824479 0)
(2.62851 -0.849991 0)
(2.63911 -0.869187 0)
(2.64759 -0.886021 0)
(2.65223 -0.899023 0)
(2.44407 -0.209647 0)
(2.49714 -0.312331 0)
(2.54364 -0.395165 0)
(2.5809 -0.463479 0)
(2.60857 -0.521479 0)
(2.62757 -0.57239 0)
(2.64123 -0.617343 0)
(2.64995 -0.657059 0)
(2.65744 -0.692195 0)
(2.66058 -0.721907 0)
(2.45242 0.0461144 0)
(2.50178 -0.0438974 0)
(2.53907 -0.131962 0)
(2.56713 -0.215764 0)
(2.58909 -0.294029 0)
(2.60645 -0.365096 0)
(2.6217 -0.427586 0)
(2.63384 -0.481715 0)
(2.64544 -0.528147 0)
(2.65011 -0.567904 0)
(2.37395 0.180701 0)
(2.42049 0.0862192 0)
(2.46372 -0.00554754 0)
(2.50212 -0.0922774 0)
(2.5342 -0.168206 0)
(2.56125 -0.234006 0)
(2.58479 -0.291545 0)
(2.60338 -0.342751 0)
(2.61976 -0.388983 0)
(2.62664 -0.431959 0)
(2.30595 0.288744 0)
(2.35832 0.206476 0)
(2.40401 0.12935 0)
(2.44571 0.0558929 0)
(2.48475 -0.0158688 0)
(2.51808 -0.0838639 0)
(2.54568 -0.145436 0)
(2.56723 -0.202172 0)
(2.58538 -0.254932 0)
(2.59324 -0.306796 0)
(2.24182 0.374318 0)
(2.29807 0.299066 0)
(2.34695 0.227422 0)
(2.39005 0.159246 0)
(2.42861 0.0933999 0)
(2.46421 0.0288563 0)
(2.49699 -0.0348067 0)
(2.52315 -0.0958334 0)
(2.54356 -0.153628 0)
(2.55212 -0.213984 0)
(2.18338 0.443324 0)
(2.24221 0.375984 0)
(2.29399 0.310774 0)
(2.33992 0.248087 0)
(2.38076 0.187719 0)
(2.41683 0.128793 0)
(2.44838 0.0700361 0)
(2.47494 0.00734987 0)
(2.49365 -0.0589205 0)
(2.50002 -0.135396 0)
(2.1306 0.49889 0)
(2.19038 0.439347 0)
(2.24364 0.380202 0)
(2.29113 0.321856 0)
(2.33294 0.264007 0)
(2.36907 0.205438 0)
(2.39788 0.144139 0)
(2.4182 0.0721702 0)
(2.42746 -0.0114086 0)
(2.42747 -0.108132 0)
(2.08374 0.545893 0)
(2.14289 0.492652 0)
(2.1959 0.438162 0)
(2.24309 0.382573 0)
(2.28377 0.324433 0)
(2.31672 0.262884 0)
(2.33622 0.188174 0)
(2.34225 0.101334 0)
(2.33911 -0.00157806 0)
(2.33052 -0.131731 0)
(2.04234 0.58161 0)
(2.09906 0.533353 0)
(2.14997 0.481763 0)
(2.19404 0.426678 0)
(2.23038 0.363529 0)
(2.25168 0.290129 0)
(2.25738 0.202924 0)
(2.25254 0.102274 0)
(2.22095 -0.0245217 0)
(2.18032 -0.201788 0)
(1.9883 0.626844 0)
(2.03629 0.579875 0)
(2.07808 0.523504 0)
(2.1082 0.45726 0)
(2.12317 0.379652 0)
(2.12682 0.28655 0)
(2.11631 0.175758 0)
(2.07719 0.0332405 0)
(1.98253 -0.133057 0)
(1.91967 -0.292437 0)
(1.92544 0.647676 0)
(1.95406 0.582105 0)
(1.97054 0.505217 0)
(1.97975 0.412179 0)
(1.9751 0.296704 0)
(1.94522 0.161075 0)
(1.87187 0.0180274 0)
(1.78127 -0.120034 0)
(1.73448 -0.23478 0)
(1.72574 -0.313493 0)
(1.81363 0.580295 0)
(1.82222 0.476687 0)
(1.81463 0.35641 0)
(1.77787 0.229835 0)
(1.72015 0.105467 0)
(1.67551 -0.0138957 0)
(1.66202 -0.114437 0)
(1.66935 -0.178146 0)
(1.688 -0.216034 0)
(1.70038 -0.243387 0)
(1.62122 0.381952 0)
(1.58133 0.26639 0)
(1.55551 0.153677 0)
(1.55392 0.0507953 0)
(1.56452 -0.0273502 0)
(1.58508 -0.0759431 0)
(1.62233 -0.105356 0)
(1.66431 -0.125705 0)
(1.69592 -0.141977 0)
(1.7091 -0.160474 0)
(1.44426 0.178478 0)
(1.45872 0.106157 0)
(1.47802 0.0583163 0)
(1.51321 0.0267181 0)
(1.56228 0.00498519 0)
(1.61154 -0.0101504 0)
(1.65368 -0.0241167 0)
(1.6863 -0.0431123 0)
(1.70832 -0.0672247 0)
(1.7189 -0.0957193 0)
(1.49735 0.133667 0)
(1.55019 0.110179 0)
(1.59675 0.0937893 0)
(1.63718 0.0812204 0)
(1.67322 0.0657816 0)
(1.70413 0.0447823 0)
(1.72886 0.0180451 0)
(1.74636 -0.0134373 0)
(1.75645 -0.0474131 0)
(1.76217 -0.0823825 0)
(1.52297 0.215852 0)
(1.56942 0.201389 0)
(1.61145 0.179764 0)
(1.64737 0.153322 0)
(1.67652 0.123073 0)
(1.70028 0.0901242 0)
(1.72 0.0558563 0)
(1.7368 0.0214357 0)
(1.74945 -0.0123748 0)
(1.75743 -0.0453926 0)
(1.29668 0.189151 0)
(1.34955 0.167912 0)
(1.39612 0.141912 0)
(1.43788 0.112922 0)
(1.47541 0.0830936 0)
(1.50918 0.0540072 0)
(1.53911 0.0264161 0)
(1.56459 0.000542705 0)
(1.58413 -0.0240161 0)
(1.59625 -0.047789 0)
(1.05059 0.122109 0)
(1.10078 0.107418 0)
(1.14946 0.0924148 0)
(1.19614 0.0776516 0)
(1.24001 0.0633029 0)
(1.28014 0.049266 0)
(1.31547 0.0351299 0)
(1.34477 0.0206487 0)
(1.36626 0.00557345 0)
(1.37932 -0.0100775 0)
(0.889754 0.00800063 0)
(0.938118 0.0101345 0)
(0.985869 0.0102586 0)
(1.03115 0.00906036 0)
(1.07289 0.00684858 0)
(1.10996 0.00375276 0)
(1.1418 -0.000255922 0)
(1.16777 -0.00495831 0)
(1.18643 -0.010083 0)
(1.19749 -0.0150508 0)
(1.57046 0.796771 0)
(1.60955 0.790468 0)
(1.64915 0.782047 4.12293e-20)
(1.68883 0.771693 -4.26777e-20)
(1.72855 0.759471 0)
(1.76823 0.745325 0)
(1.80792 0.729209 -1.95946e-20)
(1.84762 0.71106 2.02683e-20)
(1.88868 0.69088 0)
(1.92999 0.668339 0)
(1.53128 0.883423 0)
(1.57389 0.871281 3.95953e-20)
(1.61589 0.85741 -4.08265e-20)
(1.65695 0.841801 0)
(1.6968 0.824434 3.82007e-20)
(1.73538 0.805225 -2.05282e-20)
(1.77292 0.784063 -1.95072e-20)
(1.80944 0.760597 9.26694e-21)
(1.84583 0.73432 -9.55343e-21)
(1.88081 0.703583 0)
(1.55517 0.828939 0)
(1.58168 0.835616 0)
(1.61052 0.835897 3.79241e-20)
(1.64073 0.829947 -3.87403e-20)
(1.67146 0.817824 0)
(1.70193 0.799399 0)
(1.73128 0.774847 -1.83556e-20)
(1.75833 0.744222 1.87306e-20)
(1.78075 0.707038 0)
(1.79658 0.661588 0)
(1.55253 0.920187 0)
(1.57207 0.893543 3.66422e-20)
(1.59149 0.867802 -3.73927e-20)
(1.60929 0.839242 0)
(1.62465 0.8055 3.72161e-20)
(1.63809 0.763627 -1.87906e-20)
(1.65049 0.713189 -1.88488e-20)
(1.6601 0.652843 9.56387e-21)
(1.66255 0.580869 -9.54657e-21)
(1.65253 0.49892 0)
(1.54141 1.0723 0)
(1.57094 1.03098 0)
(1.5784 0.960271 0)
(1.57725 0.875232 3.56867e-20)
(1.5667 0.781034 9.65101e-22)
(1.5496 0.678498 -3.66935e-20)
(1.52948 0.571136 0)
(1.50181 0.467048 0)
(1.46889 0.367679 0)
(1.44589 0.277056 0)
(1.75271 0.831986 4.51149e-20)
(1.60506 0.865581 0)
(1.51642 0.76185 3.70049e-20)
(1.4688 0.63094 -3.55233e-20)
(1.42831 0.507196 0)
(1.39386 0.398459 0)
(1.38488 0.313701 0)
(1.39648 0.24879 0)
(1.4144 0.199916 0)
(1.44559 0.164697 0)
(2.29282 0.291912 0)
(1.32874 0.376112 5.63954e-20)
(0.929016 0.26986 -3.18515e-20)
(0.9471 0.227871 0)
(1.04995 0.206355 4.15104e-20)
(1.15763 0.203289 -2.21765e-20)
(1.26428 0.210457 -2.07374e-20)
(1.35047 0.216461 0)
(1.41753 0.220403 0)
(1.4708 0.22176 0)
(2.39159 -0.0232889 0)
(1.45067 -0.0776841 0)
(0.628944 -0.0512247 4.55256e-20)
(0.636874 -0.0100434 -4.42746e-20)
(0.770239 0.0634242 0)
(0.917341 0.14103 0)
(1.02152 0.187971 -2.00837e-20)
(1.10155 0.208135 2.02656e-20)
(1.172 0.211076 0)
(1.23512 0.204186 0)
(2.63242 -0.0237761 0)
(1.68586 -0.0390091 0)
(0.703792 0.153654 0)
(0.344723 0.0872759 0)
(0.586337 0.117997 4.18173e-20)
(0.748317 0.139313 -2.30465e-20)
(0.830493 0.146503 -2.11056e-20)
(0.887789 0.147158 0)
(0.942927 0.143268 0)
(0.997094 0.134893 0)
(2.79757 -0.0260029 0)
(2.34853 -0.0283593 0)
(1.11993 -0.013553 0)
(0.454136 -0.125076 4.0786e-20)
(0.602192 -0.105387 -2.22799e-21)
(0.705054 -0.0766507 -4.27498e-20)
(0.742675 -0.0516561 0)
(0.769493 -0.0281268 0)
(0.802727 -0.00930155 0)
(0.843458 0.0024351 0)
(1.84094 1.03413 0)
(2.03812 0.968698 0)
(2.17527 0.8908 0)
(2.27819 0.804608 0)
(2.35597 0.711146 0)
(2.413 0.6108 0)
(2.45262 0.50395 0)
(2.47726 0.391839 0)
(2.49301 0.277179 0)
(2.51582 0.163186 0)
(1.76848 0.936574 0)
(1.93747 0.84474 0)
(2.06742 0.735162 0)
(2.16712 0.615885 0)
(2.24155 0.491843 0)
(2.29491 0.367117 0)
(2.33133 0.245126 0)
(2.3552 0.128966 0)
(2.3724 0.0210322 0)
(2.39359 -0.0764403 0)
(1.68665 0.889816 0)
(1.82075 0.817997 0)
(1.93673 0.729145 0)
(2.03595 0.63193 0)
(2.11964 0.532601 0)
(2.1898 0.435851 0)
(2.2491 0.345303 0)
(2.29997 0.263735 0)
(2.34659 0.192535 0)
(2.39061 0.13278 0)
(1.63422 0.867825 0)
(1.74302 0.822049 0)
(1.84396 0.763246 0)
(1.93647 0.695993 0)
(2.01976 0.624269 0)
(2.09377 0.55122 0)
(2.15926 0.479045 0)
(2.21665 0.409202 0)
(2.26832 0.342264 0)
(2.31459 0.27861 0)
(1.60412 0.844047 0)
(1.69432 0.813387 0)
(1.781 0.773014 0)
(1.86359 0.724849 0)
(1.94082 0.67102 0)
(2.0119 0.613551 0)
(2.0768 0.554137 0)
(2.13539 0.494191 0)
(2.18973 0.434849 0)
(2.23974 0.377365 0)
(1.5813 0.828364 0)
(1.6588 0.804914 0)
(1.73438 0.774617 0)
(1.80784 0.738156 0)
(1.8782 0.696569 0)
(1.94462 0.651068 0)
(2.00684 0.602865 0)
(2.06453 0.553103 0)
(2.11957 0.502809 0)
(2.17147 0.453135 0)
(1.56398 0.812702 0)
(1.63191 0.794761 0)
(1.69876 0.771644 0)
(1.76448 0.743659 0)
(1.82844 0.71135 0)
(1.88994 0.675441 0)
(1.94874 0.636738 0)
(2.00442 0.596065 0)
(2.05879 0.554223 0)
(2.11107 0.512124 0)
(1.54965 0.801288 0)
(1.61058 0.786783 0)
(1.67072 0.768509 0)
(1.73019 0.746514 0)
(1.78862 0.721029 0)
(1.84552 0.692472 0)
(1.90072 0.661336 0)
(1.95383 0.628187 0)
(2.00666 0.593595 0)
(2.0582 0.558224 0)
(1.54229 0.790405 0)
(1.59691 0.779617 0)
(1.65099 0.766016 0)
(1.70474 0.749427 0)
(1.75799 0.729866 0)
(1.81041 0.707517 0)
(1.86188 0.682705 0)
(1.91207 0.655795 0)
(1.96272 0.627223 0)
(2.01272 0.597389 0)
(1.54588 0.786908 0)
(1.59514 0.775788 0)
(1.64357 0.763589 0)
(1.69161 0.749818 0)
(1.73934 0.734163 0)
(1.78668 0.716445 0)
(1.83367 0.696693 0)
(1.88003 0.674976 0)
(1.92742 0.651572 0)
(1.97461 0.626539 0)
(0.723123 0.982294 -1.18142e-19)
(0.882219 1.03851 0)
(0.97803 1.05912 -7.74059e-20)
(1.0276 1.06144 1.0961e-19)
(1.05694 1.05924 0)
(1.08692 1.05939 0)
(1.13259 1.06316 5.31428e-20)
(1.19824 1.06855 -5.43914e-20)
(1.30449 1.07468 0)
(1.47585 1.07487 0)
(0.730457 0.937402 1.70378e-20)
(0.861267 0.972492 -7.9248e-20)
(0.958144 0.982156 1.25372e-21)
(1.02581 0.980769 2.4888e-20)
(1.0792 0.978782 -4.79369e-20)
(1.13277 0.98034 7.36087e-20)
(1.19665 0.985693 4.63486e-20)
(1.27777 0.992111 -2.4588e-20)
(1.38512 0.997038 2.24791e-20)
(1.51648 0.991958 2.14735e-20)
(0.803494 0.86147 -1.35117e-19)
(0.903755 0.894268 4.9048e-20)
(0.988862 0.911494 -4.43697e-20)
(1.05894 0.920871 -2.17386e-20)
(1.12078 0.928145 -2.20527e-20)
(1.18183 0.935378 -6.38319e-20)
(1.24809 0.941958 6.3665e-20)
(1.32426 0.945731 -8.45313e-20)
(1.41537 0.943798 -4.03926e-20)
(1.51591 0.931676 -3.86769e-20)
(0.853163 0.827444 2.10114e-20)
(0.938594 0.860927 6.20357e-20)
(1.01415 0.882672 1.40819e-19)
(1.08085 0.896675 -4.23137e-20)
(1.14258 0.906167 2.1056e-20)
(1.20377 0.912552 4.0356e-20)
(1.26852 0.915919 9.60698e-20)
(1.33962 0.915323 1.81698e-20)
(1.41981 0.90936 5.5765e-20)
(1.50563 0.896084 1.76019e-20)
(0.897765 0.805866 4.21902e-21)
(0.974484 0.836467 4.0404e-20)
(1.04362 0.856894 -3.73892e-20)
(1.10652 0.869917 -3.69848e-20)
(1.16653 0.877961 -7.25234e-20)
(1.22644 0.882557 3.71129e-20)
(1.28863 0.884 -3.65233e-20)
(1.35484 0.881862 -7.06886e-20)
(1.42674 0.875397 -3.38504e-20)
(1.50241 0.863488 0)
(0.93174 0.790745 -1.04843e-19)
(1.00242 0.818405 3.70818e-20)
(1.0671 0.837376 3.30909e-20)
(1.12677 0.849914 -1.05029e-19)
(1.18419 0.857936 -6.75458e-20)
(1.24161 0.862454 5.89115e-22)
(1.30067 0.863727 6.52228e-20)
(1.3625 0.861504 -6.61089e-20)
(1.42814 0.855352 -3.21959e-20)
(1.49635 0.844492 -3.1571e-20)
(0.960586 0.774686 3.30354e-20)
(1.02535 0.800565 -5.44454e-23)
(1.08634 0.818665 -1.51084e-22)
(1.14352 0.830682 -2.14222e-22)
(1.19876 0.838299 -3.12463e-20)
(1.25383 0.842439 3.15898e-20)
(1.31002 0.843391 -8.54152e-22)
(1.36817 0.841063 -9.18398e-22)
(1.42883 0.835188 -4.89479e-22)
(1.49144 0.825144 -6.1237e-22)
(0.990044 0.760158 3.31488e-20)
(1.04728 0.78601 6.21675e-20)
(1.10267 0.804278 6.00772e-20)
(1.1559 0.816619 2.97043e-20)
(1.20836 0.824379 3.00364e-20)
(1.26105 0.828528 5.93846e-20)
(1.31473 0.829522 8.67798e-20)
(1.36995 0.827306 0)
(1.42688 0.821668 5.56875e-20)
(1.48577 0.812033 5.46728e-20)
(1.019 0.752874 -8.4635e-20)
(1.07223 0.77527 8.51158e-20)
(1.12317 0.791179 2.59784e-20)
(1.17318 0.801568 -1.12917e-19)
(1.22282 0.808237 -1.1002e-19)
(1.2731 0.812195 -5.41363e-20)
(1.32435 0.813465 -5.45552e-20)
(1.37673 0.811872 -2.71275e-20)
(1.42999 0.807186 -7.8669e-20)
(1.48614 0.798666 2.63658e-20)
(1.02283 0.764061 5.42572e-20)
(1.08423 0.774512 -7.17014e-22)
(1.13448 0.786399 -5.27882e-20)
(1.18119 0.798082 5.22978e-20)
(1.22932 0.80759 2.62473e-20)
(1.27948 0.8132 7.72376e-20)
(1.33159 0.814462 1.01202e-19)
(1.38531 0.811838 0)
(1.4389 0.80593 4.89158e-20)
(1.49577 0.797305 -4.80435e-20)
(1.22744 0.0252138 0)
(0.654093 0.298925 6.66997e-21)
(0.733682 0.247141 -1.04245e-19)
(0.750248 0.192894 1.14162e-19)
(0.677314 0.165191 -5.7869e-20)
(0.556356 0.153601 1.41817e-19)
(0.439265 0.148696 -6.64001e-20)
(0.334208 0.138227 1.07258e-20)
(0.208931 0.126108 0)
(0.0783063 0.0740407 3.96101e-20)
(0.34746 -0.0788554 -8.34301e-20)
(0.470683 2.00558e-05 -7.01373e-21)
(0.560017 0.0364159 -7.32918e-21)
(0.565589 0.0455172 7.68032e-21)
(0.518741 0.0480169 -7.63994e-20)
(0.449684 0.0641011 7.18287e-20)
(0.390581 0.0920462 -9.72426e-21)
(0.327862 0.117644 1.06907e-20)
(0.236818 0.139679 -2.3592e-20)
(0.134617 0.13331 1.32769e-20)
(0.477864 0.261602 6.05064e-21)
(0.509423 0.236149 -1.15941e-19)
(0.502948 0.215282 -9.30325e-20)
(0.458016 0.206735 1.30779e-19)
(0.397869 0.202428 0)
(0.351626 0.211045 7.65956e-20)
(0.315876 0.229641 -4.05754e-20)
(0.274521 0.247928 -2.24804e-20)
(0.209071 0.265367 7.40118e-20)
(0.141355 0.261237 -5.52946e-20)
(0.591105 0.343474 -1.35338e-19)
(0.57665 0.301313 1.45344e-19)
(0.522695 0.277966 9.87369e-23)
(0.44243 0.267647 1.01321e-19)
(0.366189 0.267164 -1.0821e-19)
(0.315765 0.278318 0)
(0.280792 0.301836 4.25976e-20)
(0.246268 0.32941 -9.16316e-20)
(0.193379 0.357858 1.01105e-19)
(0.149359 0.359471 -1.42059e-19)
(0.672269 0.398466 2.73433e-19)
(0.666329 0.358716 -1.181e-19)
(0.589753 0.345891 -1.91745e-22)
(0.490567 0.33908 -3.38176e-20)
(0.400998 0.336595 7.34532e-20)
(0.33791 0.345257 3.96927e-20)
(0.287872 0.367219 -8.73432e-20)
(0.247021 0.397156 1.4146e-19)
(0.193918 0.4321 -1.45618e-22)
(0.161893 0.435074 -8.76034e-20)
(0.690429 0.46784 8.13571e-20)
(0.713343 0.433989 -2.65381e-19)
(0.648908 0.42786 1.24977e-19)
(0.55884 0.423427 6.83467e-20)
(0.476833 0.420406 -1.10844e-19)
(0.405253 0.425755 -1.21908e-19)
(0.333916 0.443348 1.3215e-19)
(0.275864 0.469479 -4.913e-20)
(0.21043 0.504938 0)
(0.18022 0.503499 0)
(0.724107 0.55539 8.33968e-20)
(0.757403 0.52792 -1.1913e-19)
(0.709788 0.527166 -6.30893e-20)
(0.638989 0.525357 6.87495e-20)
(0.570694 0.519946 -1.10245e-19)
(0.495176 0.520281 0)
(0.410005 0.532478 -8.93667e-20)
(0.33348 0.552953 0)
(0.246419 0.585946 -5.57555e-20)
(0.208155 0.575525 6.23345e-20)
(0.781937 0.635961 1.411e-19)
(0.812757 0.613361 0)
(0.776421 0.617692 1.92017e-19)
(0.718097 0.623467 -6.68128e-20)
(0.659031 0.620466 -7.17314e-20)
(0.590929 0.618932 -3.95057e-20)
(0.507639 0.628379 2.25583e-21)
(0.421961 0.646791 0)
(0.312279 0.680793 -5.48715e-20)
(0.25634 0.661493 0)
(0.853776 0.687051 2.23504e-21)
(0.875572 0.669939 1.18563e-19)
(0.844766 0.677643 -3.25708e-20)
(0.797009 0.690962 0)
(0.747944 0.696598 3.84156e-20)
(0.692053 0.70001 -3.99286e-20)
(0.619852 0.71209 4.50728e-20)
(0.537167 0.734945 9.97289e-20)
(0.414797 0.780261 5.84821e-20)
(0.34457 0.766871 0)
(0.957433 0.74873 0)
(0.966684 0.727732 0)
(0.938677 0.730013 -3.02187e-20)
(0.901869 0.743468 0)
(0.865237 0.756652 0)
(0.824509 0.767886 -3.84713e-20)
(0.771419 0.784948 0)
(0.709077 0.813655 0)
(0.60471 0.876821 5.21571e-20)
(0.564982 0.906903 5.94511e-20)
(2.99987 -1.37254e-05 -3.7832e-21)
(2.99955 -7.05244e-05 -3.79279e-21)
(2.99891 -0.000254869 7.56752e-21)
(2.99714 -0.000522986 -1.52757e-20)
(2.99362 -0.00146211 1.51889e-20)
(2.98316 -0.00195997 0)
(2.96236 -0.00646636 0)
(2.89487 -0.00804118 -4.07691e-20)
(2.71988 -0.0162561 9.00781e-20)
(2.26657 -0.0424045 -4.93911e-20)
(2.99972 -3.14803e-05 0)
(2.99902 -0.000168879 0)
(2.9976 -0.000591188 0)
(2.99362 -0.00126626 0)
(2.98569 -0.00326853 -1.48454e-20)
(2.9611 -0.00510937 1.46647e-20)
(2.90231 -0.00968011 0)
(2.73515 -0.00949818 0)
(2.19839 0.028652 9.16513e-20)
(1.06149 0.00426706 6.43085e-20)
(2.99953 -2.60458e-05 -3.36715e-21)
(2.9984 -0.000140051 -3.3964e-21)
(2.996 -0.000442455 6.7382e-21)
(2.98966 -0.000801552 -1.39049e-20)
(2.9753 -0.00110234 -7.91787e-22)
(2.93673 9.62076e-05 1.4077e-20)
(2.83212 0.0124184 0)
(2.53312 0.0600844 -6.29825e-20)
(1.65771 0.244662 -6.27578e-20)
(0.718768 0.179454 1.48482e-19)
(2.99938 -1.87475e-05 0)
(2.99791 -0.000128671 0)
(2.9947 -0.000277714 -6.4738e-21)
(2.98669 -0.000444734 6.42829e-21)
(2.96748 0.000607716 0)
(2.91774 0.00513208 -1.5988e-20)
(2.78115 0.0275645 1.47391e-20)
(2.38798 0.111761 0)
(1.38935 0.350383 0)
(0.626029 0.402583 0)
(2.99919 -2.5978e-05 0)
(2.99738 -0.000183208 0)
(2.99321 -0.000397955 -6.18123e-21)
(2.98328 -0.000699409 6.11841e-21)
(2.95884 0.000219439 1.36418e-20)
(2.89511 0.00560095 -2.89962e-20)
(2.71941 0.0306663 5.83615e-20)
(2.21221 0.129576 -3.86256e-20)
(1.18203 0.304548 9.65615e-20)
(0.595121 0.48014 -1.23888e-19)
(2.99895 -2.64713e-05 0)
(2.99663 -0.000152586 0)
(2.99127 -0.000329553 -5.92181e-21)
(2.97849 -0.000197665 5.84513e-21)
(2.94672 0.00180894 1.34123e-20)
(2.86229 0.0119712 -2.89862e-20)
(2.6247 0.0534604 -3.30084e-20)
(1.93185 0.209522 4.06392e-20)
(0.955551 0.306211 0)
(0.556666 0.534782 0)
(2.99876 -9.26406e-06 0)
(2.99602 -4.31076e-05 0)
(2.98972 7.44153e-05 0)
(2.97468 0.00106137 0)
(2.93711 0.0055604 0)
(2.8365 0.0232779 0)
(2.55115 0.0890969 0)
(1.73586 0.31317 0)
(0.844748 0.433161 -7.04741e-20)
(0.586627 0.615636 5.73157e-20)
(2.99862 1.15663e-05 0)
(2.99558 8.76615e-05 0)
(2.9886 0.000536915 0)
(2.97199 0.0024306 0)
(2.93043 0.00942001 1.27424e-20)
(2.81904 0.0342661 -1.18504e-20)
(2.50229 0.121858 -4.97793e-20)
(1.62603 0.399375 3.91292e-20)
(0.834279 0.556123 0)
(0.683697 0.687501 -5.71716e-20)
(2.99854 2.15527e-05 0)
(2.99534 0.000149765 0)
(2.98803 0.00075322 -5.23079e-21)
(2.97067 0.00305723 5.13758e-21)
(2.92724 0.0111458 1.22969e-20)
(2.81092 0.039161 -2.70628e-20)
(2.47978 0.136802 -3.49447e-20)
(1.58507 0.439194 3.7427e-20)
(0.86772 0.636003 0)
(0.795087 0.721753 -5.3813e-20)
(2.99845 7.23271e-05 0)
(2.99508 0.000464692 0)
(2.98737 0.00181835 0)
(2.96907 0.00603457 0)
(2.92335 0.0189729 0)
(2.8011 0.0597377 0)
(2.45486 0.190927 0)
(1.57447 0.555032 0)
(0.934591 0.800994 0)
(0.911533 0.787505 0)
(2.9987 9.72362e-05 0)
(2.99587 0.000604592 0)
(2.98945 0.00203438 0)
(2.97436 0.00563594 0)
(2.93719 0.0146404 0)
(2.83906 0.0383314 0)
(2.56517 0.107189 0)
(1.81607 0.337482 0)
(1.1247 0.790225 0)
(1.01944 0.831224 0)
(2.99921 9.25689e-05 0)
(2.9975 0.000573796 0)
(2.99365 0.00192007 0)
(2.98477 0.00526793 0)
(2.96362 0.0134554 0)
(2.9104 0.0341565 0)
(2.76791 0.0902247 0)
(2.3535 0.253878 0)
(1.51734 0.684304 0)
(1.12955 0.808756 0)
(2.99947 5.69948e-05 0)
(2.99831 0.000352779 0)
(2.99571 0.00117624 0)
(2.98975 0.003202 0)
(2.97576 0.0080522 0)
(2.94152 0.0198517 0)
(2.85229 0.0502809 0)
(2.60366 0.134641 0)
(1.92736 0.391749 0)
(1.31037 0.759098 0)
(2.99968 4.68444e-05 0)
(2.99899 0.000289963 0)
(2.99745 0.0009666 0)
(2.99393 0.00262734 0)
(2.98578 0.00657239 0)
(2.96638 0.0159935 0)
(2.91772 0.039318 0)
(2.78759 0.100921 0)
(2.40706 0.277612 0)
(1.65452 0.706332 0)
(2.99985 3.30622e-05 0)
(2.99953 0.000204603 0)
(2.99882 0.000681624 0)
(2.99722 0.00184951 0)
(2.99358 0.00460566 0)
(2.98518 0.0110881 0)
(2.96524 0.0266294 0)
(2.91559 0.0657433 0)
(2.77731 0.171852 0)
(2.41966 0.478381 0)
(2.99995 1.64616e-05 0)
(2.99986 0.000101798 0)
(2.99964 0.000338494 0)
(2.99916 0.000915006 0)
(2.9981 0.00226266 0)
(2.99574 0.00537904 0)
(2.99042 0.0126205 0)
(2.97822 0.0298659 0)
(2.94812 0.0729956 0)
(2.86674 0.194971 0)
(2.99999 5.17835e-06 0)
(2.99996 3.19734e-05 0)
(2.99991 0.000105899 0)
(2.99979 0.000284131 0)
(2.99953 0.000694181 0)
(2.99897 0.00162056 0)
(2.99778 0.00370127 0)
(2.99521 0.00839297 0)
(2.99005 0.0191595 0)
(2.97735 0.0453463 0)
(3 1.35566e-06 0)
(2.99999 8.35653e-06 0)
(2.99998 2.75669e-05 0)
(2.99995 7.33797e-05 0)
(2.99988 0.000177111 0)
(2.99975 0.000405782 0)
(2.99946 0.000905132 0)
(2.99886 0.00197429 0)
(2.99754 0.00428957 0)
(2.99607 0.00891536 0)
(3 3.42953e-07 0)
(3 2.11314e-06 0)
(2.99999 6.95401e-06 0)
(2.99999 1.84486e-05 0)
(2.99997 4.42219e-05 0)
(2.99994 0.000100624 0)
(2.99988 0.000221375 0)
(2.99975 0.000479787 0)
(2.99948 0.00101598 0)
(2.99912 0.00220578 0)
(3 5.77752e-08 0)
(3 3.55973e-07 0)
(3 1.17212e-06 0)
(3 3.10755e-06 0)
(2.99999 7.44822e-06 0)
(2.99998 1.69053e-05 0)
(2.99996 3.70705e-05 0)
(2.99992 7.95583e-05 0)
(2.99985 0.000166129 0)
(2.99973 0.000358046 0)
(1.06003 0.826807 -5.47412e-21)
(1.14118 0.818389 5.24656e-21)
(1.22554 0.812271 -1.0538e-21)
(1.28696 0.809016 -4.51235e-20)
(1.3332 0.806619 -8.46627e-23)
(1.37331 0.80446 -2.25415e-20)
(1.41225 0.802581 -9.90757e-22)
(1.45175 0.80117 -2.35621e-20)
(1.49139 0.800226 -4.38112e-20)
(1.53383 0.800752 -2.16042e-20)
(1.12511 0.827616 -3.08307e-20)
(1.14771 0.840461 4.21362e-20)
(1.19601 0.847112 3.54452e-20)
(1.24928 0.852965 0)
(1.29502 0.860258 3.46814e-20)
(1.336 0.86833 2.30747e-20)
(1.3747 0.876261 -1.15744e-20)
(1.41252 0.883328 3.57347e-20)
(1.45013 0.889142 9.15778e-20)
(1.48756 0.893713 -1.26404e-20)
(1.26766 0.795885 -1.1583e-20)
(1.27398 0.806546 -2.57351e-20)
(1.30903 0.804473 1.10098e-20)
(1.36254 0.798595 -1.44884e-20)
(1.41398 0.792345 -1.0008e-19)
(1.45092 0.791282 3.70882e-20)
(1.47652 0.794888 -2.53166e-20)
(1.49623 0.801323 -2.4957e-20)
(1.51431 0.808847 -6.06223e-20)
(1.53297 0.815395 3.70995e-20)
(1.43635 0.781797 6.95239e-21)
(1.25096 0.849685 -3.08487e-21)
(1.18672 0.910394 1.31712e-20)
(1.18922 0.959427 1.28758e-20)
(1.24138 0.992496 1.26324e-20)
(1.32375 1.00663 1.25358e-20)
(1.40123 1.00372 1.257e-20)
(1.46415 0.991033 -3.73133e-20)
(1.5092 0.975074 1.14795e-19)
(1.5368 0.957822 -6.5619e-20)
(2.3555 0.546372 0)
(2.25953 0.633475 6.9722e-21)
(2.13661 0.722057 3.08277e-20)
(1.97844 0.801339 4.1981e-21)
(1.78211 0.865505 -7.49722e-20)
(1.5966 0.916294 4.67923e-20)
(1.48814 0.956964 -5.62825e-20)
(1.44964 0.999691 5.38876e-20)
(1.4568 1.03515 0)
(1.47917 1.07463 1.23672e-20)
(2.85046 0.212535 -3.11361e-21)
(2.82922 0.233762 9.629e-21)
(2.80142 0.260596 -9.22987e-21)
(2.76339 0.295093 0)
(2.71681 0.34296 -2.72308e-20)
(2.64892 0.405127 3.01116e-20)
(2.57855 0.48242 3.2934e-21)
(2.4777 0.552055 3.53679e-21)
(2.3875 0.628904 3.64792e-21)
(2.22802 0.662869 -1.07414e-19)
(2.97323 0.0494854 1.49618e-21)
(2.96833 0.0541877 -1.01075e-20)
(2.96063 0.0598963 2.13381e-20)
(2.95408 0.0667562 -1.24075e-21)
(2.94169 0.0755967 -1.76503e-20)
(2.93181 0.0859791 -1.51531e-21)
(2.91268 0.100754 -3.40489e-20)
(2.90482 0.117662 -6.47815e-21)
(2.84731 0.137842 5.42284e-20)
(2.75861 0.152399 -3.84506e-20)
(2.99468 0.00993477 -1.44818e-21)
(2.99402 0.01107 4.58554e-21)
(2.99194 0.0123255 7.61269e-22)
(2.99083 0.0141711 1.6494e-21)
(2.98777 0.0157518 -2.408e-20)
(2.98536 0.0187547 2.74674e-20)
(2.98346 0.0210866 1.78832e-21)
(2.97537 0.0251122 1.84616e-21)
(2.98143 0.0292405 1.87215e-21)
(2.91417 0.0267987 2.44568e-21)
(2.99905 0.00236408 -4.01582e-22)
(2.99871 0.00264629 -6.94165e-21)
(2.99837 0.00283455 5.38171e-21)
(2.99783 0.00329415 1.34973e-20)
(2.99732 0.00350311 -4.16321e-20)
(2.99603 0.00420263 2.73925e-20)
(2.9946 0.00450585 -2.90265e-20)
(2.99725 0.00563928 -2.22009e-22)
(2.97351 0.00267119 6.28361e-20)
(2.93525 -0.00498181 -3.19954e-20)
(2.99971 0.00038908 -3.08152e-21)
(2.99964 0.000419125 4.027e-21)
(2.99957 0.000470136 4.55892e-22)
(2.99945 0.000518919 0)
(2.99943 0.000607918 -2.9639e-20)
(2.99989 0.000762862 6.17007e-20)
(2.99767 0.000745195 -6.21481e-20)
(2.99556 0.000480576 3.2376e-20)
(2.99724 0.000437777 3.30911e-20)
(2.97788 -0.000274703 -3.30412e-20)
)
;

boundaryField
{
    inlet
    {
        type            fixedValue;
        value           uniform (3 0 0);
    }
    outlet
    {
        type            zeroGradient;
    }
    top
    {
        type            symmetryPlane;
    }
    bottom
    {
        type            symmetryPlane;
    }
    empty
    {
        type            empty;
    }
    wall
    {
        type            noSlip;
    }
}


// ************************************************************************* //
