/*--------------------------------*- C++ -*----------------------------------*\
| =========                 |                                                 |
| \\      /  F ield         | OpenFOAM: The Open Source CFD Toolbox           |
|  \\    /   O peration     | Version:  v1912                                 |
|   \\  /    A nd           | Website:  www.openfoam.com                      |
|    \\/     M anipulation  |                                                 |
\*---------------------------------------------------------------------------*/
FoamFile
{
    version     2.0;
    format      ascii;
    class       vectorField;
    location    "constant/polyMesh";
    object      points;
}
// * * * * * * * * * * * * * * * * * * * * * * * * * * * * * * * * * * * * * //


4002
(
(0 0.01 0)
(0.001 0.01 0)
(0.002 0.01 0)
(0.003 0.01 0)
(0.004 0.01 0)
(0.005 0.01 0)
(0.006 0.01 0)
(0.007 0.01 0)
(0.008 0.01 0)
(0.009 0.01 0)
(0.01 0.01 0)
(0 0.011 0)
(0.001 0.011 0)
(0.002 0.011 0)
(0.003 0.011 0)
(0.004 0.011 0)
(0.005 0.011 0)
(0.006 0.011 0)
(0.007 0.011 0)
(0.008 0.011 0)
(0.009 0.011 0)
(0.01 0.011 0)
(0 0.012 0)
(0.001 0.012 0)
(0.002 0.012 0)
(0.003 0.012 0)
(0.004 0.012 0)
(0.005 0.012 0)
(0.006 0.012 0)
(0.007 0.012 0)
(0.008 0.012 0)
(0.009 0.012 0)
(0.01 0.012 0)
(0 0.013 0)
(0.001 0.013 0)
(0.002 0.013 0)
(0.003 0.013 0)
(0.004 0.013 0)
(0.005 0.013 0)
(0.006 0.013 0)
(0.007 0.013 0)
(0.008 0.013 0)
(0.009 0.013 0)
(0.01 0.013 0)
(0 0.014 0)
(0.001 0.014 0)
(0.002 0.014 0)
(0.003 0.014 0)
(0.004 0.014 0)
(0.005 0.014 0)
(0.006 0.014 0)
(0.007 0.014 0)
(0.008 0.014 0)
(0.009 0.014 0)
(0.01 0.014 0)
(0 0.015 0)
(0.001 0.015 0)
(0.002 0.015 0)
(0.003 0.015 0)
(0.004 0.015 0)
(0.005 0.015 0)
(0.006 0.015 0)
(0.007 0.015 0)
(0.008 0.015 0)
(0.009 0.015 0)
(0.01 0.015 0)
(0 0.016 0)
(0.001 0.016 0)
(0.002 0.016 0)
(0.003 0.016 0)
(0.004 0.016 0)
(0.005 0.016 0)
(0.006 0.016 0)
(0.007 0.016 0)
(0.008 0.016 0)
(0.009 0.016 0)
(0.01 0.016 0)
(0 0.017 0)
(0.001 0.017 0)
(0.002 0.017 0)
(0.003 0.017 0)
(0.004 0.017 0)
(0.005 0.017 0)
(0.006 0.017 0)
(0.007 0.017 0)
(0.008 0.017 0)
(0.009 0.017 0)
(0.01 0.017 0)
(0 0.018 0)
(0.001 0.018 0)
(0.002 0.018 0)
(0.003 0.018 0)
(0.004 0.018 0)
(0.005 0.018 0)
(0.006 0.018 0)
(0.007 0.018 0)
(0.008 0.018 0)
(0.009 0.018 0)
(0.01 0.018 0)
(0 0.019 0)
(0.001 0.019 0)
(0.002 0.019 0)
(0.003 0.019 0)
(0.004 0.019 0)
(0.005 0.019 0)
(0.006 0.019 0)
(0.007 0.019 0)
(0.008 0.019 0)
(0.009 0.019 0)
(0.01 0.019 0)
(0 0.02 0)
(0.001 0.02 0)
(0.002 0.02 0)
(0.003 0.02 0)
(0.004 0.02 0)
(0.005 0.02 0)
(0.006 0.02 0)
(0.007 0.02 0)
(0.008 0.02 0)
(0.009 0.02 0)
(0.01 0.02 0)
(0 0.021 0)
(0.001 0.021 0)
(0.002 0.021 0)
(0.003 0.021 0)
(0.004 0.021 0)
(0.005 0.021 0)
(0.006 0.021 0)
(0.007 0.021 0)
(0.008 0.021 0)
(0.009 0.021 0)
(0.01 0.021 0)
(0 0.022 0)
(0.001 0.022 0)
(0.002 0.022 0)
(0.003 0.022 0)
(0.004 0.022 0)
(0.005 0.022 0)
(0.006 0.022 0)
(0.007 0.022 0)
(0.008 0.022 0)
(0.009 0.022 0)
(0.01 0.022 0)
(0 0.023 0)
(0.001 0.023 0)
(0.002 0.023 0)
(0.003 0.023 0)
(0.004 0.023 0)
(0.005 0.023 0)
(0.006 0.023 0)
(0.007 0.023 0)
(0.008 0.023 0)
(0.009 0.023 0)
(0.01 0.023 0)
(0 0.024 0)
(0.001 0.024 0)
(0.002 0.024 0)
(0.003 0.024 0)
(0.004 0.024 0)
(0.005 0.024 0)
(0.006 0.024 0)
(0.007 0.024 0)
(0.008 0.024 0)
(0.009 0.024 0)
(0.01 0.024 0)
(0 0.025 0)
(0.001 0.025 0)
(0.002 0.025 0)
(0.003 0.025 0)
(0.004 0.025 0)
(0.005 0.025 0)
(0.006 0.025 0)
(0.007 0.025 0)
(0.008 0.025 0)
(0.009 0.025 0)
(0.01 0.025 0)
(0 0.026 0)
(0.001 0.026 0)
(0.002 0.026 0)
(0.003 0.026 0)
(0.004 0.026 0)
(0.005 0.026 0)
(0.006 0.026 0)
(0.007 0.026 0)
(0.008 0.026 0)
(0.009 0.026 0)
(0.01 0.026 0)
(0 0.027 0)
(0.001 0.027 0)
(0.002 0.027 0)
(0.003 0.027 0)
(0.004 0.027 0)
(0.005 0.027 0)
(0.006 0.027 0)
(0.007 0.027 0)
(0.008 0.027 0)
(0.009 0.027 0)
(0.01 0.027 0)
(0 0.028 0)
(0.001 0.028 0)
(0.002 0.028 0)
(0.003 0.028 0)
(0.004 0.028 0)
(0.005 0.028 0)
(0.006 0.028 0)
(0.007 0.028 0)
(0.008 0.028 0)
(0.009 0.028 0)
(0.01 0.028 0)
(0 0.029 0)
(0.001 0.029 0)
(0.002 0.029 0)
(0.003 0.029 0)
(0.004 0.029 0)
(0.005 0.029 0)
(0.006 0.029 0)
(0.007 0.029 0)
(0.008 0.029 0)
(0.009 0.029 0)
(0.01 0.029 0)
(0 0.03 0)
(0.001 0.03 0)
(0.002 0.03 0)
(0.003 0.03 0)
(0.004 0.03 0)
(0.005 0.03 0)
(0.006 0.03 0)
(0.007 0.03 0)
(0.008 0.03 0)
(0.009 0.03 0)
(0.01 0.03 0)
(0 0.01 5e-05)
(0.001 0.01 5e-05)
(0.002 0.01 5e-05)
(0.003 0.01 5e-05)
(0.004 0.01 5e-05)
(0.005 0.01 5e-05)
(0.006 0.01 5e-05)
(0.007 0.01 5e-05)
(0.008 0.01 5e-05)
(0.009 0.01 5e-05)
(0.01 0.01 5e-05)
(0 0.011 5e-05)
(0.001 0.011 5e-05)
(0.002 0.011 5e-05)
(0.003 0.011 5e-05)
(0.004 0.011 5e-05)
(0.005 0.011 5e-05)
(0.006 0.011 5e-05)
(0.007 0.011 5e-05)
(0.008 0.011 5e-05)
(0.009 0.011 5e-05)
(0.01 0.011 5e-05)
(0 0.012 5e-05)
(0.001 0.012 5e-05)
(0.002 0.012 5e-05)
(0.003 0.012 5e-05)
(0.004 0.012 5e-05)
(0.005 0.012 5e-05)
(0.006 0.012 5e-05)
(0.007 0.012 5e-05)
(0.008 0.012 5e-05)
(0.009 0.012 5e-05)
(0.01 0.012 5e-05)
(0 0.013 5e-05)
(0.001 0.013 5e-05)
(0.002 0.013 5e-05)
(0.003 0.013 5e-05)
(0.004 0.013 5e-05)
(0.005 0.013 5e-05)
(0.006 0.013 5e-05)
(0.007 0.013 5e-05)
(0.008 0.013 5e-05)
(0.009 0.013 5e-05)
(0.01 0.013 5e-05)
(0 0.014 5e-05)
(0.001 0.014 5e-05)
(0.002 0.014 5e-05)
(0.003 0.014 5e-05)
(0.004 0.014 5e-05)
(0.005 0.014 5e-05)
(0.006 0.014 5e-05)
(0.007 0.014 5e-05)
(0.008 0.014 5e-05)
(0.009 0.014 5e-05)
(0.01 0.014 5e-05)
(0 0.015 5e-05)
(0.001 0.015 5e-05)
(0.002 0.015 5e-05)
(0.003 0.015 5e-05)
(0.004 0.015 5e-05)
(0.005 0.015 5e-05)
(0.006 0.015 5e-05)
(0.007 0.015 5e-05)
(0.008 0.015 5e-05)
(0.009 0.015 5e-05)
(0.01 0.015 5e-05)
(0 0.016 5e-05)
(0.001 0.016 5e-05)
(0.002 0.016 5e-05)
(0.003 0.016 5e-05)
(0.004 0.016 5e-05)
(0.005 0.016 5e-05)
(0.006 0.016 5e-05)
(0.007 0.016 5e-05)
(0.008 0.016 5e-05)
(0.009 0.016 5e-05)
(0.01 0.016 5e-05)
(0 0.017 5e-05)
(0.001 0.017 5e-05)
(0.002 0.017 5e-05)
(0.003 0.017 5e-05)
(0.004 0.017 5e-05)
(0.005 0.017 5e-05)
(0.006 0.017 5e-05)
(0.007 0.017 5e-05)
(0.008 0.017 5e-05)
(0.009 0.017 5e-05)
(0.01 0.017 5e-05)
(0 0.018 5e-05)
(0.001 0.018 5e-05)
(0.002 0.018 5e-05)
(0.003 0.018 5e-05)
(0.004 0.018 5e-05)
(0.005 0.018 5e-05)
(0.006 0.018 5e-05)
(0.007 0.018 5e-05)
(0.008 0.018 5e-05)
(0.009 0.018 5e-05)
(0.01 0.018 5e-05)
(0 0.019 5e-05)
(0.001 0.019 5e-05)
(0.002 0.019 5e-05)
(0.003 0.019 5e-05)
(0.004 0.019 5e-05)
(0.005 0.019 5e-05)
(0.006 0.019 5e-05)
(0.007 0.019 5e-05)
(0.008 0.019 5e-05)
(0.009 0.019 5e-05)
(0.01 0.019 5e-05)
(0 0.02 5e-05)
(0.001 0.02 5e-05)
(0.002 0.02 5e-05)
(0.003 0.02 5e-05)
(0.004 0.02 5e-05)
(0.005 0.02 5e-05)
(0.006 0.02 5e-05)
(0.007 0.02 5e-05)
(0.008 0.02 5e-05)
(0.009 0.02 5e-05)
(0.01 0.02 5e-05)
(0 0.021 5e-05)
(0.001 0.021 5e-05)
(0.002 0.021 5e-05)
(0.003 0.021 5e-05)
(0.004 0.021 5e-05)
(0.005 0.021 5e-05)
(0.006 0.021 5e-05)
(0.007 0.021 5e-05)
(0.008 0.021 5e-05)
(0.009 0.021 5e-05)
(0.01 0.021 5e-05)
(0 0.022 5e-05)
(0.001 0.022 5e-05)
(0.002 0.022 5e-05)
(0.003 0.022 5e-05)
(0.004 0.022 5e-05)
(0.005 0.022 5e-05)
(0.006 0.022 5e-05)
(0.007 0.022 5e-05)
(0.008 0.022 5e-05)
(0.009 0.022 5e-05)
(0.01 0.022 5e-05)
(0 0.023 5e-05)
(0.001 0.023 5e-05)
(0.002 0.023 5e-05)
(0.003 0.023 5e-05)
(0.004 0.023 5e-05)
(0.005 0.023 5e-05)
(0.006 0.023 5e-05)
(0.007 0.023 5e-05)
(0.008 0.023 5e-05)
(0.009 0.023 5e-05)
(0.01 0.023 5e-05)
(0 0.024 5e-05)
(0.001 0.024 5e-05)
(0.002 0.024 5e-05)
(0.003 0.024 5e-05)
(0.004 0.024 5e-05)
(0.005 0.024 5e-05)
(0.006 0.024 5e-05)
(0.007 0.024 5e-05)
(0.008 0.024 5e-05)
(0.009 0.024 5e-05)
(0.01 0.024 5e-05)
(0 0.025 5e-05)
(0.001 0.025 5e-05)
(0.002 0.025 5e-05)
(0.003 0.025 5e-05)
(0.004 0.025 5e-05)
(0.005 0.025 5e-05)
(0.006 0.025 5e-05)
(0.007 0.025 5e-05)
(0.008 0.025 5e-05)
(0.009 0.025 5e-05)
(0.01 0.025 5e-05)
(0 0.026 5e-05)
(0.001 0.026 5e-05)
(0.002 0.026 5e-05)
(0.003 0.026 5e-05)
(0.004 0.026 5e-05)
(0.005 0.026 5e-05)
(0.006 0.026 5e-05)
(0.007 0.026 5e-05)
(0.008 0.026 5e-05)
(0.009 0.026 5e-05)
(0.01 0.026 5e-05)
(0 0.027 5e-05)
(0.001 0.027 5e-05)
(0.002 0.027 5e-05)
(0.003 0.027 5e-05)
(0.004 0.027 5e-05)
(0.005 0.027 5e-05)
(0.006 0.027 5e-05)
(0.007 0.027 5e-05)
(0.008 0.027 5e-05)
(0.009 0.027 5e-05)
(0.01 0.027 5e-05)
(0 0.028 5e-05)
(0.001 0.028 5e-05)
(0.002 0.028 5e-05)
(0.003 0.028 5e-05)
(0.004 0.028 5e-05)
(0.005 0.028 5e-05)
(0.006 0.028 5e-05)
(0.007 0.028 5e-05)
(0.008 0.028 5e-05)
(0.009 0.028 5e-05)
(0.01 0.028 5e-05)
(0 0.029 5e-05)
(0.001 0.029 5e-05)
(0.002 0.029 5e-05)
(0.003 0.029 5e-05)
(0.004 0.029 5e-05)
(0.005 0.029 5e-05)
(0.006 0.029 5e-05)
(0.007 0.029 5e-05)
(0.008 0.029 5e-05)
(0.009 0.029 5e-05)
(0.01 0.029 5e-05)
(0 0.03 5e-05)
(0.001 0.03 5e-05)
(0.002 0.03 5e-05)
(0.003 0.03 5e-05)
(0.004 0.03 5e-05)
(0.005 0.03 5e-05)
(0.006 0.03 5e-05)
(0.007 0.03 5e-05)
(0.008 0.03 5e-05)
(0.009 0.03 5e-05)
(0.01 0.03 5e-05)
(0.01112841858 0.01 0)
(0.01225683716 0.01 0)
(0.01338525574 0.01 0)
(0.01451367432 0.01 0)
(0.0156420929 0.01 0)
(0.01677051148 0.01 0)
(0.01789893006 0.01 0)
(0.01902734864 0.01 0)
(0.02015576722 0.01 0)
(0.0212841858 0.01 0)
(0.02241260438 0.01 0)
(0.02354102296 0.01 0)
(0.02466944154 0.01 0)
(0.02579786012 0.01 0)
(0.0269262787 0.01 0)
(0.02805469728 0.01 0)
(0.02918311586 0.01 0)
(0.03031153444 0.01 0)
(0.03143995302 0.01 0)
(0.0325683716 0.01 0)
(0.03369679018 0.01 0)
(0.03482520876 0.01 0)
(0.03595362734 0.01 0)
(0.03708204592 0.01 0)
(0.0382104645 0.01 0)
(0.03933888308 0.01 0)
(0.04046730166 0.01 0)
(0.04159572024 0.01 0)
(0.04272413882 0.01 0)
(0.0438525574 0.01 0)
(0.04498097598 0.01 0)
(0.04610939456 0.01 0)
(0.04723781314 0.01 0)
(0.04836623172 0.01 0)
(0.0494946503 0.01 0)
(0.05062306888 0.01 0)
(0.05175148746 0.01 0)
(0.05287990604 0.01 0)
(0.05400832462 0.01 0)
(0.0551367432 0.01 0)
(0.05626516178 0.01 0)
(0.05739358036 0.01 0)
(0.05852199894 0.01 0)
(0.05965041752 0.01 0)
(0.0607788361 0.01 0)
(0.06190725468 0.01 0)
(0.06303567326 0.01 0)
(0.06416409184 0.01 0)
(0.06529251042 0.01 0)
(0.066420929 0.01 0)
(0.01112841858 0.011 0)
(0.01225683716 0.011 0)
(0.01338525574 0.011 0)
(0.01451367432 0.011 0)
(0.0156420929 0.011 0)
(0.01677051148 0.011 0)
(0.01789893006 0.011 0)
(0.01902734864 0.011 0)
(0.02015576722 0.011 0)
(0.0212841858 0.011 0)
(0.02241260438 0.011 0)
(0.02354102296 0.011 0)
(0.02466944154 0.011 0)
(0.02579786012 0.011 0)
(0.0269262787 0.011 0)
(0.02805469728 0.011 0)
(0.02918311586 0.011 0)
(0.03031153444 0.011 0)
(0.03143995302 0.011 0)
(0.0325683716 0.011 0)
(0.03369679018 0.011 0)
(0.03482520876 0.011 0)
(0.03595362734 0.011 0)
(0.03708204592 0.011 0)
(0.0382104645 0.011 0)
(0.03933888308 0.011 0)
(0.04046730166 0.011 0)
(0.04159572024 0.011 0)
(0.04272413882 0.011 0)
(0.0438525574 0.011 0)
(0.04498097598 0.011 0)
(0.04610939456 0.011 0)
(0.04723781314 0.011 0)
(0.04836623172 0.011 0)
(0.0494946503 0.011 0)
(0.05062306888 0.011 0)
(0.05175148746 0.011 0)
(0.05287990604 0.011 0)
(0.05400832462 0.011 0)
(0.0551367432 0.011 0)
(0.05626516178 0.011 0)
(0.05739358036 0.011 0)
(0.05852199894 0.011 0)
(0.05965041752 0.011 0)
(0.0607788361 0.011 0)
(0.06190725468 0.011 0)
(0.06303567326 0.011 0)
(0.06416409184 0.011 0)
(0.06529251042 0.011 0)
(0.066420929 0.011 0)
(0.01112841858 0.012 0)
(0.01225683716 0.012 0)
(0.01338525574 0.012 0)
(0.01451367432 0.012 0)
(0.0156420929 0.012 0)
(0.01677051148 0.012 0)
(0.01789893006 0.012 0)
(0.01902734864 0.012 0)
(0.02015576722 0.012 0)
(0.0212841858 0.012 0)
(0.02241260438 0.012 0)
(0.02354102296 0.012 0)
(0.02466944154 0.012 0)
(0.02579786012 0.012 0)
(0.0269262787 0.012 0)
(0.02805469728 0.012 0)
(0.02918311586 0.012 0)
(0.03031153444 0.012 0)
(0.03143995302 0.012 0)
(0.0325683716 0.012 0)
(0.03369679018 0.012 0)
(0.03482520876 0.012 0)
(0.03595362734 0.012 0)
(0.03708204592 0.012 0)
(0.0382104645 0.012 0)
(0.03933888308 0.012 0)
(0.04046730166 0.012 0)
(0.04159572024 0.012 0)
(0.04272413882 0.012 0)
(0.0438525574 0.012 0)
(0.04498097598 0.012 0)
(0.04610939456 0.012 0)
(0.04723781314 0.012 0)
(0.04836623172 0.012 0)
(0.0494946503 0.012 0)
(0.05062306888 0.012 0)
(0.05175148746 0.012 0)
(0.05287990604 0.012 0)
(0.05400832462 0.012 0)
(0.0551367432 0.012 0)
(0.05626516178 0.012 0)
(0.05739358036 0.012 0)
(0.05852199894 0.012 0)
(0.05965041752 0.012 0)
(0.0607788361 0.012 0)
(0.06190725468 0.012 0)
(0.06303567326 0.012 0)
(0.06416409184 0.012 0)
(0.06529251042 0.012 0)
(0.066420929 0.012 0)
(0.01112841858 0.013 0)
(0.01225683716 0.013 0)
(0.01338525574 0.013 0)
(0.01451367432 0.013 0)
(0.0156420929 0.013 0)
(0.01677051148 0.013 0)
(0.01789893006 0.013 0)
(0.01902734864 0.013 0)
(0.02015576722 0.013 0)
(0.0212841858 0.013 0)
(0.02241260438 0.013 0)
(0.02354102296 0.013 0)
(0.02466944154 0.013 0)
(0.02579786012 0.013 0)
(0.0269262787 0.013 0)
(0.02805469728 0.013 0)
(0.02918311586 0.013 0)
(0.03031153444 0.013 0)
(0.03143995302 0.013 0)
(0.0325683716 0.013 0)
(0.03369679018 0.013 0)
(0.03482520876 0.013 0)
(0.03595362734 0.013 0)
(0.03708204592 0.013 0)
(0.0382104645 0.013 0)
(0.03933888308 0.013 0)
(0.04046730166 0.013 0)
(0.04159572024 0.013 0)
(0.04272413882 0.013 0)
(0.0438525574 0.013 0)
(0.04498097598 0.013 0)
(0.04610939456 0.013 0)
(0.04723781314 0.013 0)
(0.04836623172 0.013 0)
(0.0494946503 0.013 0)
(0.05062306888 0.013 0)
(0.05175148746 0.013 0)
(0.05287990604 0.013 0)
(0.05400832462 0.013 0)
(0.0551367432 0.013 0)
(0.05626516178 0.013 0)
(0.05739358036 0.013 0)
(0.05852199894 0.013 0)
(0.05965041752 0.013 0)
(0.0607788361 0.013 0)
(0.06190725468 0.013 0)
(0.06303567326 0.013 0)
(0.06416409184 0.013 0)
(0.06529251042 0.013 0)
(0.066420929 0.013 0)
(0.01112841858 0.014 0)
(0.01225683716 0.014 0)
(0.01338525574 0.014 0)
(0.01451367432 0.014 0)
(0.0156420929 0.014 0)
(0.01677051148 0.014 0)
(0.01789893006 0.014 0)
(0.01902734864 0.014 0)
(0.02015576722 0.014 0)
(0.0212841858 0.014 0)
(0.02241260438 0.014 0)
(0.02354102296 0.014 0)
(0.02466944154 0.014 0)
(0.02579786012 0.014 0)
(0.0269262787 0.014 0)
(0.02805469728 0.014 0)
(0.02918311586 0.014 0)
(0.03031153444 0.014 0)
(0.03143995302 0.014 0)
(0.0325683716 0.014 0)
(0.03369679018 0.014 0)
(0.03482520876 0.014 0)
(0.03595362734 0.014 0)
(0.03708204592 0.014 0)
(0.0382104645 0.014 0)
(0.03933888308 0.014 0)
(0.04046730166 0.014 0)
(0.04159572024 0.014 0)
(0.04272413882 0.014 0)
(0.0438525574 0.014 0)
(0.04498097598 0.014 0)
(0.04610939456 0.014 0)
(0.04723781314 0.014 0)
(0.04836623172 0.014 0)
(0.0494946503 0.014 0)
(0.05062306888 0.014 0)
(0.05175148746 0.014 0)
(0.05287990604 0.014 0)
(0.05400832462 0.014 0)
(0.0551367432 0.014 0)
(0.05626516178 0.014 0)
(0.05739358036 0.014 0)
(0.05852199894 0.014 0)
(0.05965041752 0.014 0)
(0.0607788361 0.014 0)
(0.06190725468 0.014 0)
(0.06303567326 0.014 0)
(0.06416409184 0.014 0)
(0.06529251042 0.014 0)
(0.066420929 0.014 0)
(0.01112841858 0.015 0)
(0.01225683716 0.015 0)
(0.01338525574 0.015 0)
(0.01451367432 0.015 0)
(0.0156420929 0.015 0)
(0.01677051148 0.015 0)
(0.01789893006 0.015 0)
(0.01902734864 0.015 0)
(0.02015576722 0.015 0)
(0.0212841858 0.015 0)
(0.02241260438 0.015 0)
(0.02354102296 0.015 0)
(0.02466944154 0.015 0)
(0.02579786012 0.015 0)
(0.0269262787 0.015 0)
(0.02805469728 0.015 0)
(0.02918311586 0.015 0)
(0.03031153444 0.015 0)
(0.03143995302 0.015 0)
(0.0325683716 0.015 0)
(0.03369679018 0.015 0)
(0.03482520876 0.015 0)
(0.03595362734 0.015 0)
(0.03708204592 0.015 0)
(0.0382104645 0.015 0)
(0.03933888308 0.015 0)
(0.04046730166 0.015 0)
(0.04159572024 0.015 0)
(0.04272413882 0.015 0)
(0.0438525574 0.015 0)
(0.04498097598 0.015 0)
(0.04610939456 0.015 0)
(0.04723781314 0.015 0)
(0.04836623172 0.015 0)
(0.0494946503 0.015 0)
(0.05062306888 0.015 0)
(0.05175148746 0.015 0)
(0.05287990604 0.015 0)
(0.05400832462 0.015 0)
(0.0551367432 0.015 0)
(0.05626516178 0.015 0)
(0.05739358036 0.015 0)
(0.05852199894 0.015 0)
(0.05965041752 0.015 0)
(0.0607788361 0.015 0)
(0.06190725468 0.015 0)
(0.06303567326 0.015 0)
(0.06416409184 0.015 0)
(0.06529251042 0.015 0)
(0.066420929 0.015 0)
(0.01112841858 0.016 0)
(0.01225683716 0.016 0)
(0.01338525574 0.016 0)
(0.01451367432 0.016 0)
(0.0156420929 0.016 0)
(0.01677051148 0.016 0)
(0.01789893006 0.016 0)
(0.01902734864 0.016 0)
(0.02015576722 0.016 0)
(0.0212841858 0.016 0)
(0.02241260438 0.016 0)
(0.02354102296 0.016 0)
(0.02466944154 0.016 0)
(0.02579786012 0.016 0)
(0.0269262787 0.016 0)
(0.02805469728 0.016 0)
(0.02918311586 0.016 0)
(0.03031153444 0.016 0)
(0.03143995302 0.016 0)
(0.0325683716 0.016 0)
(0.03369679018 0.016 0)
(0.03482520876 0.016 0)
(0.03595362734 0.016 0)
(0.03708204592 0.016 0)
(0.0382104645 0.016 0)
(0.03933888308 0.016 0)
(0.04046730166 0.016 0)
(0.04159572024 0.016 0)
(0.04272413882 0.016 0)
(0.0438525574 0.016 0)
(0.04498097598 0.016 0)
(0.04610939456 0.016 0)
(0.04723781314 0.016 0)
(0.04836623172 0.016 0)
(0.0494946503 0.016 0)
(0.05062306888 0.016 0)
(0.05175148746 0.016 0)
(0.05287990604 0.016 0)
(0.05400832462 0.016 0)
(0.0551367432 0.016 0)
(0.05626516178 0.016 0)
(0.05739358036 0.016 0)
(0.05852199894 0.016 0)
(0.05965041752 0.016 0)
(0.0607788361 0.016 0)
(0.06190725468 0.016 0)
(0.06303567326 0.016 0)
(0.06416409184 0.016 0)
(0.06529251042 0.016 0)
(0.066420929 0.016 0)
(0.01112841858 0.017 0)
(0.01225683716 0.017 0)
(0.01338525574 0.017 0)
(0.01451367432 0.017 0)
(0.0156420929 0.017 0)
(0.01677051148 0.017 0)
(0.01789893006 0.017 0)
(0.01902734864 0.017 0)
(0.02015576722 0.017 0)
(0.0212841858 0.017 0)
(0.02241260438 0.017 0)
(0.02354102296 0.017 0)
(0.02466944154 0.017 0)
(0.02579786012 0.017 0)
(0.0269262787 0.017 0)
(0.02805469728 0.017 0)
(0.02918311586 0.017 0)
(0.03031153444 0.017 0)
(0.03143995302 0.017 0)
(0.0325683716 0.017 0)
(0.03369679018 0.017 0)
(0.03482520876 0.017 0)
(0.03595362734 0.017 0)
(0.03708204592 0.017 0)
(0.0382104645 0.017 0)
(0.03933888308 0.017 0)
(0.04046730166 0.017 0)
(0.04159572024 0.017 0)
(0.04272413882 0.017 0)
(0.0438525574 0.017 0)
(0.04498097598 0.017 0)
(0.04610939456 0.017 0)
(0.04723781314 0.017 0)
(0.04836623172 0.017 0)
(0.0494946503 0.017 0)
(0.05062306888 0.017 0)
(0.05175148746 0.017 0)
(0.05287990604 0.017 0)
(0.05400832462 0.017 0)
(0.0551367432 0.017 0)
(0.05626516178 0.017 0)
(0.05739358036 0.017 0)
(0.05852199894 0.017 0)
(0.05965041752 0.017 0)
(0.0607788361 0.017 0)
(0.06190725468 0.017 0)
(0.06303567326 0.017 0)
(0.06416409184 0.017 0)
(0.06529251042 0.017 0)
(0.066420929 0.017 0)
(0.01112841858 0.018 0)
(0.01225683716 0.018 0)
(0.01338525574 0.018 0)
(0.01451367432 0.018 0)
(0.0156420929 0.018 0)
(0.01677051148 0.018 0)
(0.01789893006 0.018 0)
(0.01902734864 0.018 0)
(0.02015576722 0.018 0)
(0.0212841858 0.018 0)
(0.02241260438 0.018 0)
(0.02354102296 0.018 0)
(0.02466944154 0.018 0)
(0.02579786012 0.018 0)
(0.0269262787 0.018 0)
(0.02805469728 0.018 0)
(0.02918311586 0.018 0)
(0.03031153444 0.018 0)
(0.03143995302 0.018 0)
(0.0325683716 0.018 0)
(0.03369679018 0.018 0)
(0.03482520876 0.018 0)
(0.03595362734 0.018 0)
(0.03708204592 0.018 0)
(0.0382104645 0.018 0)
(0.03933888308 0.018 0)
(0.04046730166 0.018 0)
(0.04159572024 0.018 0)
(0.04272413882 0.018 0)
(0.0438525574 0.018 0)
(0.04498097598 0.018 0)
(0.04610939456 0.018 0)
(0.04723781314 0.018 0)
(0.04836623172 0.018 0)
(0.0494946503 0.018 0)
(0.05062306888 0.018 0)
(0.05175148746 0.018 0)
(0.05287990604 0.018 0)
(0.05400832462 0.018 0)
(0.0551367432 0.018 0)
(0.05626516178 0.018 0)
(0.05739358036 0.018 0)
(0.05852199894 0.018 0)
(0.05965041752 0.018 0)
(0.0607788361 0.018 0)
(0.06190725468 0.018 0)
(0.06303567326 0.018 0)
(0.06416409184 0.018 0)
(0.06529251042 0.018 0)
(0.066420929 0.018 0)
(0.01112841858 0.019 0)
(0.01225683716 0.019 0)
(0.01338525574 0.019 0)
(0.01451367432 0.019 0)
(0.0156420929 0.019 0)
(0.01677051148 0.019 0)
(0.01789893006 0.019 0)
(0.01902734864 0.019 0)
(0.02015576722 0.019 0)
(0.0212841858 0.019 0)
(0.02241260438 0.019 0)
(0.02354102296 0.019 0)
(0.02466944154 0.019 0)
(0.02579786012 0.019 0)
(0.0269262787 0.019 0)
(0.02805469728 0.019 0)
(0.02918311586 0.019 0)
(0.03031153444 0.019 0)
(0.03143995302 0.019 0)
(0.0325683716 0.019 0)
(0.03369679018 0.019 0)
(0.03482520876 0.019 0)
(0.03595362734 0.019 0)
(0.03708204592 0.019 0)
(0.0382104645 0.019 0)
(0.03933888308 0.019 0)
(0.04046730166 0.019 0)
(0.04159572024 0.019 0)
(0.04272413882 0.019 0)
(0.0438525574 0.019 0)
(0.04498097598 0.019 0)
(0.04610939456 0.019 0)
(0.04723781314 0.019 0)
(0.04836623172 0.019 0)
(0.0494946503 0.019 0)
(0.05062306888 0.019 0)
(0.05175148746 0.019 0)
(0.05287990604 0.019 0)
(0.05400832462 0.019 0)
(0.0551367432 0.019 0)
(0.05626516178 0.019 0)
(0.05739358036 0.019 0)
(0.05852199894 0.019 0)
(0.05965041752 0.019 0)
(0.0607788361 0.019 0)
(0.06190725468 0.019 0)
(0.06303567326 0.019 0)
(0.06416409184 0.019 0)
(0.06529251042 0.019 0)
(0.066420929 0.019 0)
(0.01112841858 0.02 0)
(0.01225683716 0.02 0)
(0.01338525574 0.02 0)
(0.01451367432 0.02 0)
(0.0156420929 0.02 0)
(0.01677051148 0.02 0)
(0.01789893006 0.02 0)
(0.01902734864 0.02 0)
(0.02015576722 0.02 0)
(0.0212841858 0.02 0)
(0.02241260438 0.02 0)
(0.02354102296 0.02 0)
(0.02466944154 0.02 0)
(0.02579786012 0.02 0)
(0.0269262787 0.02 0)
(0.02805469728 0.02 0)
(0.02918311586 0.02 0)
(0.03031153444 0.02 0)
(0.03143995302 0.02 0)
(0.0325683716 0.02 0)
(0.03369679018 0.02 0)
(0.03482520876 0.02 0)
(0.03595362734 0.02 0)
(0.03708204592 0.02 0)
(0.0382104645 0.02 0)
(0.03933888308 0.02 0)
(0.04046730166 0.02 0)
(0.04159572024 0.02 0)
(0.04272413882 0.02 0)
(0.0438525574 0.02 0)
(0.04498097598 0.02 0)
(0.04610939456 0.02 0)
(0.04723781314 0.02 0)
(0.04836623172 0.02 0)
(0.0494946503 0.02 0)
(0.05062306888 0.02 0)
(0.05175148746 0.02 0)
(0.05287990604 0.02 0)
(0.05400832462 0.02 0)
(0.0551367432 0.02 0)
(0.05626516178 0.02 0)
(0.05739358036 0.02 0)
(0.05852199894 0.02 0)
(0.05965041752 0.02 0)
(0.0607788361 0.02 0)
(0.06190725468 0.02 0)
(0.06303567326 0.02 0)
(0.06416409184 0.02 0)
(0.06529251042 0.02 0)
(0.066420929 0.02 0)
(0.01112841858 0.021 0)
(0.01225683716 0.021 0)
(0.01338525574 0.021 0)
(0.01451367432 0.021 0)
(0.0156420929 0.021 0)
(0.01677051148 0.021 0)
(0.01789893006 0.021 0)
(0.01902734864 0.021 0)
(0.02015576722 0.021 0)
(0.0212841858 0.021 0)
(0.02241260438 0.021 0)
(0.02354102296 0.021 0)
(0.02466944154 0.021 0)
(0.02579786012 0.021 0)
(0.0269262787 0.021 0)
(0.02805469728 0.021 0)
(0.02918311586 0.021 0)
(0.03031153444 0.021 0)
(0.03143995302 0.021 0)
(0.0325683716 0.021 0)
(0.03369679018 0.021 0)
(0.03482520876 0.021 0)
(0.03595362734 0.021 0)
(0.03708204592 0.021 0)
(0.0382104645 0.021 0)
(0.03933888308 0.021 0)
(0.04046730166 0.021 0)
(0.04159572024 0.021 0)
(0.04272413882 0.021 0)
(0.0438525574 0.021 0)
(0.04498097598 0.021 0)
(0.04610939456 0.021 0)
(0.04723781314 0.021 0)
(0.04836623172 0.021 0)
(0.0494946503 0.021 0)
(0.05062306888 0.021 0)
(0.05175148746 0.021 0)
(0.05287990604 0.021 0)
(0.05400832462 0.021 0)
(0.0551367432 0.021 0)
(0.05626516178 0.021 0)
(0.05739358036 0.021 0)
(0.05852199894 0.021 0)
(0.05965041752 0.021 0)
(0.0607788361 0.021 0)
(0.06190725468 0.021 0)
(0.06303567326 0.021 0)
(0.06416409184 0.021 0)
(0.06529251042 0.021 0)
(0.066420929 0.021 0)
(0.01112841858 0.022 0)
(0.01225683716 0.022 0)
(0.01338525574 0.022 0)
(0.01451367432 0.022 0)
(0.0156420929 0.022 0)
(0.01677051148 0.022 0)
(0.01789893006 0.022 0)
(0.01902734864 0.022 0)
(0.02015576722 0.022 0)
(0.0212841858 0.022 0)
(0.02241260438 0.022 0)
(0.02354102296 0.022 0)
(0.02466944154 0.022 0)
(0.02579786012 0.022 0)
(0.0269262787 0.022 0)
(0.02805469728 0.022 0)
(0.02918311586 0.022 0)
(0.03031153444 0.022 0)
(0.03143995302 0.022 0)
(0.0325683716 0.022 0)
(0.03369679018 0.022 0)
(0.03482520876 0.022 0)
(0.03595362734 0.022 0)
(0.03708204592 0.022 0)
(0.0382104645 0.022 0)
(0.03933888308 0.022 0)
(0.04046730166 0.022 0)
(0.04159572024 0.022 0)
(0.04272413882 0.022 0)
(0.0438525574 0.022 0)
(0.04498097598 0.022 0)
(0.04610939456 0.022 0)
(0.04723781314 0.022 0)
(0.04836623172 0.022 0)
(0.0494946503 0.022 0)
(0.05062306888 0.022 0)
(0.05175148746 0.022 0)
(0.05287990604 0.022 0)
(0.05400832462 0.022 0)
(0.0551367432 0.022 0)
(0.05626516178 0.022 0)
(0.05739358036 0.022 0)
(0.05852199894 0.022 0)
(0.05965041752 0.022 0)
(0.0607788361 0.022 0)
(0.06190725468 0.022 0)
(0.06303567326 0.022 0)
(0.06416409184 0.022 0)
(0.06529251042 0.022 0)
(0.066420929 0.022 0)
(0.01112841858 0.023 0)
(0.01225683716 0.023 0)
(0.01338525574 0.023 0)
(0.01451367432 0.023 0)
(0.0156420929 0.023 0)
(0.01677051148 0.023 0)
(0.01789893006 0.023 0)
(0.01902734864 0.023 0)
(0.02015576722 0.023 0)
(0.0212841858 0.023 0)
(0.02241260438 0.023 0)
(0.02354102296 0.023 0)
(0.02466944154 0.023 0)
(0.02579786012 0.023 0)
(0.0269262787 0.023 0)
(0.02805469728 0.023 0)
(0.02918311586 0.023 0)
(0.03031153444 0.023 0)
(0.03143995302 0.023 0)
(0.0325683716 0.023 0)
(0.03369679018 0.023 0)
(0.03482520876 0.023 0)
(0.03595362734 0.023 0)
(0.03708204592 0.023 0)
(0.0382104645 0.023 0)
(0.03933888308 0.023 0)
(0.04046730166 0.023 0)
(0.04159572024 0.023 0)
(0.04272413882 0.023 0)
(0.0438525574 0.023 0)
(0.04498097598 0.023 0)
(0.04610939456 0.023 0)
(0.04723781314 0.023 0)
(0.04836623172 0.023 0)
(0.0494946503 0.023 0)
(0.05062306888 0.023 0)
(0.05175148746 0.023 0)
(0.05287990604 0.023 0)
(0.05400832462 0.023 0)
(0.0551367432 0.023 0)
(0.05626516178 0.023 0)
(0.05739358036 0.023 0)
(0.05852199894 0.023 0)
(0.05965041752 0.023 0)
(0.0607788361 0.023 0)
(0.06190725468 0.023 0)
(0.06303567326 0.023 0)
(0.06416409184 0.023 0)
(0.06529251042 0.023 0)
(0.066420929 0.023 0)
(0.01112841858 0.024 0)
(0.01225683716 0.024 0)
(0.01338525574 0.024 0)
(0.01451367432 0.024 0)
(0.0156420929 0.024 0)
(0.01677051148 0.024 0)
(0.01789893006 0.024 0)
(0.01902734864 0.024 0)
(0.02015576722 0.024 0)
(0.0212841858 0.024 0)
(0.02241260438 0.024 0)
(0.02354102296 0.024 0)
(0.02466944154 0.024 0)
(0.02579786012 0.024 0)
(0.0269262787 0.024 0)
(0.02805469728 0.024 0)
(0.02918311586 0.024 0)
(0.03031153444 0.024 0)
(0.03143995302 0.024 0)
(0.0325683716 0.024 0)
(0.03369679018 0.024 0)
(0.03482520876 0.024 0)
(0.03595362734 0.024 0)
(0.03708204592 0.024 0)
(0.0382104645 0.024 0)
(0.03933888308 0.024 0)
(0.04046730166 0.024 0)
(0.04159572024 0.024 0)
(0.04272413882 0.024 0)
(0.0438525574 0.024 0)
(0.04498097598 0.024 0)
(0.04610939456 0.024 0)
(0.04723781314 0.024 0)
(0.04836623172 0.024 0)
(0.0494946503 0.024 0)
(0.05062306888 0.024 0)
(0.05175148746 0.024 0)
(0.05287990604 0.024 0)
(0.05400832462 0.024 0)
(0.0551367432 0.024 0)
(0.05626516178 0.024 0)
(0.05739358036 0.024 0)
(0.05852199894 0.024 0)
(0.05965041752 0.024 0)
(0.0607788361 0.024 0)
(0.06190725468 0.024 0)
(0.06303567326 0.024 0)
(0.06416409184 0.024 0)
(0.06529251042 0.024 0)
(0.066420929 0.024 0)
(0.01112841858 0.025 0)
(0.01225683716 0.025 0)
(0.01338525574 0.025 0)
(0.01451367432 0.025 0)
(0.0156420929 0.025 0)
(0.01677051148 0.025 0)
(0.01789893006 0.025 0)
(0.01902734864 0.025 0)
(0.02015576722 0.025 0)
(0.0212841858 0.025 0)
(0.02241260438 0.025 0)
(0.02354102296 0.025 0)
(0.02466944154 0.025 0)
(0.02579786012 0.025 0)
(0.0269262787 0.025 0)
(0.02805469728 0.025 0)
(0.02918311586 0.025 0)
(0.03031153444 0.025 0)
(0.03143995302 0.025 0)
(0.0325683716 0.025 0)
(0.03369679018 0.025 0)
(0.03482520876 0.025 0)
(0.03595362734 0.025 0)
(0.03708204592 0.025 0)
(0.0382104645 0.025 0)
(0.03933888308 0.025 0)
(0.04046730166 0.025 0)
(0.04159572024 0.025 0)
(0.04272413882 0.025 0)
(0.0438525574 0.025 0)
(0.04498097598 0.025 0)
(0.04610939456 0.025 0)
(0.04723781314 0.025 0)
(0.04836623172 0.025 0)
(0.0494946503 0.025 0)
(0.05062306888 0.025 0)
(0.05175148746 0.025 0)
(0.05287990604 0.025 0)
(0.05400832462 0.025 0)
(0.0551367432 0.025 0)
(0.05626516178 0.025 0)
(0.05739358036 0.025 0)
(0.05852199894 0.025 0)
(0.05965041752 0.025 0)
(0.0607788361 0.025 0)
(0.06190725468 0.025 0)
(0.06303567326 0.025 0)
(0.06416409184 0.025 0)
(0.06529251042 0.025 0)
(0.066420929 0.025 0)
(0.01112841858 0.026 0)
(0.01225683716 0.026 0)
(0.01338525574 0.026 0)
(0.01451367432 0.026 0)
(0.0156420929 0.026 0)
(0.01677051148 0.026 0)
(0.01789893006 0.026 0)
(0.01902734864 0.026 0)
(0.02015576722 0.026 0)
(0.0212841858 0.026 0)
(0.02241260438 0.026 0)
(0.02354102296 0.026 0)
(0.02466944154 0.026 0)
(0.02579786012 0.026 0)
(0.0269262787 0.026 0)
(0.02805469728 0.026 0)
(0.02918311586 0.026 0)
(0.03031153444 0.026 0)
(0.03143995302 0.026 0)
(0.0325683716 0.026 0)
(0.03369679018 0.026 0)
(0.03482520876 0.026 0)
(0.03595362734 0.026 0)
(0.03708204592 0.026 0)
(0.0382104645 0.026 0)
(0.03933888308 0.026 0)
(0.04046730166 0.026 0)
(0.04159572024 0.026 0)
(0.04272413882 0.026 0)
(0.0438525574 0.026 0)
(0.04498097598 0.026 0)
(0.04610939456 0.026 0)
(0.04723781314 0.026 0)
(0.04836623172 0.026 0)
(0.0494946503 0.026 0)
(0.05062306888 0.026 0)
(0.05175148746 0.026 0)
(0.05287990604 0.026 0)
(0.05400832462 0.026 0)
(0.0551367432 0.026 0)
(0.05626516178 0.026 0)
(0.05739358036 0.026 0)
(0.05852199894 0.026 0)
(0.05965041752 0.026 0)
(0.0607788361 0.026 0)
(0.06190725468 0.026 0)
(0.06303567326 0.026 0)
(0.06416409184 0.026 0)
(0.06529251042 0.026 0)
(0.066420929 0.026 0)
(0.01112841858 0.027 0)
(0.01225683716 0.027 0)
(0.01338525574 0.027 0)
(0.01451367432 0.027 0)
(0.0156420929 0.027 0)
(0.01677051148 0.027 0)
(0.01789893006 0.027 0)
(0.01902734864 0.027 0)
(0.02015576722 0.027 0)
(0.0212841858 0.027 0)
(0.02241260438 0.027 0)
(0.02354102296 0.027 0)
(0.02466944154 0.027 0)
(0.02579786012 0.027 0)
(0.0269262787 0.027 0)
(0.02805469728 0.027 0)
(0.02918311586 0.027 0)
(0.03031153444 0.027 0)
(0.03143995302 0.027 0)
(0.0325683716 0.027 0)
(0.03369679018 0.027 0)
(0.03482520876 0.027 0)
(0.03595362734 0.027 0)
(0.03708204592 0.027 0)
(0.0382104645 0.027 0)
(0.03933888308 0.027 0)
(0.04046730166 0.027 0)
(0.04159572024 0.027 0)
(0.04272413882 0.027 0)
(0.0438525574 0.027 0)
(0.04498097598 0.027 0)
(0.04610939456 0.027 0)
(0.04723781314 0.027 0)
(0.04836623172 0.027 0)
(0.0494946503 0.027 0)
(0.05062306888 0.027 0)
(0.05175148746 0.027 0)
(0.05287990604 0.027 0)
(0.05400832462 0.027 0)
(0.0551367432 0.027 0)
(0.05626516178 0.027 0)
(0.05739358036 0.027 0)
(0.05852199894 0.027 0)
(0.05965041752 0.027 0)
(0.0607788361 0.027 0)
(0.06190725468 0.027 0)
(0.06303567326 0.027 0)
(0.06416409184 0.027 0)
(0.06529251042 0.027 0)
(0.066420929 0.027 0)
(0.01112841858 0.028 0)
(0.01225683716 0.028 0)
(0.01338525574 0.028 0)
(0.01451367432 0.028 0)
(0.0156420929 0.028 0)
(0.01677051148 0.028 0)
(0.01789893006 0.028 0)
(0.01902734864 0.028 0)
(0.02015576722 0.028 0)
(0.0212841858 0.028 0)
(0.02241260438 0.028 0)
(0.02354102296 0.028 0)
(0.02466944154 0.028 0)
(0.02579786012 0.028 0)
(0.0269262787 0.028 0)
(0.02805469728 0.028 0)
(0.02918311586 0.028 0)
(0.03031153444 0.028 0)
(0.03143995302 0.028 0)
(0.0325683716 0.028 0)
(0.03369679018 0.028 0)
(0.03482520876 0.028 0)
(0.03595362734 0.028 0)
(0.03708204592 0.028 0)
(0.0382104645 0.028 0)
(0.03933888308 0.028 0)
(0.04046730166 0.028 0)
(0.04159572024 0.028 0)
(0.04272413882 0.028 0)
(0.0438525574 0.028 0)
(0.04498097598 0.028 0)
(0.04610939456 0.028 0)
(0.04723781314 0.028 0)
(0.04836623172 0.028 0)
(0.0494946503 0.028 0)
(0.05062306888 0.028 0)
(0.05175148746 0.028 0)
(0.05287990604 0.028 0)
(0.05400832462 0.028 0)
(0.0551367432 0.028 0)
(0.05626516178 0.028 0)
(0.05739358036 0.028 0)
(0.05852199894 0.028 0)
(0.05965041752 0.028 0)
(0.0607788361 0.028 0)
(0.06190725468 0.028 0)
(0.06303567326 0.028 0)
(0.06416409184 0.028 0)
(0.06529251042 0.028 0)
(0.066420929 0.028 0)
(0.01112841858 0.029 0)
(0.01225683716 0.029 0)
(0.01338525574 0.029 0)
(0.01451367432 0.029 0)
(0.0156420929 0.029 0)
(0.01677051148 0.029 0)
(0.01789893006 0.029 0)
(0.01902734864 0.029 0)
(0.02015576722 0.029 0)
(0.0212841858 0.029 0)
(0.02241260438 0.029 0)
(0.02354102296 0.029 0)
(0.02466944154 0.029 0)
(0.02579786012 0.029 0)
(0.0269262787 0.029 0)
(0.02805469728 0.029 0)
(0.02918311586 0.029 0)
(0.03031153444 0.029 0)
(0.03143995302 0.029 0)
(0.0325683716 0.029 0)
(0.03369679018 0.029 0)
(0.03482520876 0.029 0)
(0.03595362734 0.029 0)
(0.03708204592 0.029 0)
(0.0382104645 0.029 0)
(0.03933888308 0.029 0)
(0.04046730166 0.029 0)
(0.04159572024 0.029 0)
(0.04272413882 0.029 0)
(0.0438525574 0.029 0)
(0.04498097598 0.029 0)
(0.04610939456 0.029 0)
(0.04723781314 0.029 0)
(0.04836623172 0.029 0)
(0.0494946503 0.029 0)
(0.05062306888 0.029 0)
(0.05175148746 0.029 0)
(0.05287990604 0.029 0)
(0.05400832462 0.029 0)
(0.0551367432 0.029 0)
(0.05626516178 0.029 0)
(0.05739358036 0.029 0)
(0.05852199894 0.029 0)
(0.05965041752 0.029 0)
(0.0607788361 0.029 0)
(0.06190725468 0.029 0)
(0.06303567326 0.029 0)
(0.06416409184 0.029 0)
(0.06529251042 0.029 0)
(0.066420929 0.029 0)
(0.01112841858 0.03 0)
(0.01225683716 0.03 0)
(0.01338525574 0.03 0)
(0.01451367432 0.03 0)
(0.0156420929 0.03 0)
(0.01677051148 0.03 0)
(0.01789893006 0.03 0)
(0.01902734864 0.03 0)
(0.02015576722 0.03 0)
(0.0212841858 0.03 0)
(0.02241260438 0.03 0)
(0.02354102296 0.03 0)
(0.02466944154 0.03 0)
(0.02579786012 0.03 0)
(0.0269262787 0.03 0)
(0.02805469728 0.03 0)
(0.02918311586 0.03 0)
(0.03031153444 0.03 0)
(0.03143995302 0.03 0)
(0.0325683716 0.03 0)
(0.03369679018 0.03 0)
(0.03482520876 0.03 0)
(0.03595362734 0.03 0)
(0.03708204592 0.03 0)
(0.0382104645 0.03 0)
(0.03933888308 0.03 0)
(0.04046730166 0.03 0)
(0.04159572024 0.03 0)
(0.04272413882 0.03 0)
(0.0438525574 0.03 0)
(0.04498097598 0.03 0)
(0.04610939456 0.03 0)
(0.04723781314 0.03 0)
(0.04836623172 0.03 0)
(0.0494946503 0.03 0)
(0.05062306888 0.03 0)
(0.05175148746 0.03 0)
(0.05287990604 0.03 0)
(0.05400832462 0.03 0)
(0.0551367432 0.03 0)
(0.05626516178 0.03 0)
(0.05739358036 0.03 0)
(0.05852199894 0.03 0)
(0.05965041752 0.03 0)
(0.0607788361 0.03 0)
(0.06190725468 0.03 0)
(0.06303567326 0.03 0)
(0.06416409184 0.03 0)
(0.06529251042 0.03 0)
(0.066420929 0.03 0)
(0.01112841858 0.01 5e-05)
(0.01225683716 0.01 5e-05)
(0.01338525574 0.01 5e-05)
(0.01451367432 0.01 5e-05)
(0.0156420929 0.01 5e-05)
(0.01677051148 0.01 5e-05)
(0.01789893006 0.01 5e-05)
(0.01902734864 0.01 5e-05)
(0.02015576722 0.01 5e-05)
(0.0212841858 0.01 5e-05)
(0.02241260438 0.01 5e-05)
(0.02354102296 0.01 5e-05)
(0.02466944154 0.01 5e-05)
(0.02579786012 0.01 5e-05)
(0.0269262787 0.01 5e-05)
(0.02805469728 0.01 5e-05)
(0.02918311586 0.01 5e-05)
(0.03031153444 0.01 5e-05)
(0.03143995302 0.01 5e-05)
(0.0325683716 0.01 5e-05)
(0.03369679018 0.01 5e-05)
(0.03482520876 0.01 5e-05)
(0.03595362734 0.01 5e-05)
(0.03708204592 0.01 5e-05)
(0.0382104645 0.01 5e-05)
(0.03933888308 0.01 5e-05)
(0.04046730166 0.01 5e-05)
(0.04159572024 0.01 5e-05)
(0.04272413882 0.01 5e-05)
(0.0438525574 0.01 5e-05)
(0.04498097598 0.01 5e-05)
(0.04610939456 0.01 5e-05)
(0.04723781314 0.01 5e-05)
(0.04836623172 0.01 5e-05)
(0.0494946503 0.01 5e-05)
(0.05062306888 0.01 5e-05)
(0.05175148746 0.01 5e-05)
(0.05287990604 0.01 5e-05)
(0.05400832462 0.01 5e-05)
(0.0551367432 0.01 5e-05)
(0.05626516178 0.01 5e-05)
(0.05739358036 0.01 5e-05)
(0.05852199894 0.01 5e-05)
(0.05965041752 0.01 5e-05)
(0.0607788361 0.01 5e-05)
(0.06190725468 0.01 5e-05)
(0.06303567326 0.01 5e-05)
(0.06416409184 0.01 5e-05)
(0.06529251042 0.01 5e-05)
(0.066420929 0.01 5e-05)
(0.01112841858 0.011 5e-05)
(0.01225683716 0.011 5e-05)
(0.01338525574 0.011 5e-05)
(0.01451367432 0.011 5e-05)
(0.0156420929 0.011 5e-05)
(0.01677051148 0.011 5e-05)
(0.01789893006 0.011 5e-05)
(0.01902734864 0.011 5e-05)
(0.02015576722 0.011 5e-05)
(0.0212841858 0.011 5e-05)
(0.02241260438 0.011 5e-05)
(0.02354102296 0.011 5e-05)
(0.02466944154 0.011 5e-05)
(0.02579786012 0.011 5e-05)
(0.0269262787 0.011 5e-05)
(0.02805469728 0.011 5e-05)
(0.02918311586 0.011 5e-05)
(0.03031153444 0.011 5e-05)
(0.03143995302 0.011 5e-05)
(0.0325683716 0.011 5e-05)
(0.03369679018 0.011 5e-05)
(0.03482520876 0.011 5e-05)
(0.03595362734 0.011 5e-05)
(0.03708204592 0.011 5e-05)
(0.0382104645 0.011 5e-05)
(0.03933888308 0.011 5e-05)
(0.04046730166 0.011 5e-05)
(0.04159572024 0.011 5e-05)
(0.04272413882 0.011 5e-05)
(0.0438525574 0.011 5e-05)
(0.04498097598 0.011 5e-05)
(0.04610939456 0.011 5e-05)
(0.04723781314 0.011 5e-05)
(0.04836623172 0.011 5e-05)
(0.0494946503 0.011 5e-05)
(0.05062306888 0.011 5e-05)
(0.05175148746 0.011 5e-05)
(0.05287990604 0.011 5e-05)
(0.05400832462 0.011 5e-05)
(0.0551367432 0.011 5e-05)
(0.05626516178 0.011 5e-05)
(0.05739358036 0.011 5e-05)
(0.05852199894 0.011 5e-05)
(0.05965041752 0.011 5e-05)
(0.0607788361 0.011 5e-05)
(0.06190725468 0.011 5e-05)
(0.06303567326 0.011 5e-05)
(0.06416409184 0.011 5e-05)
(0.06529251042 0.011 5e-05)
(0.066420929 0.011 5e-05)
(0.01112841858 0.012 5e-05)
(0.01225683716 0.012 5e-05)
(0.01338525574 0.012 5e-05)
(0.01451367432 0.012 5e-05)
(0.0156420929 0.012 5e-05)
(0.01677051148 0.012 5e-05)
(0.01789893006 0.012 5e-05)
(0.01902734864 0.012 5e-05)
(0.02015576722 0.012 5e-05)
(0.0212841858 0.012 5e-05)
(0.02241260438 0.012 5e-05)
(0.02354102296 0.012 5e-05)
(0.02466944154 0.012 5e-05)
(0.02579786012 0.012 5e-05)
(0.0269262787 0.012 5e-05)
(0.02805469728 0.012 5e-05)
(0.02918311586 0.012 5e-05)
(0.03031153444 0.012 5e-05)
(0.03143995302 0.012 5e-05)
(0.0325683716 0.012 5e-05)
(0.03369679018 0.012 5e-05)
(0.03482520876 0.012 5e-05)
(0.03595362734 0.012 5e-05)
(0.03708204592 0.012 5e-05)
(0.0382104645 0.012 5e-05)
(0.03933888308 0.012 5e-05)
(0.04046730166 0.012 5e-05)
(0.04159572024 0.012 5e-05)
(0.04272413882 0.012 5e-05)
(0.0438525574 0.012 5e-05)
(0.04498097598 0.012 5e-05)
(0.04610939456 0.012 5e-05)
(0.04723781314 0.012 5e-05)
(0.04836623172 0.012 5e-05)
(0.0494946503 0.012 5e-05)
(0.05062306888 0.012 5e-05)
(0.05175148746 0.012 5e-05)
(0.05287990604 0.012 5e-05)
(0.05400832462 0.012 5e-05)
(0.0551367432 0.012 5e-05)
(0.05626516178 0.012 5e-05)
(0.05739358036 0.012 5e-05)
(0.05852199894 0.012 5e-05)
(0.05965041752 0.012 5e-05)
(0.0607788361 0.012 5e-05)
(0.06190725468 0.012 5e-05)
(0.06303567326 0.012 5e-05)
(0.06416409184 0.012 5e-05)
(0.06529251042 0.012 5e-05)
(0.066420929 0.012 5e-05)
(0.01112841858 0.013 5e-05)
(0.01225683716 0.013 5e-05)
(0.01338525574 0.013 5e-05)
(0.01451367432 0.013 5e-05)
(0.0156420929 0.013 5e-05)
(0.01677051148 0.013 5e-05)
(0.01789893006 0.013 5e-05)
(0.01902734864 0.013 5e-05)
(0.02015576722 0.013 5e-05)
(0.0212841858 0.013 5e-05)
(0.02241260438 0.013 5e-05)
(0.02354102296 0.013 5e-05)
(0.02466944154 0.013 5e-05)
(0.02579786012 0.013 5e-05)
(0.0269262787 0.013 5e-05)
(0.02805469728 0.013 5e-05)
(0.02918311586 0.013 5e-05)
(0.03031153444 0.013 5e-05)
(0.03143995302 0.013 5e-05)
(0.0325683716 0.013 5e-05)
(0.03369679018 0.013 5e-05)
(0.03482520876 0.013 5e-05)
(0.03595362734 0.013 5e-05)
(0.03708204592 0.013 5e-05)
(0.0382104645 0.013 5e-05)
(0.03933888308 0.013 5e-05)
(0.04046730166 0.013 5e-05)
(0.04159572024 0.013 5e-05)
(0.04272413882 0.013 5e-05)
(0.0438525574 0.013 5e-05)
(0.04498097598 0.013 5e-05)
(0.04610939456 0.013 5e-05)
(0.04723781314 0.013 5e-05)
(0.04836623172 0.013 5e-05)
(0.0494946503 0.013 5e-05)
(0.05062306888 0.013 5e-05)
(0.05175148746 0.013 5e-05)
(0.05287990604 0.013 5e-05)
(0.05400832462 0.013 5e-05)
(0.0551367432 0.013 5e-05)
(0.05626516178 0.013 5e-05)
(0.05739358036 0.013 5e-05)
(0.05852199894 0.013 5e-05)
(0.05965041752 0.013 5e-05)
(0.0607788361 0.013 5e-05)
(0.06190725468 0.013 5e-05)
(0.06303567326 0.013 5e-05)
(0.06416409184 0.013 5e-05)
(0.06529251042 0.013 5e-05)
(0.066420929 0.013 5e-05)
(0.01112841858 0.014 5e-05)
(0.01225683716 0.014 5e-05)
(0.01338525574 0.014 5e-05)
(0.01451367432 0.014 5e-05)
(0.0156420929 0.014 5e-05)
(0.01677051148 0.014 5e-05)
(0.01789893006 0.014 5e-05)
(0.01902734864 0.014 5e-05)
(0.02015576722 0.014 5e-05)
(0.0212841858 0.014 5e-05)
(0.02241260438 0.014 5e-05)
(0.02354102296 0.014 5e-05)
(0.02466944154 0.014 5e-05)
(0.02579786012 0.014 5e-05)
(0.0269262787 0.014 5e-05)
(0.02805469728 0.014 5e-05)
(0.02918311586 0.014 5e-05)
(0.03031153444 0.014 5e-05)
(0.03143995302 0.014 5e-05)
(0.0325683716 0.014 5e-05)
(0.03369679018 0.014 5e-05)
(0.03482520876 0.014 5e-05)
(0.03595362734 0.014 5e-05)
(0.03708204592 0.014 5e-05)
(0.0382104645 0.014 5e-05)
(0.03933888308 0.014 5e-05)
(0.04046730166 0.014 5e-05)
(0.04159572024 0.014 5e-05)
(0.04272413882 0.014 5e-05)
(0.0438525574 0.014 5e-05)
(0.04498097598 0.014 5e-05)
(0.04610939456 0.014 5e-05)
(0.04723781314 0.014 5e-05)
(0.04836623172 0.014 5e-05)
(0.0494946503 0.014 5e-05)
(0.05062306888 0.014 5e-05)
(0.05175148746 0.014 5e-05)
(0.05287990604 0.014 5e-05)
(0.05400832462 0.014 5e-05)
(0.0551367432 0.014 5e-05)
(0.05626516178 0.014 5e-05)
(0.05739358036 0.014 5e-05)
(0.05852199894 0.014 5e-05)
(0.05965041752 0.014 5e-05)
(0.0607788361 0.014 5e-05)
(0.06190725468 0.014 5e-05)
(0.06303567326 0.014 5e-05)
(0.06416409184 0.014 5e-05)
(0.06529251042 0.014 5e-05)
(0.066420929 0.014 5e-05)
(0.01112841858 0.015 5e-05)
(0.01225683716 0.015 5e-05)
(0.01338525574 0.015 5e-05)
(0.01451367432 0.015 5e-05)
(0.0156420929 0.015 5e-05)
(0.01677051148 0.015 5e-05)
(0.01789893006 0.015 5e-05)
(0.01902734864 0.015 5e-05)
(0.02015576722 0.015 5e-05)
(0.0212841858 0.015 5e-05)
(0.02241260438 0.015 5e-05)
(0.02354102296 0.015 5e-05)
(0.02466944154 0.015 5e-05)
(0.02579786012 0.015 5e-05)
(0.0269262787 0.015 5e-05)
(0.02805469728 0.015 5e-05)
(0.02918311586 0.015 5e-05)
(0.03031153444 0.015 5e-05)
(0.03143995302 0.015 5e-05)
(0.0325683716 0.015 5e-05)
(0.03369679018 0.015 5e-05)
(0.03482520876 0.015 5e-05)
(0.03595362734 0.015 5e-05)
(0.03708204592 0.015 5e-05)
(0.0382104645 0.015 5e-05)
(0.03933888308 0.015 5e-05)
(0.04046730166 0.015 5e-05)
(0.04159572024 0.015 5e-05)
(0.04272413882 0.015 5e-05)
(0.0438525574 0.015 5e-05)
(0.04498097598 0.015 5e-05)
(0.04610939456 0.015 5e-05)
(0.04723781314 0.015 5e-05)
(0.04836623172 0.015 5e-05)
(0.0494946503 0.015 5e-05)
(0.05062306888 0.015 5e-05)
(0.05175148746 0.015 5e-05)
(0.05287990604 0.015 5e-05)
(0.05400832462 0.015 5e-05)
(0.0551367432 0.015 5e-05)
(0.05626516178 0.015 5e-05)
(0.05739358036 0.015 5e-05)
(0.05852199894 0.015 5e-05)
(0.05965041752 0.015 5e-05)
(0.0607788361 0.015 5e-05)
(0.06190725468 0.015 5e-05)
(0.06303567326 0.015 5e-05)
(0.06416409184 0.015 5e-05)
(0.06529251042 0.015 5e-05)
(0.066420929 0.015 5e-05)
(0.01112841858 0.016 5e-05)
(0.01225683716 0.016 5e-05)
(0.01338525574 0.016 5e-05)
(0.01451367432 0.016 5e-05)
(0.0156420929 0.016 5e-05)
(0.01677051148 0.016 5e-05)
(0.01789893006 0.016 5e-05)
(0.01902734864 0.016 5e-05)
(0.02015576722 0.016 5e-05)
(0.0212841858 0.016 5e-05)
(0.02241260438 0.016 5e-05)
(0.02354102296 0.016 5e-05)
(0.02466944154 0.016 5e-05)
(0.02579786012 0.016 5e-05)
(0.0269262787 0.016 5e-05)
(0.02805469728 0.016 5e-05)
(0.02918311586 0.016 5e-05)
(0.03031153444 0.016 5e-05)
(0.03143995302 0.016 5e-05)
(0.0325683716 0.016 5e-05)
(0.03369679018 0.016 5e-05)
(0.03482520876 0.016 5e-05)
(0.03595362734 0.016 5e-05)
(0.03708204592 0.016 5e-05)
(0.0382104645 0.016 5e-05)
(0.03933888308 0.016 5e-05)
(0.04046730166 0.016 5e-05)
(0.04159572024 0.016 5e-05)
(0.04272413882 0.016 5e-05)
(0.0438525574 0.016 5e-05)
(0.04498097598 0.016 5e-05)
(0.04610939456 0.016 5e-05)
(0.04723781314 0.016 5e-05)
(0.04836623172 0.016 5e-05)
(0.0494946503 0.016 5e-05)
(0.05062306888 0.016 5e-05)
(0.05175148746 0.016 5e-05)
(0.05287990604 0.016 5e-05)
(0.05400832462 0.016 5e-05)
(0.0551367432 0.016 5e-05)
(0.05626516178 0.016 5e-05)
(0.05739358036 0.016 5e-05)
(0.05852199894 0.016 5e-05)
(0.05965041752 0.016 5e-05)
(0.0607788361 0.016 5e-05)
(0.06190725468 0.016 5e-05)
(0.06303567326 0.016 5e-05)
(0.06416409184 0.016 5e-05)
(0.06529251042 0.016 5e-05)
(0.066420929 0.016 5e-05)
(0.01112841858 0.017 5e-05)
(0.01225683716 0.017 5e-05)
(0.01338525574 0.017 5e-05)
(0.01451367432 0.017 5e-05)
(0.0156420929 0.017 5e-05)
(0.01677051148 0.017 5e-05)
(0.01789893006 0.017 5e-05)
(0.01902734864 0.017 5e-05)
(0.02015576722 0.017 5e-05)
(0.0212841858 0.017 5e-05)
(0.02241260438 0.017 5e-05)
(0.02354102296 0.017 5e-05)
(0.02466944154 0.017 5e-05)
(0.02579786012 0.017 5e-05)
(0.0269262787 0.017 5e-05)
(0.02805469728 0.017 5e-05)
(0.02918311586 0.017 5e-05)
(0.03031153444 0.017 5e-05)
(0.03143995302 0.017 5e-05)
(0.0325683716 0.017 5e-05)
(0.03369679018 0.017 5e-05)
(0.03482520876 0.017 5e-05)
(0.03595362734 0.017 5e-05)
(0.03708204592 0.017 5e-05)
(0.0382104645 0.017 5e-05)
(0.03933888308 0.017 5e-05)
(0.04046730166 0.017 5e-05)
(0.04159572024 0.017 5e-05)
(0.04272413882 0.017 5e-05)
(0.0438525574 0.017 5e-05)
(0.04498097598 0.017 5e-05)
(0.04610939456 0.017 5e-05)
(0.04723781314 0.017 5e-05)
(0.04836623172 0.017 5e-05)
(0.0494946503 0.017 5e-05)
(0.05062306888 0.017 5e-05)
(0.05175148746 0.017 5e-05)
(0.05287990604 0.017 5e-05)
(0.05400832462 0.017 5e-05)
(0.0551367432 0.017 5e-05)
(0.05626516178 0.017 5e-05)
(0.05739358036 0.017 5e-05)
(0.05852199894 0.017 5e-05)
(0.05965041752 0.017 5e-05)
(0.0607788361 0.017 5e-05)
(0.06190725468 0.017 5e-05)
(0.06303567326 0.017 5e-05)
(0.06416409184 0.017 5e-05)
(0.06529251042 0.017 5e-05)
(0.066420929 0.017 5e-05)
(0.01112841858 0.018 5e-05)
(0.01225683716 0.018 5e-05)
(0.01338525574 0.018 5e-05)
(0.01451367432 0.018 5e-05)
(0.0156420929 0.018 5e-05)
(0.01677051148 0.018 5e-05)
(0.01789893006 0.018 5e-05)
(0.01902734864 0.018 5e-05)
(0.02015576722 0.018 5e-05)
(0.0212841858 0.018 5e-05)
(0.02241260438 0.018 5e-05)
(0.02354102296 0.018 5e-05)
(0.02466944154 0.018 5e-05)
(0.02579786012 0.018 5e-05)
(0.0269262787 0.018 5e-05)
(0.02805469728 0.018 5e-05)
(0.02918311586 0.018 5e-05)
(0.03031153444 0.018 5e-05)
(0.03143995302 0.018 5e-05)
(0.0325683716 0.018 5e-05)
(0.03369679018 0.018 5e-05)
(0.03482520876 0.018 5e-05)
(0.03595362734 0.018 5e-05)
(0.03708204592 0.018 5e-05)
(0.0382104645 0.018 5e-05)
(0.03933888308 0.018 5e-05)
(0.04046730166 0.018 5e-05)
(0.04159572024 0.018 5e-05)
(0.04272413882 0.018 5e-05)
(0.0438525574 0.018 5e-05)
(0.04498097598 0.018 5e-05)
(0.04610939456 0.018 5e-05)
(0.04723781314 0.018 5e-05)
(0.04836623172 0.018 5e-05)
(0.0494946503 0.018 5e-05)
(0.05062306888 0.018 5e-05)
(0.05175148746 0.018 5e-05)
(0.05287990604 0.018 5e-05)
(0.05400832462 0.018 5e-05)
(0.0551367432 0.018 5e-05)
(0.05626516178 0.018 5e-05)
(0.05739358036 0.018 5e-05)
(0.05852199894 0.018 5e-05)
(0.05965041752 0.018 5e-05)
(0.0607788361 0.018 5e-05)
(0.06190725468 0.018 5e-05)
(0.06303567326 0.018 5e-05)
(0.06416409184 0.018 5e-05)
(0.06529251042 0.018 5e-05)
(0.066420929 0.018 5e-05)
(0.01112841858 0.019 5e-05)
(0.01225683716 0.019 5e-05)
(0.01338525574 0.019 5e-05)
(0.01451367432 0.019 5e-05)
(0.0156420929 0.019 5e-05)
(0.01677051148 0.019 5e-05)
(0.01789893006 0.019 5e-05)
(0.01902734864 0.019 5e-05)
(0.02015576722 0.019 5e-05)
(0.0212841858 0.019 5e-05)
(0.02241260438 0.019 5e-05)
(0.02354102296 0.019 5e-05)
(0.02466944154 0.019 5e-05)
(0.02579786012 0.019 5e-05)
(0.0269262787 0.019 5e-05)
(0.02805469728 0.019 5e-05)
(0.02918311586 0.019 5e-05)
(0.03031153444 0.019 5e-05)
(0.03143995302 0.019 5e-05)
(0.0325683716 0.019 5e-05)
(0.03369679018 0.019 5e-05)
(0.03482520876 0.019 5e-05)
(0.03595362734 0.019 5e-05)
(0.03708204592 0.019 5e-05)
(0.0382104645 0.019 5e-05)
(0.03933888308 0.019 5e-05)
(0.04046730166 0.019 5e-05)
(0.04159572024 0.019 5e-05)
(0.04272413882 0.019 5e-05)
(0.0438525574 0.019 5e-05)
(0.04498097598 0.019 5e-05)
(0.04610939456 0.019 5e-05)
(0.04723781314 0.019 5e-05)
(0.04836623172 0.019 5e-05)
(0.0494946503 0.019 5e-05)
(0.05062306888 0.019 5e-05)
(0.05175148746 0.019 5e-05)
(0.05287990604 0.019 5e-05)
(0.05400832462 0.019 5e-05)
(0.0551367432 0.019 5e-05)
(0.05626516178 0.019 5e-05)
(0.05739358036 0.019 5e-05)
(0.05852199894 0.019 5e-05)
(0.05965041752 0.019 5e-05)
(0.0607788361 0.019 5e-05)
(0.06190725468 0.019 5e-05)
(0.06303567326 0.019 5e-05)
(0.06416409184 0.019 5e-05)
(0.06529251042 0.019 5e-05)
(0.066420929 0.019 5e-05)
(0.01112841858 0.02 5e-05)
(0.01225683716 0.02 5e-05)
(0.01338525574 0.02 5e-05)
(0.01451367432 0.02 5e-05)
(0.0156420929 0.02 5e-05)
(0.01677051148 0.02 5e-05)
(0.01789893006 0.02 5e-05)
(0.01902734864 0.02 5e-05)
(0.02015576722 0.02 5e-05)
(0.0212841858 0.02 5e-05)
(0.02241260438 0.02 5e-05)
(0.02354102296 0.02 5e-05)
(0.02466944154 0.02 5e-05)
(0.02579786012 0.02 5e-05)
(0.0269262787 0.02 5e-05)
(0.02805469728 0.02 5e-05)
(0.02918311586 0.02 5e-05)
(0.03031153444 0.02 5e-05)
(0.03143995302 0.02 5e-05)
(0.0325683716 0.02 5e-05)
(0.03369679018 0.02 5e-05)
(0.03482520876 0.02 5e-05)
(0.03595362734 0.02 5e-05)
(0.03708204592 0.02 5e-05)
(0.0382104645 0.02 5e-05)
(0.03933888308 0.02 5e-05)
(0.04046730166 0.02 5e-05)
(0.04159572024 0.02 5e-05)
(0.04272413882 0.02 5e-05)
(0.0438525574 0.02 5e-05)
(0.04498097598 0.02 5e-05)
(0.04610939456 0.02 5e-05)
(0.04723781314 0.02 5e-05)
(0.04836623172 0.02 5e-05)
(0.0494946503 0.02 5e-05)
(0.05062306888 0.02 5e-05)
(0.05175148746 0.02 5e-05)
(0.05287990604 0.02 5e-05)
(0.05400832462 0.02 5e-05)
(0.0551367432 0.02 5e-05)
(0.05626516178 0.02 5e-05)
(0.05739358036 0.02 5e-05)
(0.05852199894 0.02 5e-05)
(0.05965041752 0.02 5e-05)
(0.0607788361 0.02 5e-05)
(0.06190725468 0.02 5e-05)
(0.06303567326 0.02 5e-05)
(0.06416409184 0.02 5e-05)
(0.06529251042 0.02 5e-05)
(0.066420929 0.02 5e-05)
(0.01112841858 0.021 5e-05)
(0.01225683716 0.021 5e-05)
(0.01338525574 0.021 5e-05)
(0.01451367432 0.021 5e-05)
(0.0156420929 0.021 5e-05)
(0.01677051148 0.021 5e-05)
(0.01789893006 0.021 5e-05)
(0.01902734864 0.021 5e-05)
(0.02015576722 0.021 5e-05)
(0.0212841858 0.021 5e-05)
(0.02241260438 0.021 5e-05)
(0.02354102296 0.021 5e-05)
(0.02466944154 0.021 5e-05)
(0.02579786012 0.021 5e-05)
(0.0269262787 0.021 5e-05)
(0.02805469728 0.021 5e-05)
(0.02918311586 0.021 5e-05)
(0.03031153444 0.021 5e-05)
(0.03143995302 0.021 5e-05)
(0.0325683716 0.021 5e-05)
(0.03369679018 0.021 5e-05)
(0.03482520876 0.021 5e-05)
(0.03595362734 0.021 5e-05)
(0.03708204592 0.021 5e-05)
(0.0382104645 0.021 5e-05)
(0.03933888308 0.021 5e-05)
(0.04046730166 0.021 5e-05)
(0.04159572024 0.021 5e-05)
(0.04272413882 0.021 5e-05)
(0.0438525574 0.021 5e-05)
(0.04498097598 0.021 5e-05)
(0.04610939456 0.021 5e-05)
(0.04723781314 0.021 5e-05)
(0.04836623172 0.021 5e-05)
(0.0494946503 0.021 5e-05)
(0.05062306888 0.021 5e-05)
(0.05175148746 0.021 5e-05)
(0.05287990604 0.021 5e-05)
(0.05400832462 0.021 5e-05)
(0.0551367432 0.021 5e-05)
(0.05626516178 0.021 5e-05)
(0.05739358036 0.021 5e-05)
(0.05852199894 0.021 5e-05)
(0.05965041752 0.021 5e-05)
(0.0607788361 0.021 5e-05)
(0.06190725468 0.021 5e-05)
(0.06303567326 0.021 5e-05)
(0.06416409184 0.021 5e-05)
(0.06529251042 0.021 5e-05)
(0.066420929 0.021 5e-05)
(0.01112841858 0.022 5e-05)
(0.01225683716 0.022 5e-05)
(0.01338525574 0.022 5e-05)
(0.01451367432 0.022 5e-05)
(0.0156420929 0.022 5e-05)
(0.01677051148 0.022 5e-05)
(0.01789893006 0.022 5e-05)
(0.01902734864 0.022 5e-05)
(0.02015576722 0.022 5e-05)
(0.0212841858 0.022 5e-05)
(0.02241260438 0.022 5e-05)
(0.02354102296 0.022 5e-05)
(0.02466944154 0.022 5e-05)
(0.02579786012 0.022 5e-05)
(0.0269262787 0.022 5e-05)
(0.02805469728 0.022 5e-05)
(0.02918311586 0.022 5e-05)
(0.03031153444 0.022 5e-05)
(0.03143995302 0.022 5e-05)
(0.0325683716 0.022 5e-05)
(0.03369679018 0.022 5e-05)
(0.03482520876 0.022 5e-05)
(0.03595362734 0.022 5e-05)
(0.03708204592 0.022 5e-05)
(0.0382104645 0.022 5e-05)
(0.03933888308 0.022 5e-05)
(0.04046730166 0.022 5e-05)
(0.04159572024 0.022 5e-05)
(0.04272413882 0.022 5e-05)
(0.0438525574 0.022 5e-05)
(0.04498097598 0.022 5e-05)
(0.04610939456 0.022 5e-05)
(0.04723781314 0.022 5e-05)
(0.04836623172 0.022 5e-05)
(0.0494946503 0.022 5e-05)
(0.05062306888 0.022 5e-05)
(0.05175148746 0.022 5e-05)
(0.05287990604 0.022 5e-05)
(0.05400832462 0.022 5e-05)
(0.0551367432 0.022 5e-05)
(0.05626516178 0.022 5e-05)
(0.05739358036 0.022 5e-05)
(0.05852199894 0.022 5e-05)
(0.05965041752 0.022 5e-05)
(0.0607788361 0.022 5e-05)
(0.06190725468 0.022 5e-05)
(0.06303567326 0.022 5e-05)
(0.06416409184 0.022 5e-05)
(0.06529251042 0.022 5e-05)
(0.066420929 0.022 5e-05)
(0.01112841858 0.023 5e-05)
(0.01225683716 0.023 5e-05)
(0.01338525574 0.023 5e-05)
(0.01451367432 0.023 5e-05)
(0.0156420929 0.023 5e-05)
(0.01677051148 0.023 5e-05)
(0.01789893006 0.023 5e-05)
(0.01902734864 0.023 5e-05)
(0.02015576722 0.023 5e-05)
(0.0212841858 0.023 5e-05)
(0.02241260438 0.023 5e-05)
(0.02354102296 0.023 5e-05)
(0.02466944154 0.023 5e-05)
(0.02579786012 0.023 5e-05)
(0.0269262787 0.023 5e-05)
(0.02805469728 0.023 5e-05)
(0.02918311586 0.023 5e-05)
(0.03031153444 0.023 5e-05)
(0.03143995302 0.023 5e-05)
(0.0325683716 0.023 5e-05)
(0.03369679018 0.023 5e-05)
(0.03482520876 0.023 5e-05)
(0.03595362734 0.023 5e-05)
(0.03708204592 0.023 5e-05)
(0.0382104645 0.023 5e-05)
(0.03933888308 0.023 5e-05)
(0.04046730166 0.023 5e-05)
(0.04159572024 0.023 5e-05)
(0.04272413882 0.023 5e-05)
(0.0438525574 0.023 5e-05)
(0.04498097598 0.023 5e-05)
(0.04610939456 0.023 5e-05)
(0.04723781314 0.023 5e-05)
(0.04836623172 0.023 5e-05)
(0.0494946503 0.023 5e-05)
(0.05062306888 0.023 5e-05)
(0.05175148746 0.023 5e-05)
(0.05287990604 0.023 5e-05)
(0.05400832462 0.023 5e-05)
(0.0551367432 0.023 5e-05)
(0.05626516178 0.023 5e-05)
(0.05739358036 0.023 5e-05)
(0.05852199894 0.023 5e-05)
(0.05965041752 0.023 5e-05)
(0.0607788361 0.023 5e-05)
(0.06190725468 0.023 5e-05)
(0.06303567326 0.023 5e-05)
(0.06416409184 0.023 5e-05)
(0.06529251042 0.023 5e-05)
(0.066420929 0.023 5e-05)
(0.01112841858 0.024 5e-05)
(0.01225683716 0.024 5e-05)
(0.01338525574 0.024 5e-05)
(0.01451367432 0.024 5e-05)
(0.0156420929 0.024 5e-05)
(0.01677051148 0.024 5e-05)
(0.01789893006 0.024 5e-05)
(0.01902734864 0.024 5e-05)
(0.02015576722 0.024 5e-05)
(0.0212841858 0.024 5e-05)
(0.02241260438 0.024 5e-05)
(0.02354102296 0.024 5e-05)
(0.02466944154 0.024 5e-05)
(0.02579786012 0.024 5e-05)
(0.0269262787 0.024 5e-05)
(0.02805469728 0.024 5e-05)
(0.02918311586 0.024 5e-05)
(0.03031153444 0.024 5e-05)
(0.03143995302 0.024 5e-05)
(0.0325683716 0.024 5e-05)
(0.03369679018 0.024 5e-05)
(0.03482520876 0.024 5e-05)
(0.03595362734 0.024 5e-05)
(0.03708204592 0.024 5e-05)
(0.0382104645 0.024 5e-05)
(0.03933888308 0.024 5e-05)
(0.04046730166 0.024 5e-05)
(0.04159572024 0.024 5e-05)
(0.04272413882 0.024 5e-05)
(0.0438525574 0.024 5e-05)
(0.04498097598 0.024 5e-05)
(0.04610939456 0.024 5e-05)
(0.04723781314 0.024 5e-05)
(0.04836623172 0.024 5e-05)
(0.0494946503 0.024 5e-05)
(0.05062306888 0.024 5e-05)
(0.05175148746 0.024 5e-05)
(0.05287990604 0.024 5e-05)
(0.05400832462 0.024 5e-05)
(0.0551367432 0.024 5e-05)
(0.05626516178 0.024 5e-05)
(0.05739358036 0.024 5e-05)
(0.05852199894 0.024 5e-05)
(0.05965041752 0.024 5e-05)
(0.0607788361 0.024 5e-05)
(0.06190725468 0.024 5e-05)
(0.06303567326 0.024 5e-05)
(0.06416409184 0.024 5e-05)
(0.06529251042 0.024 5e-05)
(0.066420929 0.024 5e-05)
(0.01112841858 0.025 5e-05)
(0.01225683716 0.025 5e-05)
(0.01338525574 0.025 5e-05)
(0.01451367432 0.025 5e-05)
(0.0156420929 0.025 5e-05)
(0.01677051148 0.025 5e-05)
(0.01789893006 0.025 5e-05)
(0.01902734864 0.025 5e-05)
(0.02015576722 0.025 5e-05)
(0.0212841858 0.025 5e-05)
(0.02241260438 0.025 5e-05)
(0.02354102296 0.025 5e-05)
(0.02466944154 0.025 5e-05)
(0.02579786012 0.025 5e-05)
(0.0269262787 0.025 5e-05)
(0.02805469728 0.025 5e-05)
(0.02918311586 0.025 5e-05)
(0.03031153444 0.025 5e-05)
(0.03143995302 0.025 5e-05)
(0.0325683716 0.025 5e-05)
(0.03369679018 0.025 5e-05)
(0.03482520876 0.025 5e-05)
(0.03595362734 0.025 5e-05)
(0.03708204592 0.025 5e-05)
(0.0382104645 0.025 5e-05)
(0.03933888308 0.025 5e-05)
(0.04046730166 0.025 5e-05)
(0.04159572024 0.025 5e-05)
(0.04272413882 0.025 5e-05)
(0.0438525574 0.025 5e-05)
(0.04498097598 0.025 5e-05)
(0.04610939456 0.025 5e-05)
(0.04723781314 0.025 5e-05)
(0.04836623172 0.025 5e-05)
(0.0494946503 0.025 5e-05)
(0.05062306888 0.025 5e-05)
(0.05175148746 0.025 5e-05)
(0.05287990604 0.025 5e-05)
(0.05400832462 0.025 5e-05)
(0.0551367432 0.025 5e-05)
(0.05626516178 0.025 5e-05)
(0.05739358036 0.025 5e-05)
(0.05852199894 0.025 5e-05)
(0.05965041752 0.025 5e-05)
(0.0607788361 0.025 5e-05)
(0.06190725468 0.025 5e-05)
(0.06303567326 0.025 5e-05)
(0.06416409184 0.025 5e-05)
(0.06529251042 0.025 5e-05)
(0.066420929 0.025 5e-05)
(0.01112841858 0.026 5e-05)
(0.01225683716 0.026 5e-05)
(0.01338525574 0.026 5e-05)
(0.01451367432 0.026 5e-05)
(0.0156420929 0.026 5e-05)
(0.01677051148 0.026 5e-05)
(0.01789893006 0.026 5e-05)
(0.01902734864 0.026 5e-05)
(0.02015576722 0.026 5e-05)
(0.0212841858 0.026 5e-05)
(0.02241260438 0.026 5e-05)
(0.02354102296 0.026 5e-05)
(0.02466944154 0.026 5e-05)
(0.02579786012 0.026 5e-05)
(0.0269262787 0.026 5e-05)
(0.02805469728 0.026 5e-05)
(0.02918311586 0.026 5e-05)
(0.03031153444 0.026 5e-05)
(0.03143995302 0.026 5e-05)
(0.0325683716 0.026 5e-05)
(0.03369679018 0.026 5e-05)
(0.03482520876 0.026 5e-05)
(0.03595362734 0.026 5e-05)
(0.03708204592 0.026 5e-05)
(0.0382104645 0.026 5e-05)
(0.03933888308 0.026 5e-05)
(0.04046730166 0.026 5e-05)
(0.04159572024 0.026 5e-05)
(0.04272413882 0.026 5e-05)
(0.0438525574 0.026 5e-05)
(0.04498097598 0.026 5e-05)
(0.04610939456 0.026 5e-05)
(0.04723781314 0.026 5e-05)
(0.04836623172 0.026 5e-05)
(0.0494946503 0.026 5e-05)
(0.05062306888 0.026 5e-05)
(0.05175148746 0.026 5e-05)
(0.05287990604 0.026 5e-05)
(0.05400832462 0.026 5e-05)
(0.0551367432 0.026 5e-05)
(0.05626516178 0.026 5e-05)
(0.05739358036 0.026 5e-05)
(0.05852199894 0.026 5e-05)
(0.05965041752 0.026 5e-05)
(0.0607788361 0.026 5e-05)
(0.06190725468 0.026 5e-05)
(0.06303567326 0.026 5e-05)
(0.06416409184 0.026 5e-05)
(0.06529251042 0.026 5e-05)
(0.066420929 0.026 5e-05)
(0.01112841858 0.027 5e-05)
(0.01225683716 0.027 5e-05)
(0.01338525574 0.027 5e-05)
(0.01451367432 0.027 5e-05)
(0.0156420929 0.027 5e-05)
(0.01677051148 0.027 5e-05)
(0.01789893006 0.027 5e-05)
(0.01902734864 0.027 5e-05)
(0.02015576722 0.027 5e-05)
(0.0212841858 0.027 5e-05)
(0.02241260438 0.027 5e-05)
(0.02354102296 0.027 5e-05)
(0.02466944154 0.027 5e-05)
(0.02579786012 0.027 5e-05)
(0.0269262787 0.027 5e-05)
(0.02805469728 0.027 5e-05)
(0.02918311586 0.027 5e-05)
(0.03031153444 0.027 5e-05)
(0.03143995302 0.027 5e-05)
(0.0325683716 0.027 5e-05)
(0.03369679018 0.027 5e-05)
(0.03482520876 0.027 5e-05)
(0.03595362734 0.027 5e-05)
(0.03708204592 0.027 5e-05)
(0.0382104645 0.027 5e-05)
(0.03933888308 0.027 5e-05)
(0.04046730166 0.027 5e-05)
(0.04159572024 0.027 5e-05)
(0.04272413882 0.027 5e-05)
(0.0438525574 0.027 5e-05)
(0.04498097598 0.027 5e-05)
(0.04610939456 0.027 5e-05)
(0.04723781314 0.027 5e-05)
(0.04836623172 0.027 5e-05)
(0.0494946503 0.027 5e-05)
(0.05062306888 0.027 5e-05)
(0.05175148746 0.027 5e-05)
(0.05287990604 0.027 5e-05)
(0.05400832462 0.027 5e-05)
(0.0551367432 0.027 5e-05)
(0.05626516178 0.027 5e-05)
(0.05739358036 0.027 5e-05)
(0.05852199894 0.027 5e-05)
(0.05965041752 0.027 5e-05)
(0.0607788361 0.027 5e-05)
(0.06190725468 0.027 5e-05)
(0.06303567326 0.027 5e-05)
(0.06416409184 0.027 5e-05)
(0.06529251042 0.027 5e-05)
(0.066420929 0.027 5e-05)
(0.01112841858 0.028 5e-05)
(0.01225683716 0.028 5e-05)
(0.01338525574 0.028 5e-05)
(0.01451367432 0.028 5e-05)
(0.0156420929 0.028 5e-05)
(0.01677051148 0.028 5e-05)
(0.01789893006 0.028 5e-05)
(0.01902734864 0.028 5e-05)
(0.02015576722 0.028 5e-05)
(0.0212841858 0.028 5e-05)
(0.02241260438 0.028 5e-05)
(0.02354102296 0.028 5e-05)
(0.02466944154 0.028 5e-05)
(0.02579786012 0.028 5e-05)
(0.0269262787 0.028 5e-05)
(0.02805469728 0.028 5e-05)
(0.02918311586 0.028 5e-05)
(0.03031153444 0.028 5e-05)
(0.03143995302 0.028 5e-05)
(0.0325683716 0.028 5e-05)
(0.03369679018 0.028 5e-05)
(0.03482520876 0.028 5e-05)
(0.03595362734 0.028 5e-05)
(0.03708204592 0.028 5e-05)
(0.0382104645 0.028 5e-05)
(0.03933888308 0.028 5e-05)
(0.04046730166 0.028 5e-05)
(0.04159572024 0.028 5e-05)
(0.04272413882 0.028 5e-05)
(0.0438525574 0.028 5e-05)
(0.04498097598 0.028 5e-05)
(0.04610939456 0.028 5e-05)
(0.04723781314 0.028 5e-05)
(0.04836623172 0.028 5e-05)
(0.0494946503 0.028 5e-05)
(0.05062306888 0.028 5e-05)
(0.05175148746 0.028 5e-05)
(0.05287990604 0.028 5e-05)
(0.05400832462 0.028 5e-05)
(0.0551367432 0.028 5e-05)
(0.05626516178 0.028 5e-05)
(0.05739358036 0.028 5e-05)
(0.05852199894 0.028 5e-05)
(0.05965041752 0.028 5e-05)
(0.0607788361 0.028 5e-05)
(0.06190725468 0.028 5e-05)
(0.06303567326 0.028 5e-05)
(0.06416409184 0.028 5e-05)
(0.06529251042 0.028 5e-05)
(0.066420929 0.028 5e-05)
(0.01112841858 0.029 5e-05)
(0.01225683716 0.029 5e-05)
(0.01338525574 0.029 5e-05)
(0.01451367432 0.029 5e-05)
(0.0156420929 0.029 5e-05)
(0.01677051148 0.029 5e-05)
(0.01789893006 0.029 5e-05)
(0.01902734864 0.029 5e-05)
(0.02015576722 0.029 5e-05)
(0.0212841858 0.029 5e-05)
(0.02241260438 0.029 5e-05)
(0.02354102296 0.029 5e-05)
(0.02466944154 0.029 5e-05)
(0.02579786012 0.029 5e-05)
(0.0269262787 0.029 5e-05)
(0.02805469728 0.029 5e-05)
(0.02918311586 0.029 5e-05)
(0.03031153444 0.029 5e-05)
(0.03143995302 0.029 5e-05)
(0.0325683716 0.029 5e-05)
(0.03369679018 0.029 5e-05)
(0.03482520876 0.029 5e-05)
(0.03595362734 0.029 5e-05)
(0.03708204592 0.029 5e-05)
(0.0382104645 0.029 5e-05)
(0.03933888308 0.029 5e-05)
(0.04046730166 0.029 5e-05)
(0.04159572024 0.029 5e-05)
(0.04272413882 0.029 5e-05)
(0.0438525574 0.029 5e-05)
(0.04498097598 0.029 5e-05)
(0.04610939456 0.029 5e-05)
(0.04723781314 0.029 5e-05)
(0.04836623172 0.029 5e-05)
(0.0494946503 0.029 5e-05)
(0.05062306888 0.029 5e-05)
(0.05175148746 0.029 5e-05)
(0.05287990604 0.029 5e-05)
(0.05400832462 0.029 5e-05)
(0.0551367432 0.029 5e-05)
(0.05626516178 0.029 5e-05)
(0.05739358036 0.029 5e-05)
(0.05852199894 0.029 5e-05)
(0.05965041752 0.029 5e-05)
(0.0607788361 0.029 5e-05)
(0.06190725468 0.029 5e-05)
(0.06303567326 0.029 5e-05)
(0.06416409184 0.029 5e-05)
(0.06529251042 0.029 5e-05)
(0.066420929 0.029 5e-05)
(0.01112841858 0.03 5e-05)
(0.01225683716 0.03 5e-05)
(0.01338525574 0.03 5e-05)
(0.01451367432 0.03 5e-05)
(0.0156420929 0.03 5e-05)
(0.01677051148 0.03 5e-05)
(0.01789893006 0.03 5e-05)
(0.01902734864 0.03 5e-05)
(0.02015576722 0.03 5e-05)
(0.0212841858 0.03 5e-05)
(0.02241260438 0.03 5e-05)
(0.02354102296 0.03 5e-05)
(0.02466944154 0.03 5e-05)
(0.02579786012 0.03 5e-05)
(0.0269262787 0.03 5e-05)
(0.02805469728 0.03 5e-05)
(0.02918311586 0.03 5e-05)
(0.03031153444 0.03 5e-05)
(0.03143995302 0.03 5e-05)
(0.0325683716 0.03 5e-05)
(0.03369679018 0.03 5e-05)
(0.03482520876 0.03 5e-05)
(0.03595362734 0.03 5e-05)
(0.03708204592 0.03 5e-05)
(0.0382104645 0.03 5e-05)
(0.03933888308 0.03 5e-05)
(0.04046730166 0.03 5e-05)
(0.04159572024 0.03 5e-05)
(0.04272413882 0.03 5e-05)
(0.0438525574 0.03 5e-05)
(0.04498097598 0.03 5e-05)
(0.04610939456 0.03 5e-05)
(0.04723781314 0.03 5e-05)
(0.04836623172 0.03 5e-05)
(0.0494946503 0.03 5e-05)
(0.05062306888 0.03 5e-05)
(0.05175148746 0.03 5e-05)
(0.05287990604 0.03 5e-05)
(0.05400832462 0.03 5e-05)
(0.0551367432 0.03 5e-05)
(0.05626516178 0.03 5e-05)
(0.05739358036 0.03 5e-05)
(0.05852199894 0.03 5e-05)
(0.05965041752 0.03 5e-05)
(0.0607788361 0.03 5e-05)
(0.06190725468 0.03 5e-05)
(0.06303567326 0.03 5e-05)
(0.06416409184 0.03 5e-05)
(0.06529251042 0.03 5e-05)
(0.066420929 0.03 5e-05)
(0.067420929 0.01 0)
(0.068420929 0.01 0)
(0.069420929 0.01 0)
(0.070420929 0.01 0)
(0.071420929 0.01 0)
(0.072420929 0.01 0)
(0.073420929 0.01 0)
(0.074420929 0.01 0)
(0.075420929 0.01 0)
(0.076420929 0.01 0)
(0.067420929 0.011 0)
(0.068420929 0.011 0)
(0.069420929 0.011 0)
(0.070420929 0.011 0)
(0.071420929 0.011 0)
(0.072420929 0.011 0)
(0.073420929 0.011 0)
(0.074420929 0.011 0)
(0.075420929 0.011 0)
(0.076420929 0.011 0)
(0.067420929 0.012 0)
(0.068420929 0.012 0)
(0.069420929 0.012 0)
(0.070420929 0.012 0)
(0.071420929 0.012 0)
(0.072420929 0.012 0)
(0.073420929 0.012 0)
(0.074420929 0.012 0)
(0.075420929 0.012 0)
(0.076420929 0.012 0)
(0.067420929 0.013 0)
(0.068420929 0.013 0)
(0.069420929 0.013 0)
(0.070420929 0.013 0)
(0.071420929 0.013 0)
(0.072420929 0.013 0)
(0.073420929 0.013 0)
(0.074420929 0.013 0)
(0.075420929 0.013 0)
(0.076420929 0.013 0)
(0.067420929 0.014 0)
(0.068420929 0.014 0)
(0.069420929 0.014 0)
(0.070420929 0.014 0)
(0.071420929 0.014 0)
(0.072420929 0.014 0)
(0.073420929 0.014 0)
(0.074420929 0.014 0)
(0.075420929 0.014 0)
(0.076420929 0.014 0)
(0.067420929 0.015 0)
(0.068420929 0.015 0)
(0.069420929 0.015 0)
(0.070420929 0.015 0)
(0.071420929 0.015 0)
(0.072420929 0.015 0)
(0.073420929 0.015 0)
(0.074420929 0.015 0)
(0.075420929 0.015 0)
(0.076420929 0.015 0)
(0.067420929 0.016 0)
(0.068420929 0.016 0)
(0.069420929 0.016 0)
(0.070420929 0.016 0)
(0.071420929 0.016 0)
(0.072420929 0.016 0)
(0.073420929 0.016 0)
(0.074420929 0.016 0)
(0.075420929 0.016 0)
(0.076420929 0.016 0)
(0.067420929 0.017 0)
(0.068420929 0.017 0)
(0.069420929 0.017 0)
(0.070420929 0.017 0)
(0.071420929 0.017 0)
(0.072420929 0.017 0)
(0.073420929 0.017 0)
(0.074420929 0.017 0)
(0.075420929 0.017 0)
(0.076420929 0.017 0)
(0.067420929 0.018 0)
(0.068420929 0.018 0)
(0.069420929 0.018 0)
(0.070420929 0.018 0)
(0.071420929 0.018 0)
(0.072420929 0.018 0)
(0.073420929 0.018 0)
(0.074420929 0.018 0)
(0.075420929 0.018 0)
(0.076420929 0.018 0)
(0.067420929 0.019 0)
(0.068420929 0.019 0)
(0.069420929 0.019 0)
(0.070420929 0.019 0)
(0.071420929 0.019 0)
(0.072420929 0.019 0)
(0.073420929 0.019 0)
(0.074420929 0.019 0)
(0.075420929 0.019 0)
(0.076420929 0.019 0)
(0.067420929 0.02 0)
(0.068420929 0.02 0)
(0.069420929 0.02 0)
(0.070420929 0.02 0)
(0.071420929 0.02 0)
(0.072420929 0.02 0)
(0.073420929 0.02 0)
(0.074420929 0.02 0)
(0.075420929 0.02 0)
(0.076420929 0.02 0)
(0.067420929 0.021 0)
(0.068420929 0.021 0)
(0.069420929 0.021 0)
(0.070420929 0.021 0)
(0.071420929 0.021 0)
(0.072420929 0.021 0)
(0.073420929 0.021 0)
(0.074420929 0.021 0)
(0.075420929 0.021 0)
(0.076420929 0.021 0)
(0.067420929 0.022 0)
(0.068420929 0.022 0)
(0.069420929 0.022 0)
(0.070420929 0.022 0)
(0.071420929 0.022 0)
(0.072420929 0.022 0)
(0.073420929 0.022 0)
(0.074420929 0.022 0)
(0.075420929 0.022 0)
(0.076420929 0.022 0)
(0.067420929 0.023 0)
(0.068420929 0.023 0)
(0.069420929 0.023 0)
(0.070420929 0.023 0)
(0.071420929 0.023 0)
(0.072420929 0.023 0)
(0.073420929 0.023 0)
(0.074420929 0.023 0)
(0.075420929 0.023 0)
(0.076420929 0.023 0)
(0.067420929 0.024 0)
(0.068420929 0.024 0)
(0.069420929 0.024 0)
(0.070420929 0.024 0)
(0.071420929 0.024 0)
(0.072420929 0.024 0)
(0.073420929 0.024 0)
(0.074420929 0.024 0)
(0.075420929 0.024 0)
(0.076420929 0.024 0)
(0.067420929 0.025 0)
(0.068420929 0.025 0)
(0.069420929 0.025 0)
(0.070420929 0.025 0)
(0.071420929 0.025 0)
(0.072420929 0.025 0)
(0.073420929 0.025 0)
(0.074420929 0.025 0)
(0.075420929 0.025 0)
(0.076420929 0.025 0)
(0.067420929 0.026 0)
(0.068420929 0.026 0)
(0.069420929 0.026 0)
(0.070420929 0.026 0)
(0.071420929 0.026 0)
(0.072420929 0.026 0)
(0.073420929 0.026 0)
(0.074420929 0.026 0)
(0.075420929 0.026 0)
(0.076420929 0.026 0)
(0.067420929 0.027 0)
(0.068420929 0.027 0)
(0.069420929 0.027 0)
(0.070420929 0.027 0)
(0.071420929 0.027 0)
(0.072420929 0.027 0)
(0.073420929 0.027 0)
(0.074420929 0.027 0)
(0.075420929 0.027 0)
(0.076420929 0.027 0)
(0.067420929 0.028 0)
(0.068420929 0.028 0)
(0.069420929 0.028 0)
(0.070420929 0.028 0)
(0.071420929 0.028 0)
(0.072420929 0.028 0)
(0.073420929 0.028 0)
(0.074420929 0.028 0)
(0.075420929 0.028 0)
(0.076420929 0.028 0)
(0.067420929 0.029 0)
(0.068420929 0.029 0)
(0.069420929 0.029 0)
(0.070420929 0.029 0)
(0.071420929 0.029 0)
(0.072420929 0.029 0)
(0.073420929 0.029 0)
(0.074420929 0.029 0)
(0.075420929 0.029 0)
(0.076420929 0.029 0)
(0.067420929 0.03 0)
(0.068420929 0.03 0)
(0.069420929 0.03 0)
(0.070420929 0.03 0)
(0.071420929 0.03 0)
(0.072420929 0.03 0)
(0.073420929 0.03 0)
(0.074420929 0.03 0)
(0.075420929 0.03 0)
(0.076420929 0.03 0)
(0.067420929 0.01 5e-05)
(0.068420929 0.01 5e-05)
(0.069420929 0.01 5e-05)
(0.070420929 0.01 5e-05)
(0.071420929 0.01 5e-05)
(0.072420929 0.01 5e-05)
(0.073420929 0.01 5e-05)
(0.074420929 0.01 5e-05)
(0.075420929 0.01 5e-05)
(0.076420929 0.01 5e-05)
(0.067420929 0.011 5e-05)
(0.068420929 0.011 5e-05)
(0.069420929 0.011 5e-05)
(0.070420929 0.011 5e-05)
(0.071420929 0.011 5e-05)
(0.072420929 0.011 5e-05)
(0.073420929 0.011 5e-05)
(0.074420929 0.011 5e-05)
(0.075420929 0.011 5e-05)
(0.076420929 0.011 5e-05)
(0.067420929 0.012 5e-05)
(0.068420929 0.012 5e-05)
(0.069420929 0.012 5e-05)
(0.070420929 0.012 5e-05)
(0.071420929 0.012 5e-05)
(0.072420929 0.012 5e-05)
(0.073420929 0.012 5e-05)
(0.074420929 0.012 5e-05)
(0.075420929 0.012 5e-05)
(0.076420929 0.012 5e-05)
(0.067420929 0.013 5e-05)
(0.068420929 0.013 5e-05)
(0.069420929 0.013 5e-05)
(0.070420929 0.013 5e-05)
(0.071420929 0.013 5e-05)
(0.072420929 0.013 5e-05)
(0.073420929 0.013 5e-05)
(0.074420929 0.013 5e-05)
(0.075420929 0.013 5e-05)
(0.076420929 0.013 5e-05)
(0.067420929 0.014 5e-05)
(0.068420929 0.014 5e-05)
(0.069420929 0.014 5e-05)
(0.070420929 0.014 5e-05)
(0.071420929 0.014 5e-05)
(0.072420929 0.014 5e-05)
(0.073420929 0.014 5e-05)
(0.074420929 0.014 5e-05)
(0.075420929 0.014 5e-05)
(0.076420929 0.014 5e-05)
(0.067420929 0.015 5e-05)
(0.068420929 0.015 5e-05)
(0.069420929 0.015 5e-05)
(0.070420929 0.015 5e-05)
(0.071420929 0.015 5e-05)
(0.072420929 0.015 5e-05)
(0.073420929 0.015 5e-05)
(0.074420929 0.015 5e-05)
(0.075420929 0.015 5e-05)
(0.076420929 0.015 5e-05)
(0.067420929 0.016 5e-05)
(0.068420929 0.016 5e-05)
(0.069420929 0.016 5e-05)
(0.070420929 0.016 5e-05)
(0.071420929 0.016 5e-05)
(0.072420929 0.016 5e-05)
(0.073420929 0.016 5e-05)
(0.074420929 0.016 5e-05)
(0.075420929 0.016 5e-05)
(0.076420929 0.016 5e-05)
(0.067420929 0.017 5e-05)
(0.068420929 0.017 5e-05)
(0.069420929 0.017 5e-05)
(0.070420929 0.017 5e-05)
(0.071420929 0.017 5e-05)
(0.072420929 0.017 5e-05)
(0.073420929 0.017 5e-05)
(0.074420929 0.017 5e-05)
(0.075420929 0.017 5e-05)
(0.076420929 0.017 5e-05)
(0.067420929 0.018 5e-05)
(0.068420929 0.018 5e-05)
(0.069420929 0.018 5e-05)
(0.070420929 0.018 5e-05)
(0.071420929 0.018 5e-05)
(0.072420929 0.018 5e-05)
(0.073420929 0.018 5e-05)
(0.074420929 0.018 5e-05)
(0.075420929 0.018 5e-05)
(0.076420929 0.018 5e-05)
(0.067420929 0.019 5e-05)
(0.068420929 0.019 5e-05)
(0.069420929 0.019 5e-05)
(0.070420929 0.019 5e-05)
(0.071420929 0.019 5e-05)
(0.072420929 0.019 5e-05)
(0.073420929 0.019 5e-05)
(0.074420929 0.019 5e-05)
(0.075420929 0.019 5e-05)
(0.076420929 0.019 5e-05)
(0.067420929 0.02 5e-05)
(0.068420929 0.02 5e-05)
(0.069420929 0.02 5e-05)
(0.070420929 0.02 5e-05)
(0.071420929 0.02 5e-05)
(0.072420929 0.02 5e-05)
(0.073420929 0.02 5e-05)
(0.074420929 0.02 5e-05)
(0.075420929 0.02 5e-05)
(0.076420929 0.02 5e-05)
(0.067420929 0.021 5e-05)
(0.068420929 0.021 5e-05)
(0.069420929 0.021 5e-05)
(0.070420929 0.021 5e-05)
(0.071420929 0.021 5e-05)
(0.072420929 0.021 5e-05)
(0.073420929 0.021 5e-05)
(0.074420929 0.021 5e-05)
(0.075420929 0.021 5e-05)
(0.076420929 0.021 5e-05)
(0.067420929 0.022 5e-05)
(0.068420929 0.022 5e-05)
(0.069420929 0.022 5e-05)
(0.070420929 0.022 5e-05)
(0.071420929 0.022 5e-05)
(0.072420929 0.022 5e-05)
(0.073420929 0.022 5e-05)
(0.074420929 0.022 5e-05)
(0.075420929 0.022 5e-05)
(0.076420929 0.022 5e-05)
(0.067420929 0.023 5e-05)
(0.068420929 0.023 5e-05)
(0.069420929 0.023 5e-05)
(0.070420929 0.023 5e-05)
(0.071420929 0.023 5e-05)
(0.072420929 0.023 5e-05)
(0.073420929 0.023 5e-05)
(0.074420929 0.023 5e-05)
(0.075420929 0.023 5e-05)
(0.076420929 0.023 5e-05)
(0.067420929 0.024 5e-05)
(0.068420929 0.024 5e-05)
(0.069420929 0.024 5e-05)
(0.070420929 0.024 5e-05)
(0.071420929 0.024 5e-05)
(0.072420929 0.024 5e-05)
(0.073420929 0.024 5e-05)
(0.074420929 0.024 5e-05)
(0.075420929 0.024 5e-05)
(0.076420929 0.024 5e-05)
(0.067420929 0.025 5e-05)
(0.068420929 0.025 5e-05)
(0.069420929 0.025 5e-05)
(0.070420929 0.025 5e-05)
(0.071420929 0.025 5e-05)
(0.072420929 0.025 5e-05)
(0.073420929 0.025 5e-05)
(0.074420929 0.025 5e-05)
(0.075420929 0.025 5e-05)
(0.076420929 0.025 5e-05)
(0.067420929 0.026 5e-05)
(0.068420929 0.026 5e-05)
(0.069420929 0.026 5e-05)
(0.070420929 0.026 5e-05)
(0.071420929 0.026 5e-05)
(0.072420929 0.026 5e-05)
(0.073420929 0.026 5e-05)
(0.074420929 0.026 5e-05)
(0.075420929 0.026 5e-05)
(0.076420929 0.026 5e-05)
(0.067420929 0.027 5e-05)
(0.068420929 0.027 5e-05)
(0.069420929 0.027 5e-05)
(0.070420929 0.027 5e-05)
(0.071420929 0.027 5e-05)
(0.072420929 0.027 5e-05)
(0.073420929 0.027 5e-05)
(0.074420929 0.027 5e-05)
(0.075420929 0.027 5e-05)
(0.076420929 0.027 5e-05)
(0.067420929 0.028 5e-05)
(0.068420929 0.028 5e-05)
(0.069420929 0.028 5e-05)
(0.070420929 0.028 5e-05)
(0.071420929 0.028 5e-05)
(0.072420929 0.028 5e-05)
(0.073420929 0.028 5e-05)
(0.074420929 0.028 5e-05)
(0.075420929 0.028 5e-05)
(0.076420929 0.028 5e-05)
(0.067420929 0.029 5e-05)
(0.068420929 0.029 5e-05)
(0.069420929 0.029 5e-05)
(0.070420929 0.029 5e-05)
(0.071420929 0.029 5e-05)
(0.072420929 0.029 5e-05)
(0.073420929 0.029 5e-05)
(0.074420929 0.029 5e-05)
(0.075420929 0.029 5e-05)
(0.076420929 0.029 5e-05)
(0.067420929 0.03 5e-05)
(0.068420929 0.03 5e-05)
(0.069420929 0.03 5e-05)
(0.070420929 0.03 5e-05)
(0.071420929 0.03 5e-05)
(0.072420929 0.03 5e-05)
(0.073420929 0.03 5e-05)
(0.074420929 0.03 5e-05)
(0.075420929 0.03 5e-05)
(0.076420929 0.03 5e-05)
(0.016420927 0 0)
(0.01742092704 0 0)
(0.01842092708 0 0)
(0.01942092712 0 0)
(0.02042092716 0 0)
(0.0214209272 0 0)
(0.02242092724 0 0)
(0.02342092728 0 0)
(0.02442092732 0 0)
(0.02542092736 0 0)
(0.0264209274 0 0)
(0.02742092744 0 0)
(0.02842092748 0 0)
(0.02942092752 0 0)
(0.03042092756 0 0)
(0.0314209276 0 0)
(0.03242092764 0 0)
(0.03342092768 0 0)
(0.03442092772 0 0)
(0.03542092776 0 0)
(0.0364209278 0 0)
(0.03742092784 0 0)
(0.03842092788 0 0)
(0.03942092792 0 0)
(0.04042092796 0 0)
(0.041420928 0 0)
(0.04242092804 0 0)
(0.04342092808 0 0)
(0.04442092812 0 0)
(0.04542092816 0 0)
(0.0464209282 0 0)
(0.04742092824 0 0)
(0.04842092828 0 0)
(0.04942092832 0 0)
(0.05042092836 0 0)
(0.0514209284 0 0)
(0.05242092844 0 0)
(0.05342092848 0 0)
(0.05442092852 0 0)
(0.05542092856 0 0)
(0.0564209286 0 0)
(0.05742092864 0 0)
(0.05842092868 0 0)
(0.05942092872 0 0)
(0.06042092876 0 0)
(0.0614209288 0 0)
(0.06242092884 0 0)
(0.06342092888 0 0)
(0.06442092892 0 0)
(0.06542092896 0 0)
(0.066420929 0 0)
(0.0157788343 0.001 0)
(0.01679167619 0.001 0)
(0.01780451809 0.001 0)
(0.01881735998 0.001 0)
(0.01983020188 0.001 0)
(0.02084304377 0.001 0)
(0.02185588566 0.001 0)
(0.02286872756 0.001 0)
(0.02388156945 0.001 0)
(0.02489441135 0.001 0)
(0.02590725324 0.001 0)
(0.02692009513 0.001 0)
(0.02793293703 0.001 0)
(0.02894577892 0.001 0)
(0.02995862082 0.001 0)
(0.03097146271 0.001 0)
(0.0319843046 0.001 0)
(0.0329971465 0.001 0)
(0.03400998839 0.001 0)
(0.03502283029 0.001 0)
(0.03603567218 0.001 0)
(0.03704851407 0.001 0)
(0.03806135597 0.001 0)
(0.03907419786 0.001 0)
(0.04008703976 0.001 0)
(0.04109988165 0.001 0)
(0.04211272354 0.001 0)
(0.04312556544 0.001 0)
(0.04413840733 0.001 0)
(0.04515124923 0.001 0)
(0.04616409112 0.001 0)
(0.04717693301 0.001 0)
(0.04818977491 0.001 0)
(0.0492026168 0.001 0)
(0.0502154587 0.001 0)
(0.05122830059 0.001 0)
(0.05224114248 0.001 0)
(0.05325398438 0.001 0)
(0.05426682627 0.001 0)
(0.05527966817 0.001 0)
(0.05629251006 0.001 0)
(0.05730535195 0.001 0)
(0.05831819385 0.001 0)
(0.05933103574 0.001 0)
(0.06034387764 0.001 0)
(0.06135671953 0.001 0)
(0.06236956142 0.001 0)
(0.06338240332 0.001 0)
(0.06439524521 0.001 0)
(0.06540808711 0.001 0)
(0.066420929 0.001 0)
(0.0151367416 0.002 0)
(0.01616242535 0.002 0)
(0.0171881091 0.002 0)
(0.01821379284 0.002 0)
(0.01923947659 0.002 0)
(0.02026516034 0.002 0)
(0.02129084409 0.002 0)
(0.02231652784 0.002 0)
(0.02334221158 0.002 0)
(0.02436789533 0.002 0)
(0.02539357908 0.002 0)
(0.02641926283 0.002 0)
(0.02744494658 0.002 0)
(0.02847063032 0.002 0)
(0.02949631407 0.002 0)
(0.03052199782 0.002 0)
(0.03154768157 0.002 0)
(0.03257336532 0.002 0)
(0.03359904906 0.002 0)
(0.03462473281 0.002 0)
(0.03565041656 0.002 0)
(0.03667610031 0.002 0)
(0.03770178406 0.002 0)
(0.0387274678 0.002 0)
(0.03975315155 0.002 0)
(0.0407788353 0.002 0)
(0.04180451905 0.002 0)
(0.0428302028 0.002 0)
(0.04385588654 0.002 0)
(0.04488157029 0.002 0)
(0.04590725404 0.002 0)
(0.04693293779 0.002 0)
(0.04795862154 0.002 0)
(0.04898430528 0.002 0)
(0.05000998903 0.002 0)
(0.05103567278 0.002 0)
(0.05206135653 0.002 0)
(0.05308704028 0.002 0)
(0.05411272402 0.002 0)
(0.05513840777 0.002 0)
(0.05616409152 0.002 0)
(0.05718977527 0.002 0)
(0.05821545902 0.002 0)
(0.05924114276 0.002 0)
(0.06026682651 0.002 0)
(0.06129251026 0.002 0)
(0.06231819401 0.002 0)
(0.06334387776 0.002 0)
(0.0643695615 0.002 0)
(0.06539524525 0.002 0)
(0.066420929 0.002 0)
(0.0144946489 0.003 0)
(0.0155331745 0.003 0)
(0.0165717001 0.003 0)
(0.01761022571 0.003 0)
(0.01864875131 0.003 0)
(0.01968727691 0.003 0)
(0.02072580251 0.003 0)
(0.02176432811 0.003 0)
(0.02280285372 0.003 0)
(0.02384137932 0.003 0)
(0.02487990492 0.003 0)
(0.02591843052 0.003 0)
(0.02695695612 0.003 0)
(0.02799548173 0.003 0)
(0.02903400733 0.003 0)
(0.03007253293 0.003 0)
(0.03111105853 0.003 0)
(0.03214958413 0.003 0)
(0.03318810974 0.003 0)
(0.03422663534 0.003 0)
(0.03526516094 0.003 0)
(0.03630368654 0.003 0)
(0.03734221214 0.003 0)
(0.03838073775 0.003 0)
(0.03941926335 0.003 0)
(0.04045778895 0.003 0)
(0.04149631455 0.003 0)
(0.04253484015 0.003 0)
(0.04357336576 0.003 0)
(0.04461189136 0.003 0)
(0.04565041696 0.003 0)
(0.04668894256 0.003 0)
(0.04772746816 0.003 0)
(0.04876599377 0.003 0)
(0.04980451937 0.003 0)
(0.05084304497 0.003 0)
(0.05188157057 0.003 0)
(0.05292009617 0.003 0)
(0.05395862178 0.003 0)
(0.05499714738 0.003 0)
(0.05603567298 0.003 0)
(0.05707419858 0.003 0)
(0.05811272418 0.003 0)
(0.05915124979 0.003 0)
(0.06018977539 0.003 0)
(0.06122830099 0.003 0)
(0.06226682659 0.003 0)
(0.06330535219 0.003 0)
(0.0643438778 0.003 0)
(0.0653824034 0.003 0)
(0.066420929 0.003 0)
(0.0138525562 0.004 0)
(0.01490392366 0.004 0)
(0.01595529111 0.004 0)
(0.01700665857 0.004 0)
(0.01805802602 0.004 0)
(0.01910939348 0.004 0)
(0.02016076094 0.004 0)
(0.02121212839 0.004 0)
(0.02226349585 0.004 0)
(0.0233148633 0.004 0)
(0.02436623076 0.004 0)
(0.02541759822 0.004 0)
(0.02646896567 0.004 0)
(0.02752033313 0.004 0)
(0.02857170058 0.004 0)
(0.02962306804 0.004 0)
(0.0306744355 0.004 0)
(0.03172580295 0.004 0)
(0.03277717041 0.004 0)
(0.03382853786 0.004 0)
(0.03487990532 0.004 0)
(0.03593127278 0.004 0)
(0.03698264023 0.004 0)
(0.03803400769 0.004 0)
(0.03908537514 0.004 0)
(0.0401367426 0.004 0)
(0.04118811006 0.004 0)
(0.04223947751 0.004 0)
(0.04329084497 0.004 0)
(0.04434221242 0.004 0)
(0.04539357988 0.004 0)
(0.04644494734 0.004 0)
(0.04749631479 0.004 0)
(0.04854768225 0.004 0)
(0.0495990497 0.004 0)
(0.05065041716 0.004 0)
(0.05170178462 0.004 0)
(0.05275315207 0.004 0)
(0.05380451953 0.004 0)
(0.05485588698 0.004 0)
(0.05590725444 0.004 0)
(0.0569586219 0.004 0)
(0.05800998935 0.004 0)
(0.05906135681 0.004 0)
(0.06011272426 0.004 0)
(0.06116409172 0.004 0)
(0.06221545918 0.004 0)
(0.06326682663 0.004 0)
(0.06431819409 0.004 0)
(0.06536956154 0.004 0)
(0.066420929 0.004 0)
(0.0132104635 0.005 0)
(0.01427467281 0.005 0)
(0.01533888212 0.005 0)
(0.01640309143 0.005 0)
(0.01746730074 0.005 0)
(0.01853151005 0.005 0)
(0.01959571936 0.005 0)
(0.02065992867 0.005 0)
(0.02172413798 0.005 0)
(0.02278834729 0.005 0)
(0.0238525566 0.005 0)
(0.02491676591 0.005 0)
(0.02598097522 0.005 0)
(0.02704518453 0.005 0)
(0.02810939384 0.005 0)
(0.02917360315 0.005 0)
(0.03023781246 0.005 0)
(0.03130202177 0.005 0)
(0.03236623108 0.005 0)
(0.03343044039 0.005 0)
(0.0344946497 0.005 0)
(0.03555885901 0.005 0)
(0.03662306832 0.005 0)
(0.03768727763 0.005 0)
(0.03875148694 0.005 0)
(0.03981569625 0.005 0)
(0.04087990556 0.005 0)
(0.04194411487 0.005 0)
(0.04300832418 0.005 0)
(0.04407253349 0.005 0)
(0.0451367428 0.005 0)
(0.04620095211 0.005 0)
(0.04726516142 0.005 0)
(0.04832937073 0.005 0)
(0.04939358004 0.005 0)
(0.05045778935 0.005 0)
(0.05152199866 0.005 0)
(0.05258620797 0.005 0)
(0.05365041728 0.005 0)
(0.05471462659 0.005 0)
(0.0557788359 0.005 0)
(0.05684304521 0.005 0)
(0.05790725452 0.005 0)
(0.05897146383 0.005 0)
(0.06003567314 0.005 0)
(0.06109988245 0.005 0)
(0.06216409176 0.005 0)
(0.06322830107 0.005 0)
(0.06429251038 0.005 0)
(0.06535671969 0.005 0)
(0.066420929 0.005 0)
(0.0125683708 0.006 0)
(0.01364542196 0.006 0)
(0.01472247313 0.006 0)
(0.01579952429 0.006 0)
(0.01687657546 0.006 0)
(0.01795362662 0.006 0)
(0.01903067778 0.006 0)
(0.02010772895 0.006 0)
(0.02118478011 0.006 0)
(0.02226183128 0.006 0)
(0.02333888244 0.006 0)
(0.0244159336 0.006 0)
(0.02549298477 0.006 0)
(0.02657003593 0.006 0)
(0.0276470871 0.006 0)
(0.02872413826 0.006 0)
(0.02980118942 0.006 0)
(0.03087824059 0.006 0)
(0.03195529175 0.006 0)
(0.03303234292 0.006 0)
(0.03410939408 0.006 0)
(0.03518644524 0.006 0)
(0.03626349641 0.006 0)
(0.03734054757 0.006 0)
(0.03841759874 0.006 0)
(0.0394946499 0.006 0)
(0.04057170106 0.006 0)
(0.04164875223 0.006 0)
(0.04272580339 0.006 0)
(0.04380285456 0.006 0)
(0.04487990572 0.006 0)
(0.04595695688 0.006 0)
(0.04703400805 0.006 0)
(0.04811105921 0.006 0)
(0.04918811038 0.006 0)
(0.05026516154 0.006 0)
(0.0513422127 0.006 0)
(0.05241926387 0.006 0)
(0.05349631503 0.006 0)
(0.0545733662 0.006 0)
(0.05565041736 0.006 0)
(0.05672746852 0.006 0)
(0.05780451969 0.006 0)
(0.05888157085 0.006 0)
(0.05995862202 0.006 0)
(0.06103567318 0.006 0)
(0.06211272434 0.006 0)
(0.06318977551 0.006 0)
(0.06426682667 0.006 0)
(0.06534387784 0.006 0)
(0.066420929 0.006 0)
(0.0119262781 0.007 0)
(0.01301617112 0.007 0)
(0.01410606414 0.007 0)
(0.01519595715 0.007 0)
(0.01628585017 0.007 0)
(0.01737574319 0.007 0)
(0.01846563621 0.007 0)
(0.01955552923 0.007 0)
(0.02064542224 0.007 0)
(0.02173531526 0.007 0)
(0.02282520828 0.007 0)
(0.0239151013 0.007 0)
(0.02500499432 0.007 0)
(0.02609488733 0.007 0)
(0.02718478035 0.007 0)
(0.02827467337 0.007 0)
(0.02936456639 0.007 0)
(0.03045445941 0.007 0)
(0.03154435242 0.007 0)
(0.03263424544 0.007 0)
(0.03372413846 0.007 0)
(0.03481403148 0.007 0)
(0.0359039245 0.007 0)
(0.03699381751 0.007 0)
(0.03808371053 0.007 0)
(0.03917360355 0.007 0)
(0.04026349657 0.007 0)
(0.04135338959 0.007 0)
(0.0424432826 0.007 0)
(0.04353317562 0.007 0)
(0.04462306864 0.007 0)
(0.04571296166 0.007 0)
(0.04680285468 0.007 0)
(0.04789274769 0.007 0)
(0.04898264071 0.007 0)
(0.05007253373 0.007 0)
(0.05116242675 0.007 0)
(0.05225231977 0.007 0)
(0.05334221278 0.007 0)
(0.0544321058 0.007 0)
(0.05552199882 0.007 0)
(0.05661189184 0.007 0)
(0.05770178486 0.007 0)
(0.05879167787 0.007 0)
(0.05988157089 0.007 0)
(0.06097146391 0.007 0)
(0.06206135693 0.007 0)
(0.06315124995 0.007 0)
(0.06424114296 0.007 0)
(0.06533103598 0.007 0)
(0.066420929 0.007 0)
(0.0112841854 0.008 0)
(0.01238692027 0.008 0)
(0.01348965514 0.008 0)
(0.01459239002 0.008 0)
(0.01569512489 0.008 0)
(0.01679785976 0.008 0)
(0.01790059463 0.008 0)
(0.0190033295 0.008 0)
(0.02010606438 0.008 0)
(0.02120879925 0.008 0)
(0.02231153412 0.008 0)
(0.02341426899 0.008 0)
(0.02451700386 0.008 0)
(0.02561973874 0.008 0)
(0.02672247361 0.008 0)
(0.02782520848 0.008 0)
(0.02892794335 0.008 0)
(0.03003067822 0.008 0)
(0.0311334131 0.008 0)
(0.03223614797 0.008 0)
(0.03333888284 0.008 0)
(0.03444161771 0.008 0)
(0.03554435258 0.008 0)
(0.03664708746 0.008 0)
(0.03774982233 0.008 0)
(0.0388525572 0.008 0)
(0.03995529207 0.008 0)
(0.04105802694 0.008 0)
(0.04216076182 0.008 0)
(0.04326349669 0.008 0)
(0.04436623156 0.008 0)
(0.04546896643 0.008 0)
(0.0465717013 0.008 0)
(0.04767443618 0.008 0)
(0.04877717105 0.008 0)
(0.04987990592 0.008 0)
(0.05098264079 0.008 0)
(0.05208537566 0.008 0)
(0.05318811054 0.008 0)
(0.05429084541 0.008 0)
(0.05539358028 0.008 0)
(0.05649631515 0.008 0)
(0.05759905002 0.008 0)
(0.0587017849 0.008 0)
(0.05980451977 0.008 0)
(0.06090725464 0.008 0)
(0.06200998951 0.008 0)
(0.06311272438 0.008 0)
(0.06421545926 0.008 0)
(0.06531819413 0.008 0)
(0.066420929 0.008 0)
(0.0106420927 0.009 0)
(0.01175766943 0.009 0)
(0.01287324615 0.009 0)
(0.01398882288 0.009 0)
(0.0151043996 0.009 0)
(0.01621997633 0.009 0)
(0.01733555306 0.009 0)
(0.01845112978 0.009 0)
(0.01956670651 0.009 0)
(0.02068228323 0.009 0)
(0.02179785996 0.009 0)
(0.02291343669 0.009 0)
(0.02402901341 0.009 0)
(0.02514459014 0.009 0)
(0.02626016686 0.009 0)
(0.02737574359 0.009 0)
(0.02849132032 0.009 0)
(0.02960689704 0.009 0)
(0.03072247377 0.009 0)
(0.03183805049 0.009 0)
(0.03295362722 0.009 0)
(0.03406920395 0.009 0)
(0.03518478067 0.009 0)
(0.0363003574 0.009 0)
(0.03741593412 0.009 0)
(0.03853151085 0.009 0)
(0.03964708758 0.009 0)
(0.0407626643 0.009 0)
(0.04187824103 0.009 0)
(0.04299381775 0.009 0)
(0.04410939448 0.009 0)
(0.04522497121 0.009 0)
(0.04634054793 0.009 0)
(0.04745612466 0.009 0)
(0.04857170138 0.009 0)
(0.04968727811 0.009 0)
(0.05080285484 0.009 0)
(0.05191843156 0.009 0)
(0.05303400829 0.009 0)
(0.05414958501 0.009 0)
(0.05526516174 0.009 0)
(0.05638073847 0.009 0)
(0.05749631519 0.009 0)
(0.05861189192 0.009 0)
(0.05972746864 0.009 0)
(0.06084304537 0.009 0)
(0.0619586221 0.009 0)
(0.06307419882 0.009 0)
(0.06418977555 0.009 0)
(0.06530535227 0.009 0)
(0.066420929 0.009 0)
(0.016420927 0 5e-05)
(0.01742092704 0 5e-05)
(0.01842092708 0 5e-05)
(0.01942092712 0 5e-05)
(0.02042092716 0 5e-05)
(0.0214209272 0 5e-05)
(0.02242092724 0 5e-05)
(0.02342092728 0 5e-05)
(0.02442092732 0 5e-05)
(0.02542092736 0 5e-05)
(0.0264209274 0 5e-05)
(0.02742092744 0 5e-05)
(0.02842092748 0 5e-05)
(0.02942092752 0 5e-05)
(0.03042092756 0 5e-05)
(0.0314209276 0 5e-05)
(0.03242092764 0 5e-05)
(0.03342092768 0 5e-05)
(0.03442092772 0 5e-05)
(0.03542092776 0 5e-05)
(0.0364209278 0 5e-05)
(0.03742092784 0 5e-05)
(0.03842092788 0 5e-05)
(0.03942092792 0 5e-05)
(0.04042092796 0 5e-05)
(0.041420928 0 5e-05)
(0.04242092804 0 5e-05)
(0.04342092808 0 5e-05)
(0.04442092812 0 5e-05)
(0.04542092816 0 5e-05)
(0.0464209282 0 5e-05)
(0.04742092824 0 5e-05)
(0.04842092828 0 5e-05)
(0.04942092832 0 5e-05)
(0.05042092836 0 5e-05)
(0.0514209284 0 5e-05)
(0.05242092844 0 5e-05)
(0.05342092848 0 5e-05)
(0.05442092852 0 5e-05)
(0.05542092856 0 5e-05)
(0.0564209286 0 5e-05)
(0.05742092864 0 5e-05)
(0.05842092868 0 5e-05)
(0.05942092872 0 5e-05)
(0.06042092876 0 5e-05)
(0.0614209288 0 5e-05)
(0.06242092884 0 5e-05)
(0.06342092888 0 5e-05)
(0.06442092892 0 5e-05)
(0.06542092896 0 5e-05)
(0.066420929 0 5e-05)
(0.0157788343 0.001 5e-05)
(0.01679167619 0.001 5e-05)
(0.01780451809 0.001 5e-05)
(0.01881735998 0.001 5e-05)
(0.01983020188 0.001 5e-05)
(0.02084304377 0.001 5e-05)
(0.02185588566 0.001 5e-05)
(0.02286872756 0.001 5e-05)
(0.02388156945 0.001 5e-05)
(0.02489441135 0.001 5e-05)
(0.02590725324 0.001 5e-05)
(0.02692009513 0.001 5e-05)
(0.02793293703 0.001 5e-05)
(0.02894577892 0.001 5e-05)
(0.02995862082 0.001 5e-05)
(0.03097146271 0.001 5e-05)
(0.0319843046 0.001 5e-05)
(0.0329971465 0.001 5e-05)
(0.03400998839 0.001 5e-05)
(0.03502283029 0.001 5e-05)
(0.03603567218 0.001 5e-05)
(0.03704851407 0.001 5e-05)
(0.03806135597 0.001 5e-05)
(0.03907419786 0.001 5e-05)
(0.04008703976 0.001 5e-05)
(0.04109988165 0.001 5e-05)
(0.04211272354 0.001 5e-05)
(0.04312556544 0.001 5e-05)
(0.04413840733 0.001 5e-05)
(0.04515124923 0.001 5e-05)
(0.04616409112 0.001 5e-05)
(0.04717693301 0.001 5e-05)
(0.04818977491 0.001 5e-05)
(0.0492026168 0.001 5e-05)
(0.0502154587 0.001 5e-05)
(0.05122830059 0.001 5e-05)
(0.05224114248 0.001 5e-05)
(0.05325398438 0.001 5e-05)
(0.05426682627 0.001 5e-05)
(0.05527966817 0.001 5e-05)
(0.05629251006 0.001 5e-05)
(0.05730535195 0.001 5e-05)
(0.05831819385 0.001 5e-05)
(0.05933103574 0.001 5e-05)
(0.06034387764 0.001 5e-05)
(0.06135671953 0.001 5e-05)
(0.06236956142 0.001 5e-05)
(0.06338240332 0.001 5e-05)
(0.06439524521 0.001 5e-05)
(0.06540808711 0.001 5e-05)
(0.066420929 0.001 5e-05)
(0.0151367416 0.002 5e-05)
(0.01616242535 0.002 5e-05)
(0.0171881091 0.002 5e-05)
(0.01821379284 0.002 5e-05)
(0.01923947659 0.002 5e-05)
(0.02026516034 0.002 5e-05)
(0.02129084409 0.002 5e-05)
(0.02231652784 0.002 5e-05)
(0.02334221158 0.002 5e-05)
(0.02436789533 0.002 5e-05)
(0.02539357908 0.002 5e-05)
(0.02641926283 0.002 5e-05)
(0.02744494658 0.002 5e-05)
(0.02847063032 0.002 5e-05)
(0.02949631407 0.002 5e-05)
(0.03052199782 0.002 5e-05)
(0.03154768157 0.002 5e-05)
(0.03257336532 0.002 5e-05)
(0.03359904906 0.002 5e-05)
(0.03462473281 0.002 5e-05)
(0.03565041656 0.002 5e-05)
(0.03667610031 0.002 5e-05)
(0.03770178406 0.002 5e-05)
(0.0387274678 0.002 5e-05)
(0.03975315155 0.002 5e-05)
(0.0407788353 0.002 5e-05)
(0.04180451905 0.002 5e-05)
(0.0428302028 0.002 5e-05)
(0.04385588654 0.002 5e-05)
(0.04488157029 0.002 5e-05)
(0.04590725404 0.002 5e-05)
(0.04693293779 0.002 5e-05)
(0.04795862154 0.002 5e-05)
(0.04898430528 0.002 5e-05)
(0.05000998903 0.002 5e-05)
(0.05103567278 0.002 5e-05)
(0.05206135653 0.002 5e-05)
(0.05308704028 0.002 5e-05)
(0.05411272402 0.002 5e-05)
(0.05513840777 0.002 5e-05)
(0.05616409152 0.002 5e-05)
(0.05718977527 0.002 5e-05)
(0.05821545902 0.002 5e-05)
(0.05924114276 0.002 5e-05)
(0.06026682651 0.002 5e-05)
(0.06129251026 0.002 5e-05)
(0.06231819401 0.002 5e-05)
(0.06334387776 0.002 5e-05)
(0.0643695615 0.002 5e-05)
(0.06539524525 0.002 5e-05)
(0.066420929 0.002 5e-05)
(0.0144946489 0.003 5e-05)
(0.0155331745 0.003 5e-05)
(0.0165717001 0.003 5e-05)
(0.01761022571 0.003 5e-05)
(0.01864875131 0.003 5e-05)
(0.01968727691 0.003 5e-05)
(0.02072580251 0.003 5e-05)
(0.02176432811 0.003 5e-05)
(0.02280285372 0.003 5e-05)
(0.02384137932 0.003 5e-05)
(0.02487990492 0.003 5e-05)
(0.02591843052 0.003 5e-05)
(0.02695695612 0.003 5e-05)
(0.02799548173 0.003 5e-05)
(0.02903400733 0.003 5e-05)
(0.03007253293 0.003 5e-05)
(0.03111105853 0.003 5e-05)
(0.03214958413 0.003 5e-05)
(0.03318810974 0.003 5e-05)
(0.03422663534 0.003 5e-05)
(0.03526516094 0.003 5e-05)
(0.03630368654 0.003 5e-05)
(0.03734221214 0.003 5e-05)
(0.03838073775 0.003 5e-05)
(0.03941926335 0.003 5e-05)
(0.04045778895 0.003 5e-05)
(0.04149631455 0.003 5e-05)
(0.04253484015 0.003 5e-05)
(0.04357336576 0.003 5e-05)
(0.04461189136 0.003 5e-05)
(0.04565041696 0.003 5e-05)
(0.04668894256 0.003 5e-05)
(0.04772746816 0.003 5e-05)
(0.04876599377 0.003 5e-05)
(0.04980451937 0.003 5e-05)
(0.05084304497 0.003 5e-05)
(0.05188157057 0.003 5e-05)
(0.05292009617 0.003 5e-05)
(0.05395862178 0.003 5e-05)
(0.05499714738 0.003 5e-05)
(0.05603567298 0.003 5e-05)
(0.05707419858 0.003 5e-05)
(0.05811272418 0.003 5e-05)
(0.05915124979 0.003 5e-05)
(0.06018977539 0.003 5e-05)
(0.06122830099 0.003 5e-05)
(0.06226682659 0.003 5e-05)
(0.06330535219 0.003 5e-05)
(0.0643438778 0.003 5e-05)
(0.0653824034 0.003 5e-05)
(0.066420929 0.003 5e-05)
(0.0138525562 0.004 5e-05)
(0.01490392366 0.004 5e-05)
(0.01595529111 0.004 5e-05)
(0.01700665857 0.004 5e-05)
(0.01805802602 0.004 5e-05)
(0.01910939348 0.004 5e-05)
(0.02016076094 0.004 5e-05)
(0.02121212839 0.004 5e-05)
(0.02226349585 0.004 5e-05)
(0.0233148633 0.004 5e-05)
(0.02436623076 0.004 5e-05)
(0.02541759822 0.004 5e-05)
(0.02646896567 0.004 5e-05)
(0.02752033313 0.004 5e-05)
(0.02857170058 0.004 5e-05)
(0.02962306804 0.004 5e-05)
(0.0306744355 0.004 5e-05)
(0.03172580295 0.004 5e-05)
(0.03277717041 0.004 5e-05)
(0.03382853786 0.004 5e-05)
(0.03487990532 0.004 5e-05)
(0.03593127278 0.004 5e-05)
(0.03698264023 0.004 5e-05)
(0.03803400769 0.004 5e-05)
(0.03908537514 0.004 5e-05)
(0.0401367426 0.004 5e-05)
(0.04118811006 0.004 5e-05)
(0.04223947751 0.004 5e-05)
(0.04329084497 0.004 5e-05)
(0.04434221242 0.004 5e-05)
(0.04539357988 0.004 5e-05)
(0.04644494734 0.004 5e-05)
(0.04749631479 0.004 5e-05)
(0.04854768225 0.004 5e-05)
(0.0495990497 0.004 5e-05)
(0.05065041716 0.004 5e-05)
(0.05170178462 0.004 5e-05)
(0.05275315207 0.004 5e-05)
(0.05380451953 0.004 5e-05)
(0.05485588698 0.004 5e-05)
(0.05590725444 0.004 5e-05)
(0.0569586219 0.004 5e-05)
(0.05800998935 0.004 5e-05)
(0.05906135681 0.004 5e-05)
(0.06011272426 0.004 5e-05)
(0.06116409172 0.004 5e-05)
(0.06221545918 0.004 5e-05)
(0.06326682663 0.004 5e-05)
(0.06431819409 0.004 5e-05)
(0.06536956154 0.004 5e-05)
(0.066420929 0.004 5e-05)
(0.0132104635 0.005 5e-05)
(0.01427467281 0.005 5e-05)
(0.01533888212 0.005 5e-05)
(0.01640309143 0.005 5e-05)
(0.01746730074 0.005 5e-05)
(0.01853151005 0.005 5e-05)
(0.01959571936 0.005 5e-05)
(0.02065992867 0.005 5e-05)
(0.02172413798 0.005 5e-05)
(0.02278834729 0.005 5e-05)
(0.0238525566 0.005 5e-05)
(0.02491676591 0.005 5e-05)
(0.02598097522 0.005 5e-05)
(0.02704518453 0.005 5e-05)
(0.02810939384 0.005 5e-05)
(0.02917360315 0.005 5e-05)
(0.03023781246 0.005 5e-05)
(0.03130202177 0.005 5e-05)
(0.03236623108 0.005 5e-05)
(0.03343044039 0.005 5e-05)
(0.0344946497 0.005 5e-05)
(0.03555885901 0.005 5e-05)
(0.03662306832 0.005 5e-05)
(0.03768727763 0.005 5e-05)
(0.03875148694 0.005 5e-05)
(0.03981569625 0.005 5e-05)
(0.04087990556 0.005 5e-05)
(0.04194411487 0.005 5e-05)
(0.04300832418 0.005 5e-05)
(0.04407253349 0.005 5e-05)
(0.0451367428 0.005 5e-05)
(0.04620095211 0.005 5e-05)
(0.04726516142 0.005 5e-05)
(0.04832937073 0.005 5e-05)
(0.04939358004 0.005 5e-05)
(0.05045778935 0.005 5e-05)
(0.05152199866 0.005 5e-05)
(0.05258620797 0.005 5e-05)
(0.05365041728 0.005 5e-05)
(0.05471462659 0.005 5e-05)
(0.0557788359 0.005 5e-05)
(0.05684304521 0.005 5e-05)
(0.05790725452 0.005 5e-05)
(0.05897146383 0.005 5e-05)
(0.06003567314 0.005 5e-05)
(0.06109988245 0.005 5e-05)
(0.06216409176 0.005 5e-05)
(0.06322830107 0.005 5e-05)
(0.06429251038 0.005 5e-05)
(0.06535671969 0.005 5e-05)
(0.066420929 0.005 5e-05)
(0.0125683708 0.006 5e-05)
(0.01364542196 0.006 5e-05)
(0.01472247313 0.006 5e-05)
(0.01579952429 0.006 5e-05)
(0.01687657546 0.006 5e-05)
(0.01795362662 0.006 5e-05)
(0.01903067778 0.006 5e-05)
(0.02010772895 0.006 5e-05)
(0.02118478011 0.006 5e-05)
(0.02226183128 0.006 5e-05)
(0.02333888244 0.006 5e-05)
(0.0244159336 0.006 5e-05)
(0.02549298477 0.006 5e-05)
(0.02657003593 0.006 5e-05)
(0.0276470871 0.006 5e-05)
(0.02872413826 0.006 5e-05)
(0.02980118942 0.006 5e-05)
(0.03087824059 0.006 5e-05)
(0.03195529175 0.006 5e-05)
(0.03303234292 0.006 5e-05)
(0.03410939408 0.006 5e-05)
(0.03518644524 0.006 5e-05)
(0.03626349641 0.006 5e-05)
(0.03734054757 0.006 5e-05)
(0.03841759874 0.006 5e-05)
(0.0394946499 0.006 5e-05)
(0.04057170106 0.006 5e-05)
(0.04164875223 0.006 5e-05)
(0.04272580339 0.006 5e-05)
(0.04380285456 0.006 5e-05)
(0.04487990572 0.006 5e-05)
(0.04595695688 0.006 5e-05)
(0.04703400805 0.006 5e-05)
(0.04811105921 0.006 5e-05)
(0.04918811038 0.006 5e-05)
(0.05026516154 0.006 5e-05)
(0.0513422127 0.006 5e-05)
(0.05241926387 0.006 5e-05)
(0.05349631503 0.006 5e-05)
(0.0545733662 0.006 5e-05)
(0.05565041736 0.006 5e-05)
(0.05672746852 0.006 5e-05)
(0.05780451969 0.006 5e-05)
(0.05888157085 0.006 5e-05)
(0.05995862202 0.006 5e-05)
(0.06103567318 0.006 5e-05)
(0.06211272434 0.006 5e-05)
(0.06318977551 0.006 5e-05)
(0.06426682667 0.006 5e-05)
(0.06534387784 0.006 5e-05)
(0.066420929 0.006 5e-05)
(0.0119262781 0.007 5e-05)
(0.01301617112 0.007 5e-05)
(0.01410606414 0.007 5e-05)
(0.01519595715 0.007 5e-05)
(0.01628585017 0.007 5e-05)
(0.01737574319 0.007 5e-05)
(0.01846563621 0.007 5e-05)
(0.01955552923 0.007 5e-05)
(0.02064542224 0.007 5e-05)
(0.02173531526 0.007 5e-05)
(0.02282520828 0.007 5e-05)
(0.0239151013 0.007 5e-05)
(0.02500499432 0.007 5e-05)
(0.02609488733 0.007 5e-05)
(0.02718478035 0.007 5e-05)
(0.02827467337 0.007 5e-05)
(0.02936456639 0.007 5e-05)
(0.03045445941 0.007 5e-05)
(0.03154435242 0.007 5e-05)
(0.03263424544 0.007 5e-05)
(0.03372413846 0.007 5e-05)
(0.03481403148 0.007 5e-05)
(0.0359039245 0.007 5e-05)
(0.03699381751 0.007 5e-05)
(0.03808371053 0.007 5e-05)
(0.03917360355 0.007 5e-05)
(0.04026349657 0.007 5e-05)
(0.04135338959 0.007 5e-05)
(0.0424432826 0.007 5e-05)
(0.04353317562 0.007 5e-05)
(0.04462306864 0.007 5e-05)
(0.04571296166 0.007 5e-05)
(0.04680285468 0.007 5e-05)
(0.04789274769 0.007 5e-05)
(0.04898264071 0.007 5e-05)
(0.05007253373 0.007 5e-05)
(0.05116242675 0.007 5e-05)
(0.05225231977 0.007 5e-05)
(0.05334221278 0.007 5e-05)
(0.0544321058 0.007 5e-05)
(0.05552199882 0.007 5e-05)
(0.05661189184 0.007 5e-05)
(0.05770178486 0.007 5e-05)
(0.05879167787 0.007 5e-05)
(0.05988157089 0.007 5e-05)
(0.06097146391 0.007 5e-05)
(0.06206135693 0.007 5e-05)
(0.06315124995 0.007 5e-05)
(0.06424114296 0.007 5e-05)
(0.06533103598 0.007 5e-05)
(0.066420929 0.007 5e-05)
(0.0112841854 0.008 5e-05)
(0.01238692027 0.008 5e-05)
(0.01348965514 0.008 5e-05)
(0.01459239002 0.008 5e-05)
(0.01569512489 0.008 5e-05)
(0.01679785976 0.008 5e-05)
(0.01790059463 0.008 5e-05)
(0.0190033295 0.008 5e-05)
(0.02010606438 0.008 5e-05)
(0.02120879925 0.008 5e-05)
(0.02231153412 0.008 5e-05)
(0.02341426899 0.008 5e-05)
(0.02451700386 0.008 5e-05)
(0.02561973874 0.008 5e-05)
(0.02672247361 0.008 5e-05)
(0.02782520848 0.008 5e-05)
(0.02892794335 0.008 5e-05)
(0.03003067822 0.008 5e-05)
(0.0311334131 0.008 5e-05)
(0.03223614797 0.008 5e-05)
(0.03333888284 0.008 5e-05)
(0.03444161771 0.008 5e-05)
(0.03554435258 0.008 5e-05)
(0.03664708746 0.008 5e-05)
(0.03774982233 0.008 5e-05)
(0.0388525572 0.008 5e-05)
(0.03995529207 0.008 5e-05)
(0.04105802694 0.008 5e-05)
(0.04216076182 0.008 5e-05)
(0.04326349669 0.008 5e-05)
(0.04436623156 0.008 5e-05)
(0.04546896643 0.008 5e-05)
(0.0465717013 0.008 5e-05)
(0.04767443618 0.008 5e-05)
(0.04877717105 0.008 5e-05)
(0.04987990592 0.008 5e-05)
(0.05098264079 0.008 5e-05)
(0.05208537566 0.008 5e-05)
(0.05318811054 0.008 5e-05)
(0.05429084541 0.008 5e-05)
(0.05539358028 0.008 5e-05)
(0.05649631515 0.008 5e-05)
(0.05759905002 0.008 5e-05)
(0.0587017849 0.008 5e-05)
(0.05980451977 0.008 5e-05)
(0.06090725464 0.008 5e-05)
(0.06200998951 0.008 5e-05)
(0.06311272438 0.008 5e-05)
(0.06421545926 0.008 5e-05)
(0.06531819413 0.008 5e-05)
(0.066420929 0.008 5e-05)
(0.0106420927 0.009 5e-05)
(0.01175766943 0.009 5e-05)
(0.01287324615 0.009 5e-05)
(0.01398882288 0.009 5e-05)
(0.0151043996 0.009 5e-05)
(0.01621997633 0.009 5e-05)
(0.01733555306 0.009 5e-05)
(0.01845112978 0.009 5e-05)
(0.01956670651 0.009 5e-05)
(0.02068228323 0.009 5e-05)
(0.02179785996 0.009 5e-05)
(0.02291343669 0.009 5e-05)
(0.02402901341 0.009 5e-05)
(0.02514459014 0.009 5e-05)
(0.02626016686 0.009 5e-05)
(0.02737574359 0.009 5e-05)
(0.02849132032 0.009 5e-05)
(0.02960689704 0.009 5e-05)
(0.03072247377 0.009 5e-05)
(0.03183805049 0.009 5e-05)
(0.03295362722 0.009 5e-05)
(0.03406920395 0.009 5e-05)
(0.03518478067 0.009 5e-05)
(0.0363003574 0.009 5e-05)
(0.03741593412 0.009 5e-05)
(0.03853151085 0.009 5e-05)
(0.03964708758 0.009 5e-05)
(0.0407626643 0.009 5e-05)
(0.04187824103 0.009 5e-05)
(0.04299381775 0.009 5e-05)
(0.04410939448 0.009 5e-05)
(0.04522497121 0.009 5e-05)
(0.04634054793 0.009 5e-05)
(0.04745612466 0.009 5e-05)
(0.04857170138 0.009 5e-05)
(0.04968727811 0.009 5e-05)
(0.05080285484 0.009 5e-05)
(0.05191843156 0.009 5e-05)
(0.05303400829 0.009 5e-05)
(0.05414958501 0.009 5e-05)
(0.05526516174 0.009 5e-05)
(0.05638073847 0.009 5e-05)
(0.05749631519 0.009 5e-05)
(0.05861189192 0.009 5e-05)
(0.05972746864 0.009 5e-05)
(0.06084304537 0.009 5e-05)
(0.0619586221 0.009 5e-05)
(0.06307419882 0.009 5e-05)
(0.06418977555 0.009 5e-05)
(0.06530535227 0.009 5e-05)
(0.066420929 0.009 5e-05)
)


// ************************************************************************* //
