/*--------------------------------*- C++ -*----------------------------------*\
| =========                 |                                                 |
| \\      /  F ield         | OpenFOAM: The Open Source CFD Toolbox           |
|  \\    /   O peration     | Version:  v1912                                 |
|   \\  /    A nd           | Website:  www.openfoam.com                      |
|    \\/     M anipulation  |                                                 |
\*---------------------------------------------------------------------------*/
FoamFile
{
    version     2.0;
    format      ascii;
    class       volScalarField;
    location    "1.04";
    object      T;
}
// * * * * * * * * * * * * * * * * * * * * * * * * * * * * * * * * * * * * * //

dimensions      [0 0 0 1 0 0 0];


internalField   nonuniform List<scalar> 
4800
(
11.0359
9.61941
8.62647
8.6465
8.32982
8.55064
8.88017
9.29152
9.75314
10.2651
10.8214
11.4241
12.07
12.7351
13.365
13.9635
14.4071
14.6692
14.8921
15.096
15.3554
15.2778
14.3869
13.6681
13.7899
14.021
14.3079
14.5911
14.8358
15.0414
15.2269
15.4161
15.6303
15.8839
16.1771
16.536
16.9875
17.5132
18.0976
18.7033
11.0358
9.61912
8.63118
8.6545
8.3379
8.53413
8.86919
9.28077
9.74203
10.259
10.8214
11.4225
12.0545
12.6927
13.3018
13.8881
14.363
14.6742
14.9205
15.1351
15.3846
15.2813
14.3587
13.638
13.7581
13.9907
14.2736
14.5476
14.7839
14.9971
15.2088
15.4249
15.6626
15.9327
16.2599
16.6583
17.1215
17.633
18.1801
18.7768
11.0346
9.61525
8.63419
8.67195
8.351
8.51196
8.8517
9.26554
9.73064
10.2529
10.8188
11.4138
12.0217
12.6222
13.2098
13.7783
14.3013
14.691
14.9768
15.2004
15.4258
15.2953
14.3293
13.6065
13.7146
13.9491
14.2271
14.4936
14.7327
14.9667
15.2127
15.4686
15.7418
16.0587
16.43
16.8452
17.2916
17.762
18.259
18.8097
11.0321
9.61169
8.63959
8.69506
8.36062
8.47701
8.82011
9.24037
9.71088
10.2375
10.8064
11.3937
11.9769
12.5397
13.104
13.6613
14.2082
14.6809
15.0409
15.2849
15.483
15.3334
14.3266
13.5899
13.6644
13.8891
14.1608
14.4299
14.6932
14.964
15.2433
15.545
15.8855
16.2625
16.656
17.0576
17.4739
17.9068
18.3579
18.8677
11.0326
9.60925
8.64892
8.72042
8.36502
8.43812
8.77873
9.2065
9.68528
10.2188
10.7889
11.3685
11.9357
12.4799
13.0162
13.5555
14.1069
14.6429
15.0773
15.3709
15.5474
15.3754
14.3349
13.5819
13.6163
13.8344
14.1131
14.3984
14.6919
14.9958
15.3242
15.6948
16.096
16.4971
16.888
17.2743
17.6694
18.075
18.4958
18.9627
11.0324
9.6092
8.66168
8.7454
8.36684
8.40675
8.73769
9.17157
9.66057
10.2027
10.7732
11.3439
11.8972
12.4309
12.9557
13.4738
14.009
14.5709
15.0717
15.4345
15.6264
15.4382
14.3741
13.5939
13.5898
13.8083
14.1034
14.4113
14.7288
15.0821
15.4777
15.9064
16.326
16.7191
17.0929
17.4727
17.8646
18.261
18.6694
19.0928
11.0307
9.61105
8.67269
8.76692
8.37124
8.39178
8.70661
9.1433
9.64219
10.1938
10.7646
11.3258
11.8681
12.4005
12.9188
13.4242
13.9311
14.4845
15.0156
15.444
15.7042
15.5202
14.4477
13.6285
13.601
13.8215
14.1347
14.4606
14.8226
15.2361
15.6868
16.1272
16.529
16.903
17.2743
17.6604
18.0633
18.4679
18.8679
19.2612
11.0287
9.61459
8.68257
8.79034
8.38104
8.39278
8.69142
9.12599
9.63244
10.1914
10.7624
11.3165
11.8505
12.3818
12.9002
13.4005
13.8928
14.3997
14.9184
15.4036
15.7419
15.6127
14.5623
13.6851
13.6567
13.8837
14.2128
14.5784
14.9933
15.4488
15.9013
16.3144
16.698
17.0667
17.4449
17.8505
18.2749
18.6902
19.0734
19.4342
11.0277
9.61974
8.69783
8.82024
8.40276
8.40857
8.68703
9.11862
9.63007
10.1947
10.7668
11.3165
11.8465
12.376
12.8948
13.3945
13.876
14.3514
14.8329
15.3003
15.7056
15.6818
14.7048
13.772
13.7729
14.0226
14.3867
14.7944
15.2292
15.6675
16.0831
16.4783
16.8503
17.2239
17.6245
18.051
18.4911
18.911
19.2787
19.6111
11.0275
9.62736
8.72516
8.8603
8.43667
8.43768
8.6991
9.12879
9.64048
10.2036
10.7722
11.3201
11.8517
12.381
12.8999
13.3985
13.8779
14.3395
14.7828
15.1922
15.5864
15.7048
14.8522
13.8791
13.9628
14.2557
14.6502
15.0594
15.4604
15.8582
16.2471
16.6204
17.0018
17.4013
17.8231
18.2585
18.6978
19.1148
19.4774
19.7984
11.0285
9.63634
8.75929
8.90513
8.47908
8.4778
8.73773
9.16335
9.6667
10.2189
10.7813
11.3297
11.8665
12.3957
12.9149
13.4137
13.8928
14.348
14.7606
15.1377
15.4577
15.6701
14.9588
14.0355
14.1764
14.5342
14.9179
15.2917
15.6601
16.0179
16.3877
16.7768
17.1785
17.5924
18.0186
18.4503
18.8829
19.2991
19.6731
19.9977
11.0283
9.64441
8.79661
8.95043
8.52882
8.52366
8.79563
9.21604
9.70328
10.2387
10.7939
11.3464
11.8913
12.4223
12.9422
13.4418
13.9169
14.3662
14.7672
15.1335
15.401
15.6118
15.0241
14.1968
14.3686
14.8089
15.1734
15.4978
15.8199
16.1706
16.5491
16.9514
17.3636
17.7783
18.1975
18.6229
19.0516
19.4726
19.8654
20.2054
11.0311
9.64951
8.8266
8.99343
8.58395
8.56799
8.85977
9.27485
9.74272
10.2597
10.8084
11.3676
11.9238
12.4604
12.9816
13.48
13.9461
14.387
14.7951
15.1667
15.4209
15.5936
15.0619
14.2989
14.4811
14.9641
15.339
15.6632
15.9776
16.3324
16.7248
17.1368
17.5517
17.9614
18.3727
18.791
19.2122
19.641
20.0549
20.4167
11.0304
9.64938
8.84122
9.02467
8.63893
8.60575
8.92051
9.33089
9.78205
10.2834
10.8267
11.3927
11.9614
12.5071
13.0304
13.5233
13.9782
14.4139
14.8399
15.2354
15.5112
15.6774
15.1368
14.3284
14.5263
15.0206
15.4241
15.7723
16.124
16.507
16.9178
17.3384
17.7514
18.1541
18.556
18.9632
19.3715
19.8026
20.2385
20.6252
11.0291
9.64489
8.84233
9.04445
8.6826
8.62764
8.9744
9.38001
9.82021
10.3108
10.8506
11.4221
12.001
12.5559
13.0813
13.568
14.0149
14.4524
14.8998
15.3292
15.6637
15.8501
15.2631
14.3302
14.5208
15.0225
15.4789
15.869
16.2631
16.6843
17.1177
17.5482
17.9598
18.3565
18.7485
19.1415
19.5329
19.9587
20.4064
20.8147
11.0273
9.63575
8.83293
9.05179
8.70636
8.64016
9.01646
9.41925
9.8561
10.3423
10.8798
11.4562
12.0407
12.601
13.1276
13.613
14.0599
14.5063
14.9805
15.4583
15.844
16.0045
15.3913
14.354
14.4887
14.9923
15.5113
15.9615
16.3846
16.8257
17.2938
17.7468
18.1659
18.5594
18.9413
19.3205
19.6949
20.1053
20.549
20.9621
11.0263
9.62299
8.81218
9.04753
8.71218
8.64964
9.03254
9.45133
9.8907
10.378
10.914
11.4906
12.076
12.6366
13.1638
13.6549
14.1133
14.5766
15.0893
15.6127
15.9934
16.1134
15.501
14.3974
14.4828
14.966
15.5122
16.0141
16.4719
16.9371
17.421
17.9081
18.3516
18.7493
19.1256
19.496
19.8553
20.2401
20.6577
21.0485
11.0249
9.6097
8.78547
9.03361
8.70123
8.64451
9.03504
9.47574
9.92182
10.4128
10.9492
11.5234
12.1026
12.6592
13.1891
13.6909
14.1701
14.6683
15.2149
15.7404
16.0828
16.182
15.5871
14.4581
14.5141
14.9817
15.5138
16.0308
16.5132
16.9971
17.5029
18.0195
18.5056
18.9209
19.2986
19.6643
20.0088
20.357
20.7232
21.0705
11.0221
9.59869
8.75286
9.00126
8.66216
8.62554
9.02892
9.49174
9.94476
10.4396
10.9761
11.5475
12.1189
12.673
13.2079
13.7269
14.2406
14.7767
15.3226
15.8101
16.1121
16.2153
15.6624
14.5357
14.5684
15.0373
15.5646
16.0636
16.5363
17.018
17.5353
18.0791
18.6095
19.0734
19.4622
19.8227
20.1513
20.4521
20.7497
21.0449
11.0189
9.59037
8.71837
8.95562
8.60067
8.59769
9.01429
9.5044
9.95423
10.4512
10.9874
11.556
12.1276
12.6876
13.2379
13.7859
14.3324
14.8738
15.3789
15.8201
16.105
16.2345
15.7256
14.6135
14.6257
15.1041
15.6522
16.1461
16.5818
17.0283
17.5331
18.0884
18.6611
19.1912
19.6171
19.9709
20.2758
20.5306
20.7572
20.989
11.0169
9.58453
8.68959
8.91269
8.54228
8.56882
8.99498
9.51275
9.95354
10.4446
10.9787
11.5475
12.1317
12.7148
13.2946
13.8709
14.4266
14.9279
15.3819
15.7945
16.0827
16.2479
15.7777
14.688
14.6778
15.1631
15.7349
16.2358
16.6581
17.0672
17.5334
18.0717
18.6643
19.2515
19.7494
20.1034
20.3739
20.5833
20.7569
20.9267
11.0161
9.57903
8.66995
8.88766
8.51203
8.54589
8.97528
9.50368
9.93963
10.4193
10.9464
11.5267
12.1368
12.755
13.3688
13.9564
14.4911
14.9329
15.3353
15.7414
16.0528
16.2595
15.8219
14.7632
14.7257
15.2114
15.7951
16.3172
16.7403
17.1298
17.5577
18.0551
18.6362
19.2584
19.8224
20.2106
20.4582
20.6284
20.7634
20.8851
11.0155
9.57454
8.66048
8.89261
8.51766
8.5304
8.95246
9.46728
9.89786
10.3696
10.8976
11.4923
12.1409
12.8033
13.4373
14.0191
14.5114
14.8877
15.2595
15.6773
16.024
16.2773
15.8604
14.828
14.7654
15.245
15.8322
16.3871
16.8307
17.2061
17.6045
18.0521
18.5938
19.221
19.825
20.2816
20.5285
20.6751
20.7946
20.8968
11.0164
9.57289
8.66109
8.92718
8.56741
8.52667
8.92365
9.39118
9.82805
10.3031
10.8441
11.467
12.1514
12.8373
13.473
14.0368
14.4878
14.8262
15.178
15.6069
15.9993
16.3037
15.8996
14.8894
14.7979
15.2581
15.8461
16.4301
16.9221
17.2992
17.6641
18.0753
18.5586
19.1383
19.7638
20.2767
20.5769
20.7414
20.8669
20.973
11.0153
9.57018
8.66771
8.98015
8.64261
8.53245
8.88997
9.28967
9.72725
10.215
10.7784
11.431
12.142
12.8359
13.4693
14.0223
14.4406
14.7694
15.1077
15.5439
15.9866
16.3382
15.9412
14.9405
14.8378
15.2558
15.8425
16.4384
16.9788
17.3858
17.7347
18.1191
18.5491
19.0562
19.6343
20.1876
20.5849
20.8201
20.9736
21.0991
11.0135
9.56813
8.68416
9.04333
8.71199
8.53081
8.84207
9.18769
9.61444
10.1103
10.6949
11.3711
12.1009
12.802
13.4468
14.0016
14.4051
14.7321
15.0615
15.4984
15.9855
16.3805
15.9862
14.9818
14.8805
15.2403
15.811
16.4113
16.9831
17.4378
17.7912
18.1513
18.5506
18.9864
19.4786
20.0235
20.5207
20.858
21.082
21.2567
11.0139
9.56963
8.70643
9.09026
8.7455
8.53047
8.75885
9.09615
9.51614
10.0141
10.616
11.296
12.015
12.7141
13.3771
13.9585
14.3834
14.7109
15.0378
15.474
15.994
16.4261
16.02
15.0082
14.9048
15.2136
15.7538
16.3423
16.9268
17.4337
17.8141
18.1559
18.5247
18.9117
19.3337
19.8251
20.3703
20.8656
21.1799
21.381
11.0129
9.57523
8.73555
9.11671
8.74541
8.51615
8.66517
9.00869
9.44588
9.9681
10.5693
11.217
11.891
12.5782
13.257
13.8952
14.3713
14.6883
15.0228
15.4602
16.0083
16.4571
16.027
15.0098
14.9025
15.174
15.6788
16.2404
16.8103
17.3545
17.7792
18.115
18.4484
18.8098
19.1956
19.6532
20.201
20.7686
21.1951
21.4197
11.0085
9.58419
8.76292
9.11654
8.72011
8.4912
8.58621
8.94029
9.4102
9.95814
10.5449
11.1428
11.7662
12.4339
13.1214
13.8017
14.3382
14.6582
15.0185
15.4566
16.0181
16.4488
15.9856
14.9705
14.8647
15.1072
15.5743
16.0943
16.631
17.1659
17.6277
17.983
18.3047
18.6534
19.0444
19.5089
20.0335
20.554
20.9919
21.2815
11.0067
9.5942
8.77868
9.09509
8.67758
8.46643
8.54285
8.90747
9.39916
9.95766
10.5367
11.1058
11.6839
12.3119
12.988
13.6643
14.2396
14.6321
15.0246
15.4634
16.0092
16.3807
15.8816
14.8692
14.773
14.9952
15.4149
15.8712
16.3516
16.8482
17.3314
17.7334
18.0827
18.4415
18.8465
19.2865
19.7308
20.1527
20.5501
20.8929
11.0069
9.60199
8.78144
9.05795
8.63001
8.44459
8.53095
8.90251
9.40181
9.96307
10.5352
11.0873
11.6417
12.2323
12.8635
13.4991
14.0916
14.5838
15.0229
15.4838
15.9623
16.2273
15.7029
14.6888
14.6111
14.8147
15.1791
15.5612
15.9626
16.409
16.8936
17.3644
17.7712
18.1539
18.5425
18.9215
19.2764
19.6199
19.9664
20.3183
11.0088
9.60829
8.77718
9.01465
8.58537
8.43132
8.54522
8.92153
9.41467
9.97328
10.5423
11.0952
11.6337
12.1913
12.7604
13.3355
13.9191
14.4852
14.9982
15.4936
15.8565
15.9947
15.4437
14.4307
14.3678
14.5644
14.8729
15.179
15.4993
15.8858
16.3602
16.8781
17.3698
17.7674
18.0928
18.3882
18.6802
18.9771
19.3023
19.669
11.011
9.6124
8.76739
8.97221
8.54762
8.43049
8.58058
8.95704
9.43646
9.98628
10.5623
11.1188
11.6454
12.1715
12.6815
13.1901
13.7472
14.3465
14.9429
15.4426
15.7052
15.7124
15.1108
14.1096
14.0561
14.2542
14.5184
14.7671
15.0228
15.3472
15.7931
16.34
16.8733
17.288
17.5448
17.7583
17.9811
18.2618
18.6012
19.0038
11.0142
9.61654
8.75792
8.93726
8.5192
8.44493
8.62858
9.00214
9.46627
10.0071
10.5844
11.1423
11.6639
12.1609
12.6244
13.0803
13.6008
14.2063
14.8395
15.3188
15.5182
15.4244
14.7464
13.7485
13.7053
13.9102
14.1604
14.3768
14.5854
14.8538
15.2623
15.7908
16.3115
16.7177
16.9456
17.0989
17.2833
17.5606
17.9228
18.3637
11.019
9.62261
8.75521
8.91325
8.50126
8.47447
8.68591
9.05645
9.50665
10.0343
10.6023
11.1544
11.6719
12.1493
12.5879
13.0178
13.5138
14.0937
14.6894
15.137
15.3138
15.1527
14.3962
13.3886
13.3589
13.5754
13.8313
14.0427
14.231
14.4702
14.8214
15.2693
15.7407
16.1304
16.354
16.5083
16.6865
16.9574
17.3331
17.7913
11.0244
9.63066
8.75806
8.89781
8.49361
8.51272
8.74856
9.11701
9.55316
10.0608
10.6106
11.1565
11.6695
12.1365
12.5739
13.0034
13.4665
13.9888
14.5049
14.9133
15.0815
14.9054
14.0857
13.0792
13.0596
13.2794
13.545
13.7793
13.984
14.2075
14.4885
14.8358
15.2109
15.5552
15.8238
16.042
16.2412
16.5029
16.8734
17.3262
11.03
9.64103
8.76804
8.89223
8.49775
8.55172
8.80786
9.17613
9.59773
10.08
10.6049
11.1419
11.6575
12.1367
12.5897
13.0266
13.4532
13.888
14.3102
14.6599
14.8461
14.7102
13.8447
12.8515
12.8401
13.0568
13.3356
13.5966
13.8286
14.0524
14.2817
14.5295
14.7919
15.0709
15.3568
15.6362
15.919
16.2127
16.5674
16.9927
11.0358
9.65108
8.78411
8.89359
8.50644
8.58313
8.8553
9.22384
9.63189
10.0874
10.5846
11.1085
11.636
12.1467
12.6299
13.0757
13.4729
13.8296
14.1316
14.415
14.652
14.5718
13.6918
12.7177
12.7214
12.9228
13.2014
13.4803
13.7346
13.9619
14.1526
14.3189
14.5064
14.7261
14.9949
15.3223
15.6974
16.0653
16.4078
16.779
11.0375
9.65741
8.79874
8.89427
8.51041
8.60112
8.88415
9.25302
9.65082
10.0844
10.5563
11.0704
11.6191
12.1742
12.6876
13.1361
13.5096
13.7862
13.9972
14.2367
14.4943
14.4871
13.6242
12.6641
12.688
12.8673
13.1333
13.4199
13.6885
13.9127
14.0736
14.2046
14.3428
14.5207
14.7722
15.1378
15.5722
16.0086
16.3604
16.6907
11.0409
9.66195
8.8067
8.8937
8.51001
8.61058
8.89777
9.2668
9.65983
10.0814
10.5377
11.0387
11.5998
12.1888
12.7304
13.1959
13.5632
13.7823
13.9445
14.1442
14.377
14.4089
13.5866
12.6684
12.6969
12.8669
13.1349
13.4221
13.6832
13.8933
14.049
14.1677
14.2812
14.4346
14.6721
15.0417
15.4993
15.9767
16.3782
16.7076
19.3602
19.8612
20.331
20.7399
21.0142
21.1121
20.4857
19.2116
18.9945
19.2361
19.557
19.8582
20.0803
20.2422
20.3917
20.5604
20.7438
20.9132
21.0276
21.0677
21.0688
21.0878
21.2189
21.4743
21.8258
22.1191
22.2582
22.24
22.1875
22.1889
22.2735
22.428
22.4054
22.1644
21.2119
20.1369
19.8943
19.8374
19.88
19.9686
20.043
20.075
20.0538
19.9957
19.9487
19.957
20.0422
20.1965
20.374
20.4735
20.3952
20.0868
19.6936
19.458
19.4463
19.5112
19.5142
19.3998
19.0279
18.3681
17.8854
17.9577
18.2427
18.5222
18.7189
18.7814
18.7075
18.6003
18.5431
18.559
18.6339
18.7515
18.8657
18.9455
18.99
19.0153
19.0474
19.0921
19.2026
19.4166
19.3929
19.9098
20.3477
20.6777
20.8319
20.9087
20.2524
19.1405
19.0363
19.2796
19.5864
19.8679
20.0782
20.2364
20.3863
20.5473
20.7138
20.8547
20.9463
20.9972
21.044
21.1247
21.2897
21.5816
21.8915
22.1463
22.2625
22.2486
22.2092
22.2364
22.3388
22.4477
22.3438
21.9295
20.8997
20.038
19.8878
19.8608
19.9131
19.9954
20.0619
20.0846
20.0594
20.0109
19.9768
20.0014
20.0564
20.1568
20.2436
20.2659
20.185
20.0242
19.8563
19.7227
19.6116
19.5487
19.4464
19.2495
18.892
18.2979
18.0023
18.0827
18.2719
18.491
18.6536
18.7115
18.7216
18.6881
18.6718
18.6988
18.7826
18.8968
18.9959
19.0542
19.0955
19.1131
19.1349
19.1836
19.3222
19.5367
19.4059
19.9517
20.4234
20.7715
20.916
20.9632
20.2139
19.1282
19.0676
19.2976
19.5857
19.8515
20.0507
20.2014
20.3353
20.4614
20.5724
20.6751
20.7751
20.8842
21.007
21.1553
21.3567
21.5989
21.8102
21.985
22.1069
22.1402
22.1345
22.2177
22.3753
22.3953
22.2516
21.7327
20.6023
19.9504
19.8503
19.8557
19.9189
19.9868
20.0302
20.036
20.0245
20.0112
20.004
20.0086
20.0629
20.1092
20.0701
20.0154
20.003
20.01
20.0144
19.9368
19.7862
19.5991
19.4031
19.1905
18.8705
18.3604
18.1493
18.1622
18.2424
18.3688
18.5249
18.6526
18.7489
18.8271
18.87
18.9365
19.0192
19.1066
19.1875
19.2371
19.2456
19.246
19.2646
19.3167
19.4733
19.6922
19.4348
20.0005
20.5205
20.8849
21.0059
21.0119
20.2514
19.1904
19.1178
19.3164
19.5804
19.8219
20.0026
20.132
20.2246
20.293
20.3571
20.4335
20.5429
20.7016
20.9306
21.168
21.3642
21.5032
21.6078
21.731
21.8848
22.0076
22.0742
22.217
22.3724
22.3043
22.1069
21.4275
20.2775
19.8607
19.8091
19.8488
19.9178
19.9605
19.9541
19.9429
19.9497
19.9618
19.9805
19.9985
19.9907
19.9231
19.8441
19.8439
19.9141
20.0125
20.0911
20.0423
19.8998
19.6863
19.4247
19.2013
18.9007
18.4773
18.2728
18.2447
18.2357
18.281
18.4093
18.631
18.855
19.0587
19.1736
19.2383
19.2799
19.3169
19.3654
19.4175
19.4558
19.4673
19.4946
19.5846
19.7811
19.9923
19.4895
20.0535
20.6103
20.9997
21.1416
21.1424
20.4195
19.3146
19.1907
19.3487
19.5771
19.7871
19.938
20.0286
20.0723
20.0935
20.1181
20.1706
20.2917
20.5334
20.8623
21.1373
21.252
21.2747
21.3109
21.4095
21.5826
21.7872
21.9739
22.1653
22.2774
22.1815
21.9084
21.059
19.9776
19.7454
19.7487
19.8137
19.868
19.8641
19.8281
19.8077
19.83
19.8807
19.9204
19.9104
19.8319
19.7337
19.6652
19.7145
19.8336
19.954
20.0623
20.0519
19.9446
19.7894
19.553
19.3077
18.9603
18.5416
18.3667
18.2621
18.2464
18.2864
18.3802
18.5986
18.9288
19.2097
19.3891
19.4219
19.4177
19.4172
19.4263
19.4678
19.5501
19.6759
19.8521
20.0746
20.3544
20.5782
19.5698
20.1083
20.6733
21.1326
21.3544
21.3474
20.6753
19.4923
19.2766
19.3825
19.57
19.745
19.8577
19.9043
19.9083
19.8982
19.8997
19.9504
20.1274
20.4298
20.7513
20.9764
21.0231
21.0033
20.9992
21.0686
21.2514
21.52
21.7957
22.0504
22.1394
22.0048
21.6247
20.6175
19.7068
19.594
19.6479
19.7189
19.7501
19.7156
19.661
19.6481
19.6887
19.7521
19.7937
19.7679
19.6773
19.5597
19.5388
19.6312
19.7717
19.8883
20.0122
20.052
20.0279
19.9936
19.9262
19.5474
19.0021
18.5514
18.4184
18.3201
18.3062
18.3601
18.4534
18.621
18.88
19.1801
19.4091
19.5057
19.4815
19.4459
19.432
19.4628
19.5667
19.762
19.9965
20.2423
20.5488
20.7769
19.6809
20.1696
20.7408
21.2996
21.6376
21.6026
20.9743
19.6946
19.357
19.4034
19.5477
19.6826
19.7531
19.7663
19.7499
19.7386
19.755
19.8544
20.0656
20.3352
20.5637
20.6976
20.7292
20.7179
20.7092
20.7566
20.9203
21.223
21.5701
21.8743
21.9787
21.7706
21.2617
20.1387
19.4644
19.4245
19.5035
19.5674
19.5735
19.5317
19.4846
19.4841
19.5271
19.607
19.6568
19.6187
19.5258
19.4539
19.4728
19.5789
19.7303
19.8678
20.0045
20.133
20.3468
20.4571
20.4871
19.9646
19.0401
18.5466
18.4387
18.3771
18.4047
18.4685
18.5466
18.6383
18.7805
19.0011
19.2629
19.4264
19.4576
19.4115
19.3906
19.44
19.5803
19.7925
19.9886
20.2163
20.522
20.7271
19.8029
20.2427
20.8265
21.4547
21.8698
21.8744
21.2735
19.9105
19.4266
19.4057
19.5022
19.5994
19.6394
19.6371
19.6308
19.6437
19.7067
19.8461
20.0359
20.2027
20.3117
20.3831
20.4143
20.4294
20.4463
20.4887
20.629
20.9184
21.2979
21.6377
21.7553
21.4905
20.8263
19.6802
19.2401
19.2326
19.3032
19.362
19.3678
19.337
19.3152
19.3359
19.4056
19.4952
19.5118
19.4852
19.4455
19.4284
19.4708
19.5672
19.7046
19.8806
20.1144
20.4329
20.7428
20.8518
20.8259
20.2678
19.1563
18.5666
18.4544
18.4389
18.5088
18.5815
18.6365
18.6785
18.7341
18.845
19.0086
19.2116
19.3367
19.3581
19.3844
19.4526
19.6064
19.7982
19.9734
20.161
20.4358
20.608
19.9331
20.3353
20.9141
21.5684
22.022
22.1116
21.5222
20.1235
19.4695
19.3834
19.4399
19.5027
19.5279
19.5414
19.5658
19.62
19.7395
19.8904
19.9977
20.0551
20.0702
20.0948
20.1363
20.1794
20.2234
20.2732
20.3857
20.6256
20.9926
21.3323
21.471
21.1819
20.357
19.3025
19.0353
19.0291
19.0917
19.1442
19.1576
19.1577
19.1778
19.2362
19.3224
19.3743
19.3927
19.4105
19.4352
19.4615
19.5206
19.6525
19.8354
20.0835
20.3705
20.6484
20.9281
21.0053
20.8885
20.3366
19.2455
18.6337
18.5274
18.5245
18.5966
18.6731
18.6991
18.6818
18.6584
18.6681
18.7504
18.9305
19.1474
19.3291
19.4418
19.5293
19.6477
19.7762
19.883
20.0182
20.258
20.3886
20.0999
20.4677
21.0062
21.6305
22.1
22.2877
21.6978
20.3092
19.4888
19.343
19.3674
19.4083
19.4443
19.491
19.5545
19.6756
19.8269
19.9166
19.9295
19.8872
19.8617
19.8712
19.9207
19.9887
20.0468
20.1066
20.1944
20.3801
20.6872
20.971
21.1378
20.8211
19.9005
19.0218
18.847
18.8242
18.8746
18.9298
18.9721
19.0232
19.0976
19.1846
19.2479
19.2836
19.3329
19.3972
19.4652
19.5801
19.7392
19.888
20.0406
20.2357
20.4753
20.7202
21.0109
21.0734
20.8494
20.3028
19.2551
18.7141
18.654
18.6484
18.6764
18.7325
18.7335
18.6851
18.6129
18.5661
18.5892
18.7111
18.9702
19.2558
19.4868
19.6396
19.6974
19.7367
19.7814
19.8949
20.127
20.2309
20.293
20.6274
21.0903
21.6541
22.1035
22.346
21.8096
20.4619
19.4909
19.2926
19.2948
19.3404
19.404
19.4842
19.6248
19.7934
19.8854
19.8876
19.8231
19.7506
19.7116
19.7209
19.7697
19.847
19.9201
19.9817
20.0541
20.1853
20.3889
20.5624
20.738
20.4357
19.5249
18.8294
18.6796
18.6475
18.6983
18.7702
18.8531
18.9531
19.06
19.1432
19.1923
19.2501
19.3238
19.4491
19.6542
19.8652
19.9854
20.0342
20.0966
20.2496
20.4782
20.7289
20.98
21.0101
20.7461
20.2295
19.2304
18.7588
18.7409
18.7617
18.7519
18.7505
18.7486
18.6946
18.609
18.5416
18.5282
18.6218
18.8313
19.199
19.5219
19.6955
19.7245
19.6925
19.7103
19.829
20.0604
20.1386
20.4993
20.7987
21.1705
21.6566
22.0395
22.3008
21.8726
20.5855
19.4899
19.2575
19.2476
19.311
19.4176
19.5651
19.7585
19.8708
19.8842
19.8171
19.7247
19.6446
19.6122
19.6296
19.6811
19.7625
19.8433
19.9045
19.9637
20.0406
20.1198
20.1603
20.2853
20.0326
19.2471
18.7028
18.5668
18.5281
18.5904
18.6922
18.8107
18.932
19.0391
19.1106
19.1696
19.2561
19.4313
19.692
19.9309
20.0499
20.0662
20.0597
20.0867
20.2031
20.3979
20.6183
20.8479
20.8676
20.5678
20.0485
19.1388
18.7498
18.7801
18.8395
18.8336
18.7845
18.752
18.726
18.6545
18.588
18.5697
18.6377
18.8279
19.1344
19.4612
19.6463
19.6747
19.6501
19.6846
19.8102
20.0346
20.0953
20.7139
20.9759
21.251
21.6173
21.9189
22.171
21.8806
20.6865
19.499
19.2546
19.2415
19.3458
19.5104
19.711
19.8408
19.8795
19.8355
19.7476
19.6517
19.5854
19.5656
19.5878
19.6376
19.7096
19.7873
19.8458
19.8996
19.911
19.8968
19.834
19.8507
19.6391
19.0317
18.6106
18.5282
18.4805
18.5577
18.6802
18.8146
18.9373
19.0292
19.1
19.2109
19.4094
19.6856
19.9054
20.0233
20.075
20.0825
20.0459
20.0254
20.0757
20.2115
20.438
20.6931
20.7401
20.4376
19.8908
19.0022
18.6999
18.7679
18.8722
18.9006
18.8372
18.7558
18.719
18.7138
18.6844
18.677
18.7426
18.9007
19.1014
19.3059
19.4785
19.5625
19.6194
19.6805
19.8204
20.0509
20.107
20.9203
21.1467
21.3281
21.5477
21.7821
21.9791
21.8218
20.7574
19.5444
19.29
19.2998
19.4597
19.6642
19.8003
19.8487
19.8385
19.7777
19.6976
19.6245
19.5746
19.5588
19.5774
19.6209
19.6896
19.7612
19.8077
19.8426
19.7944
19.7192
19.61
19.5159
19.325
18.8626
18.5281
18.508
18.5151
18.6056
18.7304
18.8538
18.9561
19.0435
19.1672
19.3727
19.6326
19.823
19.9319
20.0128
20.0407
20.0237
19.9818
19.9359
19.9511
20.07
20.3203
20.5909
20.651
20.3761
19.7857
18.8912
18.6274
18.7165
18.8575
18.9341
18.8818
18.7783
18.7113
18.7173
18.7644
18.8362
18.9144
19.0023
19.0998
19.1674
19.2617
19.3891
19.5222
19.6651
19.8467
20.0906
20.1466
21.0991
21.2811
21.389
21.4925
21.6583
21.7538
21.6877
20.7865
19.6344
19.4046
19.4407
19.6106
19.7612
19.82
19.8121
19.7755
19.7287
19.682
19.6344
19.5937
19.5763
19.5855
19.622
19.6931
19.7611
19.7993
19.7845
19.6967
19.6014
19.4785
19.3465
19.1182
18.6881
18.4815
18.4938
18.5958
18.7172
18.8281
18.9154
18.9955
19.109
19.2968
19.5312
19.7019
19.807
19.8853
19.9264
19.9426
19.9283
19.9011
19.8652
19.8671
19.9749
20.2289
20.5038
20.5784
20.341
19.6982
18.8111
18.5745
18.6436
18.7927
18.9196
18.9109
18.8171
18.7376
18.7379
18.8387
18.9985
19.0875
19.0812
19.0452
19.0348
19.0847
19.2124
19.4014
19.6042
19.8286
20.0919
20.1479
21.2327
21.3714
21.4237
21.4538
21.5667
21.5586
21.5196
20.7929
19.8013
19.5641
19.6162
19.7192
19.7879
19.7828
19.7485
19.7198
19.7067
19.6919
19.6669
19.6366
19.6172
19.6214
19.6557
19.7214
19.7665
19.782
19.7371
19.6394
19.5524
19.4535
19.3283
19.0538
18.552
18.3917
18.4994
18.6796
18.8377
18.9357
18.9977
19.0778
19.2175
19.4088
19.5761
19.682
19.7312
19.7551
19.7849
19.8199
19.8444
19.8497
19.8379
19.8336
19.9145
20.1429
20.41
20.5127
20.3121
19.6174
18.7616
18.5412
18.5617
18.6939
18.8578
18.9201
18.878
18.8189
18.8347
18.9636
19.1148
19.1902
19.1331
19.0292
18.9754
18.9967
19.1079
19.279
19.5187
19.8033
20.0951
20.1537
21.3102
21.4184
21.4355
21.4264
21.4889
21.4406
21.3722
20.8026
19.968
19.709
19.7432
19.7503
19.7482
19.7121
19.6843
19.6868
19.7072
19.7185
19.7092
19.6919
19.6833
19.6935
19.7217
19.7744
19.8016
19.7847
19.7191
19.6387
19.5882
19.5325
19.3949
19.0883
18.5153
18.2865
18.4459
18.6866
18.895
19.0296
19.1198
19.22
19.3434
19.4652
19.5549
19.5824
19.5878
19.6025
19.6519
19.7216
19.7813
19.8201
19.8287
19.8242
19.8797
20.0594
20.2935
20.4287
20.2668
19.544
18.7361
18.5144
18.4823
18.5939
18.7693
18.9112
18.9496
18.9591
18.9962
19.065
19.1498
19.1827
19.1331
19.0399
18.9819
18.9934
19.0868
19.2543
19.4771
19.7605
20.0341
20.0758
21.3329
21.4349
21.4326
21.4164
21.4618
21.4056
21.3227
20.8204
20.0453
19.7586
19.7981
19.743
19.6992
19.6484
19.6393
19.673
19.7221
19.751
19.7585
19.7596
19.7685
19.7739
19.8082
19.8579
19.8519
19.8171
19.7695
19.7235
19.7252
19.6707
19.4964
19.1544
18.5328
18.2253
18.3186
18.5829
18.855
19.0742
19.2572
19.3845
19.4581
19.4893
19.4629
19.4393
19.4381
19.4769
19.5541
19.6511
19.7349
19.7986
19.8219
19.8133
19.8555
19.9988
20.1863
20.324
20.1954
19.4814
18.7202
18.4908
18.4227
18.5162
18.6841
18.8711
19.0292
19.1212
19.1469
19.1296
19.1107
19.0934
19.0756
19.0631
19.0422
19.0654
19.1607
19.3145
19.4978
19.7301
19.9426
19.9494
21.2973
21.4229
21.4344
21.4436
21.5042
21.4534
21.3567
20.8041
20.0025
19.7411
19.7809
19.7242
19.6619
19.6174
19.6258
19.6763
19.7457
19.799
19.8266
19.8421
19.8548
19.8876
19.9334
19.9685
19.9524
19.9235
19.904
19.8728
19.8703
19.7959
19.6041
19.2415
18.5879
18.205
18.2157
18.4104
18.7335
19.0674
19.3433
19.5062
19.5352
19.4671
19.3851
19.3324
19.3308
19.3792
19.4722
19.5887
19.7
19.7814
19.8107
19.8053
19.8487
19.9612
20.0912
20.198
20.085
19.411
18.7141
18.4819
18.3979
18.4684
18.6243
18.8439
19.0824
19.23
19.255
19.1909
19.069
18.9892
18.9816
19.0408
19.126
19.2069
19.3012
19.4218
19.5726
19.7582
19.908
19.8855
21.2173
21.3743
21.4611
21.5248
21.5984
21.5552
21.3922
20.7502
19.8936
19.6462
19.6763
19.6704
19.6502
19.6322
19.6442
19.6974
19.7732
19.8388
19.8852
19.9245
19.9686
20.0128
20.0474
20.0526
20.039
20.0352
20.023
20.0065
19.9798
19.9018
19.7044
19.3078
18.627
18.2064
18.1899
18.3103
18.6009
19.0269
19.3471
19.5121
19.5479
19.459
19.3493
19.2884
19.2831
19.33
19.4266
19.5599
19.6811
19.7606
19.7894
19.7919
19.8508
19.9444
20.0175
20.0641
19.9365
19.3121
18.691
18.4893
18.4075
18.4641
18.6142
18.8393
19.0915
19.2622
19.293
19.1914
19.029
18.9284
18.9183
19.0187
19.1645
19.3174
19.4388
19.5419
19.6415
19.7922
19.8998
19.8599
21.1241
21.3226
21.5081
21.633
21.7156
21.6794
21.4114
20.6781
19.7359
19.5123
19.5761
19.6718
19.7008
19.6937
19.6997
19.7354
19.8035
19.8858
19.9629
20.0355
20.0885
20.1126
20.1083
20.0843
20.0667
20.0813
20.0888
20.1066
20.0783
19.9778
19.7728
19.3573
18.6619
18.2359
18.2132
18.3324
18.5957
18.9316
19.2422
19.4142
19.4712
19.4442
19.3613
19.2955
19.2918
19.3333
19.4214
19.5395
19.647
19.7088
19.7405
19.7699
19.8509
19.9391
19.9763
19.9408
19.7565
19.1697
18.6487
18.514
18.443
18.4939
18.6426
18.8479
19.0448
19.205
19.2546
19.1702
19.0266
18.95
18.9427
19.0361
19.2119
19.3827
19.5116
19.6045
19.7037
19.8398
19.9354
19.8885
21.0574
21.2903
21.5554
21.7421
21.8389
21.7929
21.4126
20.6141
19.6002
19.408
19.5087
19.6873
19.7831
19.7951
19.7962
19.8145
19.8638
19.9445
20.0429
20.1351
20.1781
20.1663
20.1283
20.0913
20.0817
20.1033
20.1314
20.1697
20.1427
20.035
19.8312
19.4041
18.6962
18.3108
18.3114
18.4555
18.6724
18.8709
19.0471
19.208
19.3292
19.4132
19.4153
19.3651
19.3387
19.3644
19.4234
19.5
19.5697
19.6269
19.6805
19.7467
19.8546
19.9461
19.9438
19.8212
19.5647
19.0096
18.6186
18.5427
18.5156
18.5623
18.6914
18.8516
18.992
19.0741
19.117
19.1133
19.0705
19.0418
19.0731
19.1386
19.2493
19.3711
19.4856
19.5861
19.7038
19.8573
19.937
19.8836
21.0592
21.3055
21.6101
21.8409
21.9467
21.8988
21.4374
20.6025
19.5418
19.3526
19.4959
19.7403
19.9217
19.955
19.9349
19.9162
19.9239
19.9819
20.0801
20.1769
20.2196
20.1914
20.1444
20.1148
20.0955
20.1048
20.134
20.1833
20.1792
20.0911
19.8951
19.4769
18.7713
18.4395
18.4807
18.6253
18.7879
18.868
18.9012
18.9691
19.1217
19.3028
19.4351
19.4831
19.4521
19.4356
19.4473
19.4703
19.5041
19.5548
19.6349
19.7407
19.8701
19.9428
19.8969
19.7003
19.3881
18.8593
18.5765
18.5541
18.625
18.6729
18.7588
18.8428
18.8724
18.8994
18.9719
19.066
19.1423
19.2003
19.233
19.2525
19.2875
19.3413
19.4031
19.5071
19.64
19.7551
19.8278
19.7634
21.1321
21.3887
21.6883
21.909
22.0264
21.9842
21.4863
20.5968
19.5464
19.3518
19.5275
19.8075
20.0369
20.0978
20.0558
19.9938
19.9578
19.9907
20.0731
20.1726
20.2361
20.2217
20.1806
20.132
20.1067
20.1111
20.1371
20.1855
20.2128
20.1609
19.9875
19.6089
18.9215
18.6307
18.6614
18.7727
18.8357
18.8439
18.8297
18.8344
18.9021
19.1086
19.3597
19.5205
19.6075
19.5752
19.5171
19.4788
19.475
19.5197
19.6163
19.7519
19.8911
19.9115
19.8206
19.5838
19.2471
18.7653
18.526
18.5717
18.7102
18.7922
18.8104
18.8022
18.7759
18.778
18.8609
19.0291
19.2323
19.3677
19.4189
19.3832
19.3326
19.3149
19.3366
19.4095
19.5479
19.619
19.6032
19.4628
21.273
21.5006
21.7479
21.9357
22.0432
22.0204
21.5608
20.6482
19.642
19.4619
19.6027
19.8565
20.0771
20.1557
20.1082
20.0265
19.9683
19.9782
20.0475
20.1504
20.2406
20.2556
20.2104
20.1623
20.1346
20.1384
20.1605
20.2101
20.2643
20.2498
20.1296
19.8048
19.1624
18.8224
18.7938
18.8167
18.8358
18.8452
18.8293
18.7983
18.8055
18.8917
19.1608
19.4727
19.6473
19.7151
19.6315
19.5276
19.4875
19.5283
19.6302
19.7621
19.8815
19.8621
19.7254
19.482
19.1528
18.7372
18.4957
18.5913
18.7525
18.871
18.8323
18.7624
18.713
18.7185
18.8231
19.0418
19.2986
19.4705
19.524
19.4986
19.4363
19.365
19.3483
19.344
19.3807
19.3494
19.2626
19.1208
21.4296
21.5978
21.7638
21.9347
22.0376
22.0434
21.6606
20.7366
19.7722
19.5793
19.6659
19.8524
20.0397
20.1256
20.1002
20.0274
19.968
19.9662
20.0294
20.1345
20.2415
20.2702
20.2458
20.2128
20.1835
20.1784
20.1922
20.2423
20.3196
20.3486
20.3346
20.0701
19.4079
18.9549
18.8626
18.8008
18.822
18.8573
18.8655
18.8299
18.7947
18.8247
18.9537
19.275
19.5925
19.7266
19.7163
19.6165
19.5421
19.5712
19.6641
19.7726
19.8416
19.7972
19.6339
19.4039
19.1115
18.76
18.5232
18.5988
18.7457
18.8728
18.8206
18.7415
18.696
18.7354
18.8687
19.094
19.3365
19.4988
19.5891
19.5922
19.5612
19.4621
19.3593
19.3032
19.2045
19.1434
19.1237
19.0392
21.5254
21.6338
21.7568
21.9264
22.0447
22.0907
21.7343
20.7777
19.8612
19.6585
19.678
19.8029
19.9517
20.0546
20.0838
20.0422
20.0022
20.0017
20.0593
20.1536
20.2437
20.2974
20.3006
20.2817
20.2514
20.2334
20.2433
20.3022
20.4093
20.5102
20.6183
20.3445
19.6151
19.0466
18.8676
18.7908
18.8169
18.8651
18.9006
18.903
18.8612
18.8514
18.926
19.0707
19.3761
19.6247
19.7161
19.6933
19.6426
19.6496
19.71
19.7685
19.776
19.7148
19.5593
19.3574
19.1207
18.8386
18.5872
18.5828
18.6917
18.7812
18.7846
18.7535
18.7509
18.8213
18.9713
19.1721
19.3379
19.4877
19.5887
19.6225
19.5766
19.5248
19.4195
19.2524
19.1108
19.1001
19.1411
19.0685
21.5445
21.6187
21.7254
21.8867
22.0238
22.0907
21.7215
20.7333
19.8898
19.682
19.6497
19.7243
19.8349
19.9492
20.0405
20.0786
20.0725
20.0811
20.1219
20.1915
20.2667
20.3336
20.3662
20.3605
20.3337
20.3066
20.3258
20.4132
20.598
20.7993
20.9298
20.6009
19.7786
19.1014
18.8771
18.7979
18.8184
18.8565
18.8999
18.9445
18.9645
18.9423
18.9621
19.0381
19.142
19.3856
19.6072
19.7284
19.7582
19.7621
19.7661
19.7451
19.6986
19.6271
19.5047
19.3516
19.1859
18.9682
18.6737
18.5783
18.601
18.6606
18.7433
18.8078
18.8732
18.987
19.1317
19.2495
19.3576
19.455
19.5361
19.6144
19.6164
19.5163
19.3278
19.1378
19.0626
19.119
19.1591
19.0965
21.4431
21.5327
21.6486
21.8039
21.934
21.9974
21.6094
20.5918
19.8466
19.6464
19.6017
19.6324
19.7075
19.8275
19.9879
20.1176
20.1905
20.2129
20.2314
20.2632
20.3098
20.3741
20.4324
20.4452
20.4253
20.4074
20.4543
20.6063
20.8758
21.0805
21.1866
20.8285
19.9332
19.1484
18.9039
18.8237
18.8401
18.8607
18.89
18.9537
19.0397
19.0753
19.0473
19.0342
19.0478
19.1363
19.3975
19.6719
19.8384
19.8816
19.8438
19.7433
19.6418
19.5616
19.4846
19.4028
19.3084
19.1138
18.7616
18.5545
18.506
18.5659
18.715
18.9066
19.0624
19.1896
19.3003
19.3418
19.3768
19.412
19.4806
19.5248
19.4521
19.2717
19.1072
19.0202
19.0471
19.1061
19.1411
19.0664
21.1438
21.3144
21.4803
21.6516
21.766
21.7975
21.3953
20.3727
19.7613
19.5816
19.5273
19.5367
19.5857
19.71
19.9165
20.1398
20.3054
20.3576
20.359
20.3526
20.3678
20.4196
20.4893
20.5307
20.5402
20.5598
20.647
20.8613
21.1255
21.2806
21.3578
21.006
20.0956
19.2114
18.9647
18.8884
18.8898
18.8908
18.9006
18.9642
19.0833
19.1901
19.176
19.0719
19.0069
19.0392
19.203
19.5488
19.8257
19.9367
19.8965
19.7592
19.6153
19.5349
19.5139
19.5285
19.4915
19.27
18.8557
18.571
18.4671
18.5382
18.7494
19.0096
19.2279
19.3384
19.3703
19.3743
19.3566
19.3684
19.3769
19.2822
19.137
19.0117
18.9787
18.9612
18.9613
19.009
19.0224
18.9203
20.6523
20.9441
21.1937
21.3868
21.4861
21.5145
21.0811
20.0827
19.6216
19.4803
19.4413
19.4509
19.488
19.6109
19.8224
20.1224
20.3478
20.4702
20.4614
20.4385
20.431
20.465
20.5331
20.6147
20.6977
20.774
20.9142
21.1139
21.3166
21.4325
21.4053
21.1267
20.286
19.3344
19.0727
18.9899
18.96
18.9423
18.9427
18.9976
19.1069
19.24
19.295
19.1874
19.0638
19.0465
19.1621
19.4197
19.7593
19.9035
19.9038
19.7815
19.6161
19.5445
19.5898
19.6922
19.6927
19.4493
18.9986
18.6552
18.5176
18.6009
18.8224
19.1053
19.3077
19.3712
19.3397
19.297
19.2953
19.2601
19.1588
19.0453
19.0028
18.9507
18.879
18.8489
18.8615
18.9068
18.9364
18.8191
20.063
20.4595
20.7875
20.99
21.0664
21.1276
20.6402
19.7166
19.4273
19.3635
19.3548
19.3684
19.402
19.5135
19.7119
20.0381
20.3275
20.5091
20.5258
20.5109
20.4896
20.5024
20.568
20.6871
20.8414
21.0141
21.1894
21.3159
21.4163
21.4756
21.3912
21.2041
20.4818
19.5154
19.2151
19.1187
19.0719
19.0391
19.0243
19.0581
19.1319
19.236
19.3022
19.2952
19.222
19.1693
19.2217
19.3825
19.6122
19.797
19.8128
19.7391
19.6121
19.5718
19.6588
19.7722
19.7869
19.5402
19.1033
18.7459
18.6269
18.695
18.9126
19.1491
19.2689
19.2647
19.2238
19.1723
19.1043
19.0252
18.9822
18.9637
18.8942
18.8275
18.7895
18.7946
18.8338
18.8528
18.862
18.7182
19.4529
19.9163
20.2847
20.4821
20.5527
20.6233
20.0574
19.2617
19.1511
19.1941
19.237
19.2781
19.3227
19.4234
19.6087
19.9014
20.2312
20.4716
20.5447
20.5465
20.5349
20.5382
20.6026
20.7651
20.9996
21.241
21.3788
21.3923
21.4271
21.4338
21.3655
21.2219
20.6406
19.7232
19.3533
19.2347
19.1768
19.1562
19.1436
19.1416
19.1664
19.206
19.2632
19.3261
19.3861
19.3982
19.3945
19.4078
19.434
19.5629
19.6462
19.6271
19.5864
19.602
19.7002
19.7654
19.7577
19.5447
19.1417
18.8055
18.7045
18.7928
18.9502
19.0576
19.0813
19.0463
18.965
18.8882
18.8571
18.8781
18.8631
18.8402
18.8071
18.7776
18.7839
18.8301
18.8613
18.8568
18.8666
18.7078
18.8547
19.3546
19.7222
19.927
20.0124
20.0413
19.3699
18.723
18.7735
18.9512
19.057
19.1448
19.2311
19.3416
19.5251
19.7642
20.0688
20.3436
20.51
20.5533
20.5665
20.5856
20.6571
20.8304
21.1031
21.3479
21.4311
21.3674
21.3543
21.3591
21.3088
21.1786
20.705
19.8566
19.442
19.321
19.2767
19.2683
19.2447
19.2131
19.1843
19.165
19.2025
19.3094
19.4402
19.5416
19.5552
19.4411
19.2973
19.2227
19.302
19.4036
19.5151
19.6012
19.6707
19.6651
19.5841
19.4144
19.0666
18.8047
18.7859
18.8396
18.8742
18.8516
18.8025
18.7588
18.7353
18.7382
18.7498
18.7495
18.7506
18.7689
18.8001
18.844
18.9027
18.945
19.005
19.043
19.0549
18.878
18.2994
18.8119
19.1742
19.3936
19.5079
19.445
18.6478
18.1403
18.3143
18.6145
18.8419
18.9816
19.1065
19.2441
19.4286
19.6531
19.9031
20.1685
20.4016
20.5357
20.5948
20.6483
20.7434
20.9267
21.1816
21.3573
21.382
21.2972
21.2583
21.2724
21.234
21.0883
20.6678
19.8732
19.4301
19.3427
19.3302
19.352
19.3435
19.2874
19.1932
19.1294
19.1438
19.2649
19.4317
19.5446
19.559
19.4211
19.1642
18.9231
18.8267
19.0317
19.3282
19.501
19.5264
19.4438
19.292
19.1757
18.9277
18.8046
18.7932
18.794
18.7376
18.684
18.6643
18.6669
18.6673
18.6555
18.6469
18.6591
18.7038
18.7952
18.9125
19.0082
19.1169
19.2557
19.3388
19.3468
19.3026
19.0924
17.819
18.3183
18.6973
18.9362
19.0914
18.8949
17.981
17.5694
17.82
18.2025
18.5598
18.8151
18.9799
19.1485
19.3317
19.5436
19.7629
20.0011
20.2579
20.4844
20.6302
20.7359
20.8737
21.0576
21.2411
21.3421
21.296
21.2041
21.173
21.1939
21.1635
20.9904
20.5651
19.7858
19.3373
19.291
19.307
19.3595
19.377
19.3317
19.2242
19.1227
19.0924
19.1731
19.3205
19.4221
19.4202
19.269
18.9698
18.6951
18.6086
18.7309
19.0317
19.2548
19.291
19.169
18.9658
18.8324
18.6786
18.6663
18.6724
18.6756
18.6231
18.5969
18.6024
18.6246
18.631
18.6193
18.6154
18.6415
18.7468
18.8871
19.071
19.3075
19.5097
19.5944
19.586
19.5207
19.4202
19.1722
17.4406
17.9101
18.329
18.6047
18.7845
18.4403
17.4465
17.1441
17.368
17.7917
18.2353
18.619
18.8852
19.0828
19.2685
19.4583
19.6512
19.8638
20.1255
20.4129
20.6676
20.8497
21.026
21.1833
21.285
21.2875
21.2079
21.1288
21.1171
21.1535
21.1119
20.9054
20.4717
19.672
19.2052
19.183
19.2293
19.2992
19.3288
19.302
19.2269
19.1307
19.0564
19.0315
19.0588
19.0786
19.0453
18.9388
18.7583
18.6247
18.5946
18.6711
18.8004
18.9704
19.0511
18.9952
18.8568
18.7767
18.6163
18.5057
18.5059
18.5466
18.5427
18.5667
18.6152
18.66
18.6842
18.6845
18.6951
18.7643
18.8885
19.1262
19.3946
19.6121
19.7342
19.7543
19.7095
19.6008
19.4644
19.1857
17.1815
17.6181
18.0828
18.4014
18.5922
18.1101
17.0801
16.8708
17.0525
17.4714
17.951
18.405
18.783
19.0562
19.2501
19.4123
19.5787
19.7651
20.0239
20.348
20.6767
20.9662
21.1654
21.2676
21.277
21.2202
21.1445
21.0991
21.0997
21.1412
21.0909
20.8394
20.3942
19.5884
19.1198
19.1013
19.1575
19.2266
19.2577
19.2448
19.2078
19.1561
19.0847
18.9817
18.8566
18.7395
18.6758
18.6652
18.6732
18.6776
18.6599
18.6804
18.7193
18.7592
18.8693
18.9261
18.9429
18.8842
18.6718
18.4425
18.3995
18.4307
18.4983
18.5837
18.6626
18.7434
18.8157
18.8716
18.9187
19.0119
19.2115
19.4072
19.5739
19.709
19.7971
19.8056
19.724
19.589
19.4357
19.1324
17.045
17.4375
17.9331
18.3023
18.4993
17.9231
16.886
16.7244
16.8846
17.2833
17.7523
18.2478
18.6906
19.0498
19.2714
19.4069
19.545
19.7128
19.9627
20.2963
20.6942
21.0451
21.2649
21.3151
21.2633
21.167
21.1059
21.1117
21.1209
21.1563
21.0911
20.8047
20.3458
19.5334
19.0607
19.0314
19.1094
19.1876
19.2378
19.2348
19.2118
19.1881
19.1255
18.9903
18.8015
18.6253
18.5424
18.5733
18.6914
18.775
18.7699
18.7056
18.6266
18.6094
18.7562
18.9349
19.0958
19.0489
18.7667
18.4402
18.3192
18.3373
18.4421
18.5583
18.6672
18.7723
18.893
19.0437
19.2024
19.3421
19.4543
19.5584
19.6529
19.7292
19.7616
19.7467
19.6971
19.6034
19.4464
19.1166
17.0174
17.3661
17.8588
18.2618
18.4647
17.8529
16.8276
16.6712
16.8227
17.2062
17.6442
18.1436
18.6415
19.052
19.299
19.4384
19.5511
19.7001
19.9402
20.2696
20.7075
21.0809
21.3174
21.3441
21.2621
21.1308
21.068
21.0965
21.1351
21.1776
21.098
20.7956
20.3168
19.4949
19.0211
18.9872
19.0746
19.1544
19.2026
19.2201
19.2331
19.2409
19.1825
19.0275
18.7997
18.5819
18.483
18.5293
18.7183
18.8574
18.8831
18.7436
18.581
18.5395
18.6577
18.9833
19.243
19.1969
18.8596
18.456
18.2741
18.2513
18.3635
18.542
18.7195
18.8886
19.0742
19.2808
19.4815
19.635
19.7037
19.712
19.6837
19.6595
19.6512
19.6338
19.6042
19.5461
19.3968
19.0576
)
;

boundaryField
{
    inlet
    {
        type            fixedValue;
        value           uniform 10;
    }
    outlet
    {
        type            zeroGradient;
    }
    bottom
    {
        type            symmetryPlane;
    }
    top
    {
        type            symmetryPlane;
    }
    obstacle
    {
        type            zeroGradient;
    }
    defaultFaces
    {
        type            empty;
    }
}


// ************************************************************************* //
