/*--------------------------------*- C++ -*----------------------------------*\
| =========                 |                                                 |
| \\      /  F ield         | OpenFOAM: The Open Source CFD Toolbox           |
|  \\    /   O peration     | Version:  v1912                                 |
|   \\  /    A nd           | Website:  www.openfoam.com                      |
|    \\/     M anipulation  |                                                 |
\*---------------------------------------------------------------------------*/
FoamFile
{
    version     2.0;
    format      ascii;
    class       volScalarField;
    location    "0.68";
    object      rho;
}
// * * * * * * * * * * * * * * * * * * * * * * * * * * * * * * * * * * * * * //

dimensions      [1 -3 0 0 0 0 0];


internalField   nonuniform List<scalar> 
4800
(
48.4532
0.893938
0.838793
0.945154
1.03921
1.18159
1.27521
1.29598
1.27725
1.24912
1.21392
1.14999
0.996995
0.822401
0.774841
0.765461
0.771205
0.785311
0.802985
0.820533
0.835867
0.848711
0.860497
0.871704
0.880991
0.88686
0.883178
0.86142
0.809748
0.694196
0.593038
0.568188
0.56863
0.581317
0.595501
0.604948
0.60923
0.609597
0.606804
0.601608
48.4372
0.89916
0.843851
0.944896
1.03663
1.17577
1.26686
1.28876
1.27152
1.24639
1.21477
1.1517
0.996067
0.818498
0.769478
0.760504
0.7688
0.786088
0.805156
0.822937
0.838322
0.851169
0.862656
0.872316
0.879572
0.883801
0.879699
0.85906
0.811468
0.698645
0.59931
0.575973
0.573809
0.581658
0.591561
0.599006
0.60333
0.604167
0.602193
0.59982
48.4368
0.903425
0.851896
0.948334
1.03512
1.16718
1.25408
1.27912
1.26497
1.24509
1.21515
1.15165
0.993873
0.812073
0.761556
0.755024
0.766907
0.787374
0.808665
0.826954
0.84164
0.853859
0.864587
0.872988
0.877644
0.879293
0.875672
0.856114
0.814604
0.707297
0.608167
0.583705
0.577356
0.580359
0.585439
0.589876
0.593951
0.59744
0.599055
0.599068
48.4652
0.905567
0.860847
0.95301
1.03359
1.15707
1.23996
1.2673
1.25594
1.2403
1.21212
1.14984
0.989928
0.804382
0.753192
0.74988
0.76525
0.789293
0.812449
0.831165
0.845443
0.856764
0.865944
0.872741
0.875716
0.876141
0.872981
0.856232
0.820462
0.716707
0.615521
0.589144
0.578958
0.578753
0.579506
0.580873
0.583752
0.589154
0.595101
0.59907
48.5015
0.912112
0.869463
0.956256
1.03131
1.14746
1.22873
1.25697
1.24808
1.23235
1.20545
1.14355
0.983867
0.797699
0.747615
0.746877
0.764533
0.791396
0.815461
0.833696
0.847725
0.858285
0.866763
0.873151
0.876019
0.876082
0.873897
0.859105
0.825201
0.721583
0.618888
0.591408
0.577855
0.574353
0.573083
0.573409
0.575467
0.581322
0.590458
0.599478
48.5442
0.907273
0.876242
0.956734
1.02864
1.13994
1.22269
1.25144
1.24405
1.22314
1.19352
1.13286
0.97726
0.79431
0.746724
0.748768
0.76764
0.793634
0.816208
0.834149
0.847545
0.858311
0.868074
0.875655
0.879347
0.880451
0.878451
0.861582
0.825868
0.721134
0.618118
0.589974
0.575019
0.569955
0.568228
0.568264
0.569789
0.57542
0.586328
0.599617
48.566
0.901743
0.879894
0.95446
1.02442
1.13439
1.22188
1.2515
1.24187
1.21686
1.17965
1.11969
0.969925
0.793192
0.749434
0.754613
0.771745
0.793826
0.814217
0.830887
0.84455
0.857476
0.870274
0.880552
0.886331
0.887134
0.882444
0.86139
0.82234
0.717162
0.612933
0.58357
0.569922
0.566285
0.564978
0.564831
0.566155
0.571511
0.582569
0.596817
48.5625
0.901575
0.88069
0.952069
1.02318
1.1347
1.22732
1.25592
1.24226
1.21162
1.16761
1.10606
0.96064
0.793621
0.754238
0.761867
0.774301
0.792692
0.809587
0.824976
0.840798
0.857896
0.874105
0.887711
0.894275
0.891452
0.883522
0.858804
0.815464
0.709404
0.605845
0.576071
0.564367
0.562741
0.562453
0.562623
0.564303
0.569732
0.578924
0.590913
48.5507
0.901293
0.879035
0.951253
1.02599
1.14186
1.23829
1.26374
1.24601
1.20976
1.15916
1.09335
0.950327
0.794612
0.759181
0.766255
0.775223
0.789638
0.803575
0.819064
0.83831
0.859834
0.880739
0.894941
0.89853
0.891282
0.880196
0.852203
0.806022
0.700909
0.598843
0.568959
0.55902
0.559049
0.560059
0.561338
0.563851
0.568514
0.575168
0.583385
48.5341
0.900762
0.875607
0.952579
1.03165
1.15293
1.25045
1.27147
1.25156
1.21051
1.15599
1.08611
0.941896
0.793972
0.761119
0.765623
0.773092
0.784757
0.797967
0.815549
0.83842
0.86519
0.887811
0.89849
0.896708
0.886559
0.872431
0.842611
0.796318
0.693208
0.592437
0.56247
0.553714
0.555071
0.558073
0.560773
0.563459
0.566772
0.570942
0.576203
48.5161
0.890903
0.871144
0.956841
1.0419
1.16783
1.26179
1.27881
1.25725
1.2131
1.15966
1.08633
0.937018
0.790434
0.75835
0.759931
0.766158
0.778134
0.793912
0.814792
0.842053
0.87172
0.891234
0.896815
0.890454
0.877694
0.862549
0.83215
0.786698
0.685813
0.586473
0.556647
0.548825
0.551587
0.556416
0.560192
0.562628
0.564329
0.56593
0.5692
48.4849
0.881475
0.865745
0.962891
1.05493
1.18516
1.27076
1.28411
1.26113
1.21828
1.16981
1.09341
0.933854
0.783088
0.752084
0.748079
0.756049
0.771682
0.791602
0.817533
0.848187
0.875131
0.888587
0.890171
0.880724
0.867416
0.852326
0.822037
0.777397
0.67847
0.580874
0.551725
0.545086
0.548817
0.554649
0.558806
0.560766
0.56135
0.562015
0.564586
48.4517
0.869938
0.859707
0.970004
1.0693
1.20289
1.27747
1.2867
1.26165
1.22645
1.18394
1.10384
0.931527
0.775137
0.74059
0.734109
0.745396
0.765567
0.791754
0.822339
0.852519
0.873389
0.88152
0.879227
0.870672
0.858464
0.843038
0.812855
0.7687
0.671333
0.575516
0.547579
0.542619
0.546877
0.552865
0.55658
0.558007
0.558746
0.560111
0.562915
48.4126
0.862108
0.852744
0.975937
1.08403
1.21851
1.28267
1.2867
1.26114
1.23474
1.19854
1.11379
0.930087
0.767508
0.728483
0.721895
0.736198
0.761729
0.793152
0.825673
0.851992
0.866314
0.870348
0.868264
0.861845
0.851034
0.835316
0.805087
0.760987
0.66465
0.570337
0.544211
0.541134
0.545543
0.551197
0.554231
0.555586
0.557175
0.559812
0.56343
48.3793
0.856061
0.845394
0.976705
1.09373
1.22846
1.2842
1.28438
1.26033
1.24122
1.2105
1.12227
0.930068
0.761712
0.718347
0.713737
0.730598
0.760238
0.794096
0.824796
0.844533
0.855148
0.857999
0.858162
0.854266
0.845028
0.829187
0.798897
0.754701
0.659117
0.566059
0.541682
0.540255
0.544704
0.550029
0.552719
0.554253
0.556437
0.560098
0.565356
48.3678
0.831849
0.839971
0.974918
1.09695
1.23312
1.28528
1.28331
1.25916
1.24422
1.21776
1.12855
0.9301
0.756424
0.711154
0.709754
0.729683
0.761548
0.794124
0.818276
0.831922
0.840515
0.846155
0.849793
0.848052
0.839875
0.824218
0.794393
0.750473
0.655421
0.563139
0.540006
0.539621
0.544209
0.549467
0.552132
0.553868
0.556741
0.562109
0.569798
48.3443
0.830217
0.837822
0.972277
1.0963
1.23439
1.28518
1.28182
1.25634
1.24325
1.2208
1.13088
0.929445
0.752453
0.707628
0.709287
0.73257
0.765194
0.792238
0.808198
0.816597
0.824547
0.83422
0.841996
0.843375
0.835541
0.820226
0.791642
0.748656
0.653853
0.561753
0.539253
0.539333
0.544076
0.549479
0.552519
0.555019
0.55919
0.566011
0.574941
48.3079
0.854278
0.841453
0.971343
1.09161
1.22838
1.28171
1.27982
1.25281
1.24002
1.22037
1.13118
0.928627
0.750354
0.707655
0.713522
0.739266
0.769285
0.788104
0.796549
0.801701
0.809617
0.822229
0.833498
0.837445
0.831346
0.817094
0.79051
0.749062
0.654542
0.562207
0.53993
0.539803
0.544666
0.550565
0.554559
0.55808
0.56266
0.56916
0.577666
48.3297
0.840325
0.850364
0.973152
1.08403
1.21531
1.27353
1.27605
1.24923
1.23448
1.21412
1.12827
0.927234
0.7507
0.712116
0.721931
0.747581
0.771341
0.781589
0.786004
0.789801
0.797703
0.8111
0.823972
0.829646
0.825575
0.814313
0.790642
0.751988
0.657759
0.564356
0.542086
0.540922
0.545851
0.552399
0.55739
0.561402
0.565444
0.570648
0.578047
48.3366
0.852034
0.864281
0.978367
1.0763
1.19932
1.26168
1.26884
1.24458
1.22552
1.20195
1.12201
0.926532
0.75432
0.720978
0.732501
0.754949
0.771804
0.777163
0.779002
0.78222
0.789772
0.802024
0.813875
0.819723
0.818506
0.809805
0.790827
0.756493
0.663081
0.567684
0.544814
0.541888
0.547121
0.554474
0.560232
0.564166
0.567443
0.57132
0.577483
48.3323
0.886276
0.878924
0.983016
1.06951
1.18473
1.24914
1.25946
1.23706
1.2131
1.18665
1.1142
0.927708
0.76142
0.732409
0.743022
0.760193
0.77182
0.77542
0.775848
0.778742
0.785798
0.796047
0.805046
0.80941
0.809711
0.803603
0.789791
0.760326
0.669146
0.572188
0.548278
0.54314
0.548516
0.556365
0.562409
0.566
0.568341
0.571259
0.576509
48.3713
0.887679
0.891473
0.98532
1.06612
1.17534
1.23879
1.25067
1.22898
1.19924
1.17004
1.10539
0.930942
0.771653
0.74412
0.751479
0.763878
0.772764
0.776098
0.776306
0.778707
0.785132
0.793524
0.799222
0.800701
0.800221
0.795784
0.786288
0.761758
0.674013
0.577161
0.552024
0.54491
0.550082
0.557821
0.563665
0.566779
0.568802
0.571602
0.57631
48.406
0.898839
0.898656
0.986073
1.06423
1.16862
1.22989
1.241
1.2192
1.18546
1.15336
1.09596
0.935875
0.78409
0.754376
0.757377
0.766653
0.775155
0.779074
0.779739
0.781726
0.787033
0.793445
0.797007
0.795756
0.792344
0.787741
0.779473
0.759076
0.675433
0.580802
0.555581
0.547644
0.551597
0.558198
0.56339
0.566722
0.569185
0.572407
0.57683
48.4453
0.898823
0.899572
0.985011
1.06368
1.16555
1.22452
1.23362
1.21041
1.17336
1.13784
1.08611
0.940294
0.794872
0.762783
0.76227
0.769467
0.778712
0.783954
0.785787
0.787321
0.79095
0.794867
0.796211
0.793919
0.788881
0.782111
0.770402
0.751247
0.672536
0.581845
0.557383
0.550675
0.552956
0.557769
0.562097
0.565805
0.569477
0.573459
0.578033
48.4886
0.881698
0.895318
0.984195
1.06495
1.16572
1.22295
1.22926
1.20293
1.1634
1.12531
1.07618
0.94394
0.803911
0.768166
0.766439
0.772459
0.782806
0.789747
0.793049
0.793921
0.795523
0.79719
0.79735
0.793982
0.788205
0.780746
0.76365
0.740523
0.664578
0.579618
0.557096
0.553375
0.554435
0.557441
0.560339
0.564085
0.568657
0.573613
0.578875
48.4874
0.893671
0.887212
0.984619
1.06898
1.16936
1.22499
1.2281
1.19857
1.1576
1.11619
1.06725
0.945394
0.809056
0.77035
0.767615
0.773193
0.785715
0.795384
0.800134
0.800895
0.800702
0.800553
0.799773
0.796554
0.791225
0.782082
0.762147
0.730219
0.651883
0.574023
0.554882
0.55476
0.555637
0.557364
0.558947
0.562356
0.567751
0.57353
0.578749
48.5337
0.855235
0.877525
0.983247
1.07499
1.17595
1.23052
1.22973
1.19828
1.15617
1.11232
1.06112
0.944442
0.80985
0.769193
0.768119
0.773871
0.787975
0.799908
0.806456
0.807549
0.806311
0.805113
0.804275
0.801978
0.797571
0.786955
0.764266
0.724491
0.637353
0.563619
0.549721
0.555346
0.556706
0.558048
0.558869
0.561017
0.565577
0.57174
0.577337
48.5196
0.875813
0.866837
0.982549
1.08137
1.18458
1.2384
1.23384
1.20242
1.15972
1.1131
1.0582
0.942693
0.808272
0.767284
0.768861
0.775156
0.790169
0.803768
0.812093
0.81461
0.813462
0.812244
0.811717
0.810106
0.806302
0.794605
0.770012
0.723225
0.627141
0.551382
0.543065
0.551906
0.558344
0.560324
0.56021
0.560892
0.563828
0.569275
0.574929
48.5845
0.820196
0.857242
0.980509
1.08676
1.19423
1.24607
1.24011
1.21045
1.1671
1.11814
1.05935
0.941389
0.804104
0.764036
0.76693
0.775014
0.791224
0.80679
0.817508
0.822674
0.823347
0.822712
0.82198
0.820402
0.816934
0.804504
0.779281
0.726121
0.621619
0.544265
0.534116
0.54476
0.558892
0.564547
0.56331
0.56241
0.56415
0.568239
0.573309
48.5838
0.821627
0.846973
0.977494
1.08903
1.20267
1.25491
1.25001
1.22093
1.1768
1.12615
1.06323
0.939079
0.797592
0.759996
0.762651
0.773023
0.790872
0.808757
0.822896
0.831729
0.835378
0.836111
0.835006
0.832997
0.829734
0.816665
0.792617
0.733115
0.62017
0.54293
0.528759
0.536829
0.554865
0.567919
0.569732
0.567226
0.566729
0.569375
0.572864
48.59
0.813615
0.837785
0.971614
1.08796
1.20924
1.2662
1.26469
1.23529
1.18864
1.13604
1.06878
0.934917
0.790168
0.755333
0.75677
0.769087
0.789238
0.809971
0.828251
0.842133
0.849522
0.852097
0.850649
0.847872
0.845034
0.831759
0.810157
0.744319
0.623211
0.547069
0.528308
0.532419
0.549131
0.567752
0.577848
0.576072
0.573835
0.573399
0.574096
48.599
0.804672
0.832777
0.963937
1.08359
1.21541
1.27929
1.27872
1.24868
1.20103
1.1492
1.0757
0.929184
0.782625
0.750216
0.750566
0.764763
0.78718
0.810924
0.833622
0.852866
0.864349
0.869244
0.867792
0.864646
0.862714
0.85052
0.831664
0.759778
0.631406
0.557112
0.532974
0.532935
0.545787
0.565412
0.582322
0.589744
0.585818
0.581658
0.578752
48.5702
0.827507
0.832946
0.960025
1.07957
1.21891
1.29054
1.28968
1.25986
1.21531
1.16545
1.08416
0.921985
0.775041
0.74583
0.745475
0.761352
0.785618
0.811959
0.838547
0.862682
0.878171
0.885296
0.884806
0.882599
0.882766
0.872235
0.854545
0.778096
0.644393
0.572643
0.543796
0.539286
0.547389
0.563707
0.585201
0.599612
0.602389
0.594982
0.587535
48.5522
0.817625
0.839136
0.959823
1.0772
1.21976
1.29731
1.29697
1.26839
1.22911
1.18272
1.09332
0.913409
0.76859
0.742421
0.742635
0.759675
0.785099
0.813052
0.84215
0.869641
0.888685
0.898296
0.900628
0.900887
0.904403
0.895017
0.877511
0.796667
0.659973
0.591565
0.560492
0.552543
0.555103
0.566728
0.586018
0.60671
0.616654
0.611282
0.601071
48.4993
0.842358
0.850881
0.965119
1.07652
1.21807
1.29808
1.30072
1.27568
1.24104
1.19811
1.10117
0.904389
0.764425
0.740579
0.742436
0.759712
0.785298
0.813866
0.843723
0.872543
0.894421
0.907056
0.914298
0.919042
0.92578
0.917606
0.897166
0.810056
0.673565
0.610754
0.581814
0.571206
0.5702
0.575873
0.589137
0.609897
0.624363
0.625941
0.616826
48.441
0.876415
0.867568
0.974397
1.07594
1.21327
1.29425
1.30245
1.28265
1.25074
1.21056
1.10701
0.896298
0.762838
0.740819
0.743954
0.761607
0.786208
0.813835
0.842977
0.8718
0.8961
0.913061
0.926063
0.936969
0.946044
0.938316
0.911655
0.818452
0.682084
0.626291
0.604177
0.593476
0.58987
0.590943
0.597428
0.609182
0.624231
0.632108
0.629207
48.4103
0.891046
0.886325
0.984731
1.07449
1.20579
1.28758
1.30341
1.2891
1.25852
1.21965
1.11066
0.88963
0.762982
0.743094
0.747132
0.764982
0.788712
0.813993
0.840671
0.868187
0.894179
0.916108
0.936227
0.954447
0.964193
0.955606
0.920448
0.821213
0.684989
0.633985
0.62351
0.616876
0.612757
0.610035
0.609053
0.61015
0.616199
0.626613
0.633141
48.3756
0.914078
0.903218
0.993881
1.07246
1.19837
1.28079
1.30371
1.29446
1.26448
1.22546
1.11146
0.883978
0.763679
0.746388
0.750782
0.768307
0.790918
0.814311
0.837678
0.862388
0.889171
0.916482
0.944809
0.969161
0.9792
0.968563
0.924901
0.819632
0.682836
0.635577
0.633316
0.634543
0.635343
0.6303
0.621336
0.613079
0.609102
0.613597
0.62594
48.3445
0.938549
0.915533
0.999285
1.07034
1.1924
1.27572
1.30276
1.29719
1.2684
1.22846
1.11032
0.879443
0.764119
0.749397
0.754095
0.771408
0.792747
0.813954
0.834728
0.856524
0.883174
0.915737
0.951644
0.980381
0.990077
0.977041
0.926221
0.816148
0.678173
0.634033
0.63651
0.646334
0.652188
0.64693
0.6319
0.614428
0.603222
0.601271
0.612892
48.3259
0.957189
0.920534
1.00212
1.07094
1.19139
1.27392
1.30187
1.29828
1.2698
1.22849
1.10786
0.876347
0.763689
0.751006
0.756464
0.773854
0.794306
0.814019
0.832997
0.853076
0.878657
0.913498
0.954281
0.985761
0.996146
0.982524
0.927166
0.813318
0.674024
0.631134
0.636011
0.651332
0.659957
0.657172
0.64055
0.616879
0.599903
0.594781
0.601803
0.598181
0.597668
0.600908
0.609199
0.623552
0.643267
0.667024
0.676554
0.667203
0.623267
0.536703
0.501494
0.497371
0.501375
0.510841
0.521577
0.533007
0.547091
0.56304
0.577878
0.590612
0.601322
0.608954
0.61549
0.624019
0.637919
0.655513
0.665647
0.664478
0.640953
0.577405
0.539407
0.537398
0.543353
0.555474
0.567832
0.576218
0.582288
0.589147
0.601693
0.623918
0.650588
0.676934
0.697682
0.713783
0.726755
0.730552
0.728781
0.698725
0.644439
0.620104
0.617287
0.61845
0.625283
0.633407
0.637456
0.640315
0.645059
0.650358
0.653036
0.650356
0.644907
0.641476
0.639924
0.643221
0.64322
0.644348
0.620444
0.596156
0.588816
0.586616
0.585596
0.589477
0.594179
0.597576
0.599542
0.600943
0.602507
0.602393
0.615075
0.598942
0.600889
0.606836
0.617055
0.631153
0.649482
0.664477
0.664266
0.651343
0.602603
0.525684
0.502303
0.500319
0.505782
0.516289
0.528207
0.540118
0.552626
0.565767
0.578879
0.590749
0.600786
0.609855
0.61949
0.630777
0.646506
0.662223
0.667186
0.659277
0.625729
0.564514
0.540139
0.54006
0.547214
0.559176
0.570853
0.579714
0.587615
0.598116
0.613932
0.63209
0.652934
0.672879
0.692137
0.708747
0.71727
0.716587
0.71026
0.677027
0.626891
0.608809
0.60862
0.611763
0.619745
0.628156
0.633744
0.637751
0.642031
0.64566
0.646672
0.647654
0.644651
0.644599
0.646293
0.649714
0.650881
0.64355
0.60934
0.5865
0.58284
0.58351
0.586524
0.591995
0.596831
0.599804
0.601668
0.603017
0.604966
0.607372
0.620205
0.600302
0.604078
0.611495
0.620769
0.632675
0.650066
0.66272
0.661133
0.647675
0.592407
0.519465
0.502363
0.502677
0.510397
0.523156
0.536225
0.5471
0.556074
0.56503
0.575665
0.587012
0.598401
0.609644
0.622137
0.635747
0.654206
0.668732
0.667571
0.657747
0.616519
0.556773
0.541212
0.541802
0.549261
0.56172
0.574428
0.585341
0.596597
0.610306
0.622828
0.633876
0.646387
0.661169
0.680148
0.700384
0.71195
0.710209
0.698014
0.659166
0.609761
0.596376
0.598071
0.603411
0.613595
0.624446
0.632596
0.637258
0.638521
0.640759
0.640072
0.63995
0.642331
0.651896
0.659374
0.66447
0.664694
0.643259
0.595615
0.571878
0.573476
0.580568
0.588326
0.595346
0.599719
0.601885
0.602946
0.604824
0.608042
0.611765
0.625047
0.603253
0.609391
0.616941
0.624117
0.634636
0.650045
0.659369
0.654811
0.638494
0.581601
0.516603
0.504449
0.507325
0.517283
0.531597
0.544308
0.553158
0.559192
0.5644
0.571966
0.583597
0.597771
0.612528
0.628264
0.645151
0.664167
0.673334
0.669402
0.655285
0.6056
0.551996
0.542589
0.543931
0.552186
0.565135
0.578653
0.593422
0.608587
0.620849
0.628122
0.632387
0.638244
0.648136
0.666891
0.688323
0.700209
0.698224
0.678746
0.632263
0.584907
0.57682
0.581432
0.591193
0.605553
0.619729
0.629509
0.634166
0.636597
0.634518
0.631235
0.633615
0.644041
0.661346
0.677079
0.682903
0.672916
0.636531
0.583453
0.55839
0.563161
0.575137
0.587841
0.598012
0.603611
0.605385
0.606601
0.608764
0.612451
0.616635
0.630071
0.606755
0.613835
0.620163
0.625175
0.633742
0.646344
0.652681
0.647529
0.630298
0.575453
0.516717
0.50784
0.51276
0.524424
0.538899
0.550255
0.556357
0.559577
0.563521
0.569867
0.580636
0.596424
0.614504
0.632116
0.651319
0.671862
0.678308
0.672188
0.65232
0.595083
0.548986
0.542742
0.545266
0.55467
0.569188
0.586136
0.602501
0.615794
0.623347
0.626352
0.627746
0.629828
0.638001
0.656024
0.676817
0.687023
0.684988
0.661153
0.609876
0.564958
0.558003
0.563333
0.576214
0.595095
0.613082
0.624532
0.629929
0.629499
0.626399
0.624998
0.631585
0.649328
0.67678
0.696451
0.696989
0.676784
0.629041
0.573792
0.550166
0.552703
0.567095
0.584373
0.598896
0.60855
0.611518
0.612281
0.613662
0.616416
0.620154
0.633767
0.609301
0.615655
0.619633
0.623339
0.62986
0.638776
0.643296
0.639633
0.624089
0.573081
0.519134
0.512138
0.518469
0.529965
0.543216
0.552379
0.557241
0.560421
0.564334
0.570577
0.579956
0.594742
0.61406
0.634606
0.655598
0.67615
0.683761
0.674584
0.646669
0.584021
0.546867
0.542118
0.546734
0.558904
0.575936
0.593129
0.606193
0.614275
0.61902
0.62
0.620681
0.623025
0.631635
0.649175
0.669869
0.678968
0.676368
0.65049
0.596358
0.556567
0.550732
0.555819
0.568872
0.587566
0.605159
0.617304
0.621887
0.62096
0.619851
0.62333
0.635092
0.661152
0.69079
0.707572
0.70627
0.676784
0.624004
0.568309
0.547263
0.546592
0.558766
0.578478
0.597865
0.610585
0.618142
0.619724
0.619933
0.620447
0.6226
0.636233
0.60811
0.613178
0.615916
0.617865
0.623346
0.630852
0.635325
0.63417
0.621194
0.573211
0.522923
0.516827
0.522839
0.532565
0.543657
0.552288
0.557808
0.562125
0.567019
0.573453
0.582063
0.593953
0.610843
0.632586
0.656776
0.678124
0.686798
0.675849
0.637927
0.573545
0.545115
0.541876
0.549489
0.564491
0.581892
0.595342
0.603248
0.608436
0.610241
0.612029
0.615154
0.620284
0.629434
0.645792
0.666154
0.673239
0.670832
0.644854
0.589735
0.554108
0.549921
0.556459
0.569129
0.585345
0.598854
0.606839
0.610353
0.612864
0.617722
0.626493
0.644645
0.673498
0.698485
0.710513
0.70947
0.677617
0.622082
0.566216
0.547381
0.544668
0.554993
0.572499
0.594459
0.612315
0.621892
0.626424
0.626442
0.625664
0.626527
0.640408
0.601635
0.606485
0.609484
0.611496
0.616937
0.625797
0.631129
0.63182
0.620909
0.574921
0.526884
0.520645
0.524415
0.531882
0.542242
0.551363
0.558446
0.564689
0.571093
0.57833
0.586295
0.5952
0.607893
0.627311
0.653323
0.67497
0.684933
0.671801
0.626059
0.564987
0.544485
0.54385
0.554246
0.570002
0.584097
0.592834
0.597759
0.599488
0.60164
0.60597
0.612487
0.620491
0.630017
0.644611
0.662531
0.668524
0.668287
0.642521
0.587577
0.556299
0.552713
0.559318
0.571566
0.584126
0.591819
0.595039
0.598263
0.604439
0.615894
0.63399
0.656946
0.681651
0.701787
0.709308
0.705212
0.678699
0.623151
0.567301
0.549764
0.545951
0.555449
0.571427
0.590921
0.609583
0.622033
0.62849
0.631053
0.631709
0.633369
0.64835
0.591727
0.597128
0.601365
0.605808
0.613243
0.62399
0.630462
0.632491
0.622583
0.577132
0.529292
0.522231
0.523477
0.530219
0.540433
0.550737
0.559611
0.567583
0.575607
0.583766
0.591286
0.598309
0.607387
0.623094
0.645526
0.664483
0.676093
0.662558
0.614746
0.560494
0.546117
0.548557
0.559849
0.572967
0.583475
0.589043
0.590655
0.592556
0.596702
0.603615
0.612355
0.622459
0.632023
0.644096
0.658306
0.663295
0.666414
0.641072
0.587617
0.560344
0.557426
0.562612
0.571636
0.580578
0.584322
0.585999
0.589672
0.599077
0.617243
0.642728
0.664794
0.682799
0.698547
0.702972
0.699314
0.680657
0.626394
0.571492
0.554688
0.550592
0.559004
0.573513
0.589731
0.604643
0.61742
0.626222
0.631603
0.635733
0.641623
0.658413
0.582051
0.587781
0.594431
0.602081
0.612232
0.625251
0.632695
0.635362
0.625135
0.578207
0.52942
0.52197
0.522111
0.528763
0.539597
0.550923
0.561202
0.570805
0.580168
0.58838
0.595447
0.60222
0.610017
0.622068
0.637762
0.649239
0.660376
0.650438
0.606418
0.561131
0.551187
0.554831
0.563768
0.573808
0.580346
0.583748
0.586058
0.589489
0.595139
0.60366
0.614362
0.625025
0.633826
0.644956
0.655396
0.659351
0.663173
0.63833
0.588139
0.565292
0.562612
0.564413
0.570413
0.576164
0.579163
0.581567
0.586969
0.598809
0.620396
0.646474
0.66403
0.677241
0.688909
0.694191
0.692191
0.679713
0.630904
0.579559
0.563764
0.559571
0.565485
0.577586
0.591084
0.602326
0.61176
0.622183
0.631062
0.638455
0.646726
0.664433
0.5742
0.580528
0.589276
0.600284
0.613814
0.628946
0.636955
0.639071
0.626931
0.577769
0.528828
0.52119
0.521253
0.528342
0.540048
0.552319
0.563854
0.574891
0.584457
0.592119
0.59894
0.605608
0.61381
0.624096
0.633013
0.636622
0.643413
0.637976
0.601861
0.566837
0.558304
0.560629
0.565745
0.571322
0.576437
0.580363
0.584285
0.589035
0.596014
0.605713
0.6174
0.626559
0.635069
0.646836
0.655412
0.65757
0.658441
0.633093
0.587873
0.568911
0.566638
0.564432
0.567885
0.572655
0.5773
0.582874
0.590832
0.605867
0.625375
0.643582
0.656359
0.666554
0.676046
0.683056
0.682403
0.67454
0.630988
0.588956
0.576845
0.57286
0.574857
0.582639
0.591985
0.600307
0.60862
0.618989
0.631031
0.641551
0.651679
0.669802
0.56939
0.576286
0.586096
0.599043
0.615583
0.633493
0.642264
0.642916
0.627893
0.576982
0.5286
0.520623
0.521453
0.529845
0.542324
0.555867
0.568567
0.579379
0.587797
0.595017
0.601846
0.609095
0.617704
0.625792
0.62973
0.628961
0.629884
0.627177
0.600143
0.573688
0.565822
0.565141
0.565213
0.569059
0.574057
0.579075
0.584461
0.59096
0.598983
0.608908
0.619001
0.627044
0.63576
0.649043
0.657768
0.657166
0.653908
0.626231
0.584801
0.56857
0.567107
0.562808
0.565486
0.571618
0.579367
0.588635
0.601254
0.616265
0.629431
0.63872
0.64645
0.654163
0.662879
0.669336
0.667831
0.664153
0.62934
0.593513
0.584259
0.585839
0.587074
0.589913
0.594666
0.600839
0.608669
0.618807
0.631058
0.64336
0.654632
0.672359
0.567762
0.574903
0.585143
0.59929
0.618412
0.637207
0.647478
0.647694
0.629385
0.577269
0.529937
0.521859
0.5236
0.533046
0.547271
0.561798
0.573986
0.583097
0.5904
0.597515
0.604536
0.612589
0.620955
0.626781
0.628025
0.626385
0.625695
0.622733
0.600631
0.577943
0.570215
0.568878
0.565853
0.568106
0.573212
0.579719
0.586884
0.594903
0.603143
0.611318
0.618639
0.626274
0.636471
0.651368
0.661142
0.658859
0.65058
0.61804
0.5776
0.564755
0.564375
0.560808
0.56486
0.573853
0.585072
0.598789
0.613953
0.625691
0.630689
0.632213
0.635378
0.642139
0.65127
0.657107
0.65306
0.647367
0.620697
0.594138
0.587159
0.590764
0.593994
0.598014
0.601574
0.60527
0.611796
0.621237
0.63161
0.642236
0.653464
0.670157
0.568659
0.576286
0.586747
0.600791
0.620849
0.640699
0.651443
0.653847
0.63322
0.579928
0.532604
0.524454
0.527703
0.538803
0.554166
0.568487
0.579042
0.586653
0.592967
0.599706
0.606943
0.614704
0.622225
0.627783
0.629455
0.629948
0.629883
0.62472
0.600423
0.577654
0.569933
0.569928
0.567332
0.569758
0.575598
0.583171
0.591681
0.600166
0.607074
0.612221
0.617243
0.624846
0.637544
0.654067
0.663807
0.661147
0.647943
0.610744
0.56753
0.55803
0.559648
0.561346
0.567941
0.579341
0.593947
0.610555
0.623898
0.629288
0.628112
0.626122
0.62693
0.633689
0.641986
0.648421
0.645991
0.636228
0.607578
0.582651
0.582039
0.587945
0.594538
0.602233
0.609082
0.613586
0.617718
0.624221
0.632429
0.641244
0.649602
0.66451
0.572285
0.581456
0.59177
0.604049
0.622469
0.642806
0.65525
0.660327
0.639582
0.585372
0.537415
0.529527
0.534023
0.546202
0.561534
0.574472
0.583694
0.589662
0.595394
0.602029
0.608934
0.615601
0.622272
0.629341
0.636148
0.640308
0.638307
0.627709
0.597935
0.570875
0.566166
0.569498
0.570806
0.57446
0.580998
0.589165
0.598001
0.605635
0.610152
0.612832
0.616193
0.623771
0.638479
0.655957
0.664795
0.66205
0.64474
0.603398
0.557971
0.549455
0.5538
0.563483
0.5746
0.588334
0.604332
0.61896
0.627628
0.627956
0.624594
0.621116
0.621444
0.628117
0.636609
0.643104
0.642944
0.634004
0.601331
0.566508
0.567056
0.578629
0.591098
0.601429
0.610766
0.618333
0.623476
0.627428
0.632395
0.638887
0.646066
0.660123
0.578867
0.588811
0.597407
0.607166
0.623199
0.64357
0.657511
0.666734
0.646935
0.592665
0.543883
0.536207
0.541116
0.553373
0.567893
0.57962
0.587087
0.592627
0.598202
0.604316
0.609983
0.615302
0.621667
0.632179
0.644961
0.651405
0.648557
0.632438
0.595946
0.561167
0.558963
0.5659
0.575075
0.582478
0.589342
0.597021
0.604543
0.610223
0.612443
0.61377
0.61635
0.623851
0.638113
0.655783
0.663448
0.660013
0.640123
0.596671
0.551915
0.54226
0.548978
0.563981
0.582443
0.599098
0.612518
0.622017
0.625246
0.624128
0.621079
0.618095
0.618923
0.625524
0.634898
0.641537
0.643315
0.634164
0.60101
0.562885
0.55515
0.561987
0.579047
0.597619
0.611075
0.619347
0.624438
0.628156
0.632093
0.637488
0.644411
0.657787
0.584862
0.594718
0.602306
0.610423
0.623896
0.643317
0.657417
0.669486
0.653775
0.600756
0.551468
0.54401
0.548103
0.5598
0.573106
0.583223
0.59024
0.595874
0.600996
0.605704
0.610232
0.614612
0.62165
0.634992
0.650425
0.65862
0.657561
0.636555
0.594876
0.553271
0.547314
0.558874
0.575828
0.590464
0.59995
0.606356
0.610813
0.613387
0.614307
0.615492
0.618265
0.62561
0.637873
0.6532
0.658972
0.654922
0.635204
0.592212
0.548672
0.538304
0.545823
0.565336
0.590101
0.608113
0.617245
0.620157
0.620465
0.620012
0.619062
0.617507
0.618923
0.625155
0.635511
0.642851
0.646198
0.636468
0.602042
0.5636
0.55406
0.556146
0.567655
0.586182
0.604879
0.616777
0.622254
0.626695
0.631539
0.636681
0.643389
0.656709
0.587661
0.598135
0.606291
0.614638
0.62614
0.642126
0.65491
0.667576
0.656953
0.607112
0.559077
0.551975
0.554175
0.564521
0.576666
0.586347
0.593322
0.598527
0.603085
0.606846
0.61084
0.615031
0.622503
0.635505
0.651797
0.661868
0.663253
0.639949
0.594706
0.549014
0.536724
0.547852
0.572415
0.595843
0.610386
0.616007
0.617081
0.616493
0.616711
0.618704
0.622249
0.62876
0.637839
0.648145
0.651775
0.647183
0.631039
0.590547
0.548786
0.538985
0.546159
0.56742
0.593078
0.611699
0.619026
0.617915
0.61654
0.616363
0.617746
0.619168
0.621737
0.628164
0.639142
0.646978
0.651591
0.642324
0.609063
0.570908
0.560437
0.560977
0.568813
0.580893
0.59532
0.608494
0.618769
0.626055
0.632364
0.637837
0.644407
0.65719
0.587869
0.599221
0.609543
0.618803
0.629181
0.641517
0.651565
0.661312
0.655529
0.610514
0.565999
0.558558
0.559508
0.56865
0.579744
0.589028
0.59504
0.599356
0.604032
0.608327
0.612329
0.61674
0.622905
0.632893
0.649462
0.659643
0.661748
0.641174
0.596116
0.547719
0.532975
0.538836
0.564044
0.594696
0.616588
0.623947
0.623159
0.620686
0.620744
0.623719
0.627931
0.632542
0.637565
0.641375
0.643098
0.638924
0.626856
0.591583
0.552886
0.543679
0.551033
0.569649
0.592459
0.610531
0.617455
0.616948
0.614566
0.614042
0.616633
0.62099
0.626071
0.633968
0.647505
0.656604
0.659979
0.650408
0.621046
0.585566
0.575082
0.573038
0.576771
0.584985
0.594657
0.603613
0.612574
0.621082
0.628822
0.635052
0.641739
0.653734
0.586772
0.598368
0.610866
0.622391
0.632498
0.640766
0.648883
0.652458
0.65036
0.610009
0.570305
0.56406
0.565184
0.573053
0.58272
0.589874
0.594994
0.599657
0.604896
0.609756
0.614496
0.618249
0.62247
0.630494
0.643381
0.653154
0.655873
0.640846
0.597601
0.547969
0.533198
0.536599
0.556246
0.587217
0.614458
0.627439
0.627795
0.626305
0.627023
0.630517
0.634358
0.635958
0.636163
0.634966
0.635381
0.630963
0.622983
0.594979
0.561795
0.552462
0.557552
0.570871
0.588315
0.605749
0.61639
0.618536
0.615745
0.614558
0.616924
0.623827
0.634532
0.64706
0.660865
0.667415
0.668768
0.661215
0.636736
0.603826
0.592623
0.589464
0.589566
0.593731
0.600235
0.606658
0.611543
0.615995
0.620385
0.624956
0.630644
0.641268
0.584929
0.596467
0.610314
0.623863
0.63461
0.641343
0.647112
0.644204
0.641898
0.606014
0.571573
0.567126
0.570992
0.577328
0.583741
0.588705
0.59376
0.598725
0.604506
0.610399
0.615513
0.61853
0.621951
0.626507
0.635243
0.644764
0.647392
0.638987
0.599564
0.551109
0.536822
0.538306
0.552503
0.576926
0.604201
0.622663
0.630351
0.633326
0.635366
0.63823
0.639986
0.638348
0.634225
0.630353
0.629507
0.624546
0.619426
0.598867
0.573679
0.564359
0.565922
0.5719
0.584967
0.601442
0.615105
0.620171
0.619351
0.618115
0.62184
0.632168
0.646854
0.660161
0.671037
0.674087
0.672286
0.666997
0.64485
0.614331
0.604241
0.601691
0.601337
0.604984
0.609241
0.611647
0.613019
0.614109
0.615332
0.616964
0.620538
0.629372
0.583863
0.594557
0.608391
0.62277
0.634403
0.642234
0.645249
0.639038
0.632695
0.597566
0.569417
0.566736
0.573809
0.57902
0.583167
0.587023
0.591035
0.596444
0.603503
0.609782
0.615038
0.618417
0.619655
0.622681
0.629058
0.636534
0.637039
0.63366
0.601153
0.557422
0.543299
0.543038
0.552359
0.569392
0.590452
0.613314
0.629476
0.639256
0.644085
0.645231
0.64488
0.64061
0.633825
0.628897
0.627581
0.62361
0.620951
0.606482
0.586397
0.57602
0.575652
0.575505
0.584771
0.598603
0.612599
0.621714
0.62469
0.62577
0.631287
0.642382
0.655087
0.665923
0.675724
0.676884
0.672738
0.666813
0.645567
0.617608
0.608565
0.609342
0.611201
0.614338
0.616634
0.61686
0.616103
0.614654
0.614598
0.615457
0.618364
0.62591
0.583624
0.593017
0.605313
0.618627
0.631492
0.641829
0.643864
0.635992
0.624799
0.585937
0.563352
0.563221
0.573346
0.578007
0.581711
0.584769
0.588678
0.594729
0.602122
0.608318
0.613918
0.616118
0.617051
0.619926
0.624625
0.630209
0.628901
0.62683
0.601582
0.565217
0.551508
0.551312
0.55425
0.565502
0.580457
0.601208
0.625142
0.641951
0.649461
0.650494
0.647368
0.642439
0.637474
0.633718
0.632542
0.631779
0.631204
0.617235
0.595733
0.585179
0.586121
0.583176
0.588085
0.597318
0.608051
0.620421
0.63065
0.636802
0.642554
0.649815
0.658797
0.668998
0.677861
0.678051
0.673115
0.665632
0.643624
0.616133
0.608519
0.610613
0.614051
0.61879
0.621503
0.620323
0.617
0.614677
0.614139
0.615713
0.619542
0.627247
0.584187
0.591899
0.601167
0.611807
0.624639
0.639066
0.643423
0.63548
0.619684
0.573411
0.551226
0.554761
0.56807
0.574743
0.580003
0.583522
0.58781
0.593754
0.60075
0.606331
0.610504
0.612992
0.614847
0.618261
0.622598
0.62694
0.624904
0.621812
0.601252
0.570797
0.558424
0.560981
0.559428
0.56582
0.576799
0.593026
0.616367
0.638755
0.650106
0.651045
0.647507
0.645313
0.644815
0.645491
0.648361
0.650065
0.646265
0.628595
0.602035
0.592476
0.594606
0.592182
0.593525
0.597792
0.604762
0.61755
0.633307
0.646466
0.653008
0.656354
0.660588
0.668745
0.677917
0.678331
0.671921
0.662072
0.638769
0.612278
0.604763
0.606952
0.610649
0.616299
0.620474
0.620784
0.618721
0.616771
0.617234
0.619818
0.62517
0.633756
0.584601
0.590414
0.596091
0.603282
0.614898
0.63086
0.638145
0.636577
0.616933
0.563008
0.53424
0.540159
0.555525
0.569952
0.5794
0.584764
0.588764
0.593661
0.598571
0.603232
0.606944
0.610295
0.61334
0.617503
0.622422
0.626669
0.625117
0.621375
0.602236
0.575421
0.56392
0.568628
0.566867
0.570912
0.579192
0.590449
0.606497
0.628197
0.643317
0.647657
0.647081
0.649557
0.658531
0.66883
0.674873
0.674169
0.662805
0.639103
0.60734
0.597675
0.599951
0.599682
0.59892
0.599515
0.604014
0.61545
0.633093
0.649796
0.659234
0.659603
0.661624
0.667065
0.673748
0.67612
0.670529
0.658073
0.634056
0.607589
0.598943
0.599384
0.60226
0.608188
0.615192
0.619684
0.62174
0.622443
0.624627
0.628767
0.633941
0.642207
0.583672
0.587861
0.590793
0.594759
0.604065
0.620473
0.631168
0.636841
0.613739
0.554793
0.519738
0.522925
0.540252
0.562916
0.580159
0.58863
0.591493
0.593634
0.596523
0.600446
0.604393
0.608484
0.612665
0.617594
0.623373
0.628491
0.628054
0.625607
0.608136
0.579235
0.567941
0.572621
0.57473
0.579085
0.584474
0.591854
0.600592
0.613218
0.629798
0.641778
0.65154
0.662343
0.678374
0.692202
0.698417
0.696005
0.680976
0.652701
0.614463
0.600001
0.601361
0.601951
0.602061
0.603253
0.606361
0.614984
0.629649
0.64769
0.659319
0.662357
0.663239
0.665404
0.669186
0.671747
0.667627
0.654975
0.631229
0.603854
0.591414
0.588836
0.591337
0.598505
0.608814
0.617579
0.623488
0.629213
0.634932
0.639055
0.64237
0.649977
0.581468
0.584127
0.585461
0.587729
0.594804
0.610446
0.623007
0.633803
0.608514
0.546528
0.511641
0.509874
0.52696
0.55441
0.579376
0.592865
0.595432
0.594963
0.595802
0.598951
0.60324
0.60795
0.612646
0.617967
0.625291
0.6331
0.634351
0.634927
0.617024
0.581638
0.569257
0.574467
0.580311
0.586861
0.590828
0.592968
0.596558
0.603165
0.616658
0.636308
0.656817
0.674165
0.690023
0.704257
0.712846
0.712932
0.698772
0.668146
0.623304
0.601485
0.597578
0.599049
0.602767
0.607958
0.611423
0.616403
0.62546
0.640168
0.653514
0.662812
0.665158
0.665367
0.664884
0.664187
0.661814
0.652485
0.629304
0.600496
0.585001
0.580821
0.583308
0.591807
0.605342
0.6193
0.630606
0.638249
0.642369
0.644605
0.646841
0.653367
0.578531
0.58026
0.581047
0.583144
0.589474
0.603977
0.616475
0.628031
0.602017
0.539773
0.507
0.502676
0.51725
0.545834
0.57509
0.593365
0.597577
0.59667
0.596499
0.598982
0.603279
0.608193
0.613046
0.618617
0.627872
0.640398
0.644869
0.647734
0.626324
0.583855
0.568198
0.573543
0.582332
0.591006
0.595218
0.594722
0.594475
0.599195
0.610514
0.633822
0.657522
0.675731
0.687549
0.702108
0.713928
0.719146
0.711603
0.682202
0.632013
0.60233
0.592138
0.593536
0.601805
0.611561
0.618218
0.620148
0.622918
0.630618
0.645517
0.65819
0.663716
0.664242
0.66041
0.656621
0.653942
0.64644
0.626807
0.597422
0.581101
0.577058
0.580119
0.590536
0.606706
0.623808
0.63602
0.641661
0.644002
0.644869
0.646291
0.652019
0.576157
0.577419
0.578729
0.581437
0.588916
0.603648
0.615723
0.623246
0.595801
0.535041
0.504799
0.500468
0.513007
0.537773
0.567366
0.588692
0.597075
0.597476
0.598096
0.600133
0.603977
0.608653
0.613557
0.619683
0.631722
0.648504
0.658311
0.660338
0.634334
0.586313
0.566011
0.570235
0.580529
0.590173
0.595967
0.596197
0.596348
0.601045
0.613049
0.632839
0.651241
0.664356
0.674349
0.688157
0.701926
0.711039
0.717794
0.690417
0.636999
0.601287
0.586912
0.587175
0.599288
0.61364
0.62233
0.623723
0.621408
0.622571
0.632172
0.647539
0.657933
0.659972
0.655906
0.64993
0.643994
0.63855
0.621432
0.594971
0.580374
0.577794
0.582336
0.596094
0.614061
0.628151
0.636216
0.640363
0.641951
0.64155
0.641687
0.646141
0.575038
0.576243
0.578503
0.583043
0.592542
0.607459
0.617546
0.619762
0.591035
0.531457
0.505382
0.502397
0.512338
0.532885
0.556593
0.579096
0.59336
0.598116
0.599599
0.601568
0.604574
0.608573
0.613583
0.621599
0.637372
0.657865
0.670311
0.66981
0.639739
0.588406
0.563091
0.564048
0.574902
0.587323
0.596318
0.598716
0.601321
0.607826
0.617585
0.629757
0.640118
0.647138
0.654514
0.667254
0.683487
0.69741
0.707344
0.687757
0.636558
0.598385
0.582777
0.582526
0.594265
0.611466
0.621625
0.623556
0.620616
0.617711
0.61988
0.629629
0.642923
0.650393
0.650695
0.645588
0.637505
0.629688
0.614916
0.592681
0.582037
0.582591
0.591361
0.605484
0.619517
0.630493
0.636083
0.63759
0.636877
0.636587
0.63716
0.640764
0.575458
0.577143
0.581005
0.588242
0.600164
0.614253
0.621683
0.617411
0.587865
0.529346
0.506337
0.507337
0.514327
0.52928
0.547203
0.566665
0.585307
0.597421
0.600485
0.602525
0.604681
0.607732
0.613442
0.624184
0.643608
0.665964
0.677888
0.6733
0.64288
0.589391
0.559416
0.556224
0.567138
0.582338
0.595418
0.604008
0.609853
0.612924
0.616366
0.621467
0.627845
0.633667
0.641059
0.651989
0.662476
0.67281
0.682331
0.67197
0.630418
0.593542
0.581937
0.581666
0.590551
0.604045
0.615695
0.620278
0.619772
0.616187
0.614025
0.615871
0.62402
0.63651
0.643906
0.643021
0.635194
0.623527
0.61033
0.591828
0.586613
0.592734
0.602726
0.612923
0.62302
0.629974
0.632451
0.632255
0.632041
0.632179
0.632932
0.636377
0.578323
0.580529
0.586539
0.59657
0.610349
0.623338
0.628059
0.618033
0.587708
0.529479
0.509636
0.512594
0.517092
0.527284
0.540459
0.555994
0.575415
0.592284
0.59989
0.601803
0.603407
0.606402
0.614239
0.628266
0.649779
0.671649
0.681254
0.673177
0.643753
0.589116
0.555673
0.55014
0.559083
0.578837
0.59785
0.610887
0.614584
0.611649
0.609426
0.610171
0.613055
0.620856
0.632669
0.645104
0.654392
0.658549
0.655141
0.647287
0.618305
0.589022
0.58194
0.583928
0.590001
0.598559
0.607445
0.615027
0.618015
0.615871
0.611403
0.609154
0.612586
0.62298
0.635643
0.640744
0.634801
0.622485
0.610922
0.595663
0.597377
0.603392
0.610366
0.61643
0.622685
0.627789
0.629042
0.629324
0.629388
0.629591
0.630449
0.633666
0.584926
0.586875
0.593925
0.606196
0.62122
0.633204
0.634663
0.623074
0.591349
0.532464
0.512832
0.515642
0.518939
0.526817
0.537213
0.549556
0.565263
0.583264
0.595864
0.599571
0.601239
0.605839
0.616533
0.6334
0.654694
0.674203
0.68104
0.668836
0.641238
0.587951
0.553041
0.545824
0.554994
0.575209
0.597767
0.612002
0.613633
0.607643
0.600994
0.597107
0.600689
0.612146
0.630048
0.644681
0.652493
0.65214
0.641063
0.627979
0.603295
0.583544
0.581191
0.587006
0.591101
0.597644
0.604112
0.61089
0.615893
0.615179
0.609691
0.605287
0.606617
0.613864
0.627004
0.636831
0.636614
0.628609
0.620252
0.608559
0.604888
0.607411
0.611322
0.615857
0.62075
0.625488
0.628191
0.628875
0.628973
0.629204
0.630501
0.633637
0.595198
0.596147
0.602716
0.61575
0.63145
0.642436
0.642654
0.632548
0.598782
0.53655
0.514552
0.516506
0.51978
0.52752
0.536814
0.546777
0.55866
0.573385
0.587436
0.595236
0.599944
0.607402
0.620551
0.639254
0.658314
0.67382
0.676182
0.661689
0.636593
0.586438
0.550582
0.545378
0.554454
0.573848
0.593757
0.606875
0.609434
0.602249
0.591872
0.588432
0.592998
0.6062
0.627114
0.645598
0.652964
0.648194
0.634094
0.61992
0.595759
0.57768
0.579828
0.588739
0.594559
0.599226
0.604149
0.608719
0.61236
0.613303
0.609669
0.605256
0.603451
0.609051
0.619372
0.632402
0.639106
0.642143
0.635606
0.618291
0.606534
0.605861
0.606802
0.610578
0.61819
0.625341
0.629177
0.630233
0.630501
0.630932
0.632296
0.635462
0.608383
0.60709
0.613012
0.625223
0.640201
0.65083
0.651921
0.643563
0.606498
0.539614
0.516515
0.515741
0.519895
0.528642
0.537841
0.546342
0.555468
0.566207
0.578357
0.589174
0.598034
0.60943
0.62516
0.64496
0.661
0.670275
0.669027
0.654992
0.632382
0.58444
0.551154
0.548375
0.556796
0.571872
0.587778
0.598784
0.601802
0.594994
0.587609
0.585373
0.589923
0.603644
0.624591
0.643498
0.651924
0.646751
0.633213
0.619035
0.595962
0.575913
0.57786
0.588367
0.596768
0.602685
0.606208
0.607997
0.609234
0.610632
0.610818
0.607882
0.605252
0.607316
0.616299
0.630152
0.647957
0.657307
0.647374
0.625564
0.607167
0.600702
0.599459
0.605005
0.613819
0.622894
0.628883
0.631523
0.632574
0.633012
0.634179
0.637286
0.622916
0.619447
0.623828
0.634358
0.647963
0.659149
0.660861
0.652929
0.613103
0.542264
0.517069
0.514983
0.520258
0.530139
0.539518
0.546932
0.553998
0.562253
0.572255
0.584038
0.596969
0.611985
0.628514
0.646759
0.659385
0.664539
0.663561
0.650279
0.628957
0.583599
0.554353
0.553348
0.558095
0.567757
0.580008
0.587783
0.590779
0.590107
0.58802
0.588169
0.592549
0.604746
0.621724
0.6367
0.647012
0.646018
0.635217
0.622778
0.599914
0.577181
0.575404
0.585007
0.595506
0.604239
0.608433
0.608145
0.607548
0.608787
0.611828
0.612345
0.610092
0.61067
0.619432
0.634646
0.653933
0.66405
0.65356
0.627608
0.604534
0.595198
0.593886
0.600488
0.611171
0.621816
0.629015
0.632277
0.633424
0.633789
0.634783
0.637745
0.634408
0.632888
0.635437
0.643268
0.655108
0.666856
0.668325
0.659292
0.617646
0.543666
0.517088
0.514871
0.521075
0.531643
0.540939
0.547539
0.553229
0.560217
0.569803
0.582288
0.596914
0.613187
0.629817
0.643769
0.654917
0.660989
0.660153
0.649593
0.629522
0.584436
0.558103
0.55561
0.557304
0.563181
0.56952
0.575585
0.581813
0.588611
0.592533
0.595136
0.599152
0.607149
0.617593
0.627101
0.639296
0.644751
0.639929
0.630084
0.60654
0.579606
0.575195
0.580548
0.590638
0.601617
0.60811
0.608884
0.607883
0.608751
0.6125
0.616855
0.617483
0.619278
0.627489
0.640917
0.652869
0.660182
0.651864
0.625902
0.601433
0.593029
0.592442
0.598638
0.609126
0.619505
0.626838
0.63048
0.631856
0.632354
0.63354
0.636415
0.637307
0.644667
0.648068
0.652154
0.660463
0.67196
0.673373
0.662818
0.62053
0.544908
0.517075
0.515234
0.522215
0.533138
0.542005
0.547933
0.552693
0.559162
0.569811
0.583961
0.599931
0.614933
0.62751
0.637492
0.646405
0.654506
0.655752
0.653376
0.634587
0.588938
0.559392
0.555968
0.553487
0.556228
0.560902
0.566402
0.574234
0.585693
0.597493
0.603771
0.60668
0.608964
0.61177
0.617781
0.630185
0.641014
0.646981
0.638899
0.613525
0.582843
0.575382
0.576539
0.583959
0.595178
0.604486
0.608503
0.608963
0.609664
0.613702
0.619483
0.625265
0.630889
0.637831
0.648032
0.652405
0.652458
0.64274
0.620595
0.600255
0.594507
0.594694
0.600511
0.609045
0.617065
0.622879
0.626399
0.628224
0.629481
0.631334
0.634277
0.634653
0.651649
0.659569
0.659451
0.663996
0.673878
0.676258
0.664744
0.622167
0.545528
0.51687
0.515782
0.523463
0.534712
0.543157
0.548398
0.552318
0.558736
0.570778
0.58695
0.604888
0.617823
0.624558
0.629398
0.637188
0.649281
0.656006
0.660664
0.640414
0.592867
0.560989
0.552359
0.549265
0.551584
0.555874
0.561347
0.570795
0.584033
0.599795
0.612004
0.613985
0.61059
0.607528
0.610935
0.623634
0.637323
0.650582
0.646822
0.619662
0.586836
0.575848
0.572845
0.578658
0.588579
0.599166
0.606046
0.609883
0.613265
0.617119
0.623392
0.632291
0.640653
0.646648
0.651361
0.649192
0.641044
0.631786
0.614532
0.598358
0.596889
0.600095
0.604177
0.610271
0.616273
0.62006
0.622398
0.624281
0.626068
0.628369
0.631328
0.626496
0.651401
0.665246
0.664188
0.667339
0.67565
0.678513
0.666126
0.623206
0.545879
0.516603
0.516261
0.524474
0.535916
0.544137
0.548907
0.552529
0.558822
0.571244
0.589584
0.608678
0.620928
0.623966
0.623801
0.628605
0.642128
0.656186
0.66512
0.644686
0.596829
0.562727
0.550939
0.54707
0.548756
0.552332
0.558028
0.567648
0.581867
0.601013
0.61596
0.620033
0.612621
0.60589
0.606583
0.618517
0.634046
0.65129
0.651016
0.624799
0.590477
0.576577
0.571097
0.575904
0.584319
0.593358
0.602426
0.610975
0.616157
0.620071
0.626299
0.636612
0.647633
0.654164
0.6551
0.646757
0.634653
0.624209
0.608078
0.596716
0.599275
0.605048
0.607935
0.611552
0.614954
0.617632
0.619518
0.621265
0.623225
0.625581
0.628354
)
;

boundaryField
{
    inlet
    {
        type            calculated;
        value           uniform 0.140001;
    }
    outlet
    {
        type            calculated;
        value           nonuniform List<scalar> 
40
(
0.615075
0.620205
0.625047
0.630071
0.633767
0.636233
0.640408
0.64835
0.658413
0.664433
0.669802
0.672359
0.670157
0.66451
0.660123
0.657787
0.656709
0.65719
0.653734
0.641268
0.629372
0.62591
0.627247
0.633756
0.642207
0.649977
0.653367
0.652019
0.646141
0.640764
0.636377
0.633666
0.633637
0.635462
0.637286
0.637745
0.636415
0.634277
0.631328
0.628354
)
;
    }
    bottom
    {
        type            symmetryPlane;
    }
    top
    {
        type            symmetryPlane;
    }
    obstacle
    {
        type            calculated;
        value           nonuniform List<scalar> 
80
(
0.598181
0.597668
0.600908
0.609199
0.623552
0.643267
0.667024
0.676554
0.667203
0.623267
0.536703
0.501494
0.497371
0.501375
0.510841
0.521577
0.533007
0.547091
0.56304
0.577878
0.590612
0.601322
0.608954
0.61549
0.624019
0.637919
0.655513
0.665647
0.664478
0.640953
0.577405
0.539407
0.537398
0.543353
0.555474
0.567832
0.576218
0.582288
0.589147
0.601693
0.623918
0.650588
0.676934
0.697682
0.713783
0.726755
0.730552
0.728781
0.698725
0.644439
0.620104
0.617287
0.61845
0.625283
0.633407
0.637456
0.640315
0.645059
0.650358
0.653036
0.650356
0.644907
0.641476
0.639924
0.643221
0.64322
0.644348
0.620444
0.596156
0.588816
0.586616
0.585596
0.589477
0.594179
0.597576
0.599542
0.600943
0.602507
0.602393
0.615075
)
;
    }
    defaultFaces
    {
        type            empty;
    }
}


// ************************************************************************* //
