/*--------------------------------*- C++ -*----------------------------------*\
| =========                 |                                                 |
| \\      /  F ield         | OpenFOAM: The Open Source CFD Toolbox           |
|  \\    /   O peration     | Version:  v1912                                 |
|   \\  /    A nd           | Website:  www.openfoam.com                      |
|    \\/     M anipulation  |                                                 |
\*---------------------------------------------------------------------------*/
FoamFile
{
    version     2.0;
    format      ascii;
    class       volScalarField;
    location    "0.2";
    object      rho;
}
// * * * * * * * * * * * * * * * * * * * * * * * * * * * * * * * * * * * * * //

dimensions      [1 -3 0 0 0 0 0];


internalField   nonuniform List<scalar> 
4800
(
0.140001
0.140001
0.140001
0.140001
0.140001
0.140001
0.140001
0.140001
0.140001
0.140001
0.140001
0.238826
0.324317
0.333689
0.333569
0.332588
0.331089
0.331318
0.333014
0.335395
0.338535
0.342505
0.345987
0.348217
0.349337
0.349361
0.348744
0.348709
0.349722
0.351457
0.354221
0.357674
0.362071
0.366856
0.371163
0.374642
0.377096
0.378819
0.379728
0.37851
0.140001
0.140001
0.140001
0.140001
0.140001
0.140001
0.140001
0.140001
0.140001
0.140001
0.140001
0.238566
0.324271
0.333781
0.333603
0.33255
0.331035
0.331352
0.333112
0.335562
0.33875
0.342694
0.346028
0.348156
0.349124
0.349061
0.34851
0.348575
0.349732
0.351685
0.354624
0.358208
0.362444
0.366838
0.37083
0.37408
0.376475
0.377951
0.379295
0.378945
0.140001
0.140001
0.140001
0.140001
0.140001
0.140001
0.140001
0.140001
0.140001
0.140001
0.140001
0.238041
0.324246
0.333862
0.333597
0.332489
0.330996
0.331389
0.333213
0.335796
0.33908
0.343027
0.346194
0.348079
0.348817
0.348563
0.348095
0.348386
0.349829
0.3522
0.355345
0.35901
0.362833
0.366586
0.370089
0.373041
0.375404
0.376933
0.378505
0.378377
0.140001
0.140001
0.140001
0.140001
0.140001
0.140001
0.140001
0.140001
0.140001
0.140001
0.140001
0.237292
0.324181
0.333882
0.333536
0.332408
0.331008
0.331491
0.333385
0.336053
0.339435
0.343352
0.346333
0.347999
0.348467
0.347964
0.347498
0.348104
0.349984
0.352888
0.356349
0.359984
0.363299
0.366274
0.369132
0.371707
0.374077
0.375783
0.377393
0.377637
0.140001
0.140001
0.140001
0.140001
0.140001
0.140001
0.140001
0.140001
0.140001
0.140001
0.140001
0.23635
0.324067
0.333718
0.333346
0.332315
0.33112
0.331716
0.333639
0.336322
0.339757
0.343543
0.346304
0.347815
0.348103
0.347408
0.346875
0.347852
0.350274
0.353728
0.357514
0.360963
0.363777
0.366029
0.36812
0.370195
0.372489
0.374492
0.376277
0.376929
0.140001
0.140001
0.140001
0.140001
0.140001
0.140001
0.140001
0.140001
0.140001
0.140001
0.140001
0.23523
0.32391
0.333279
0.332949
0.332176
0.331369
0.332149
0.334069
0.336697
0.34008
0.343593
0.346022
0.347395
0.347644
0.346952
0.346447
0.347735
0.350732
0.354659
0.358635
0.361806
0.364158
0.365803
0.36716
0.368672
0.370751
0.373081
0.375189
0.376267
0.140001
0.140001
0.140001
0.140001
0.140001
0.140001
0.140001
0.140001
0.140001
0.140001
0.140001
0.233885
0.32373
0.33264
0.332353
0.331952
0.331673
0.332786
0.334711
0.337201
0.340411
0.343521
0.345486
0.346688
0.347035
0.346585
0.346331
0.347905
0.351399
0.355615
0.359545
0.362445
0.364381
0.365567
0.366289
0.367216
0.368976
0.371544
0.37404
0.375595
0.140001
0.140001
0.140001
0.140001
0.140001
0.140001
0.140001
0.140001
0.140001
0.140001
0.140001
0.232253
0.323548
0.332001
0.33165
0.331579
0.331957
0.333534
0.335462
0.33779
0.340676
0.343222
0.344736
0.345801
0.346301
0.346278
0.346454
0.348353
0.352173
0.35646
0.360192
0.362819
0.364444
0.365274
0.365482
0.365912
0.36735
0.369979
0.372803
0.37484
0.140001
0.140001
0.140001
0.140001
0.140001
0.140001
0.140001
0.140001
0.140001
0.140001
0.140001
0.230352
0.323306
0.331366
0.33087
0.331184
0.33238
0.334229
0.336155
0.338404
0.340844
0.342777
0.34404
0.345021
0.345715
0.346133
0.346731
0.349025
0.352938
0.357083
0.360515
0.362907
0.364254
0.364841
0.364762
0.364852
0.365989
0.368505
0.37155
0.374065
0.140001
0.140001
0.140001
0.140001
0.140001
0.140001
0.140001
0.140001
0.140001
0.140001
0.140001
0.228212
0.322931
0.330721
0.330247
0.330931
0.332784
0.334785
0.336758
0.33897
0.340894
0.342256
0.343405
0.344456
0.34541
0.346317
0.347394
0.349802
0.353559
0.357431
0.360548
0.362699
0.363884
0.36432
0.364132
0.364055
0.364967
0.367235
0.370387
0.373371
0.140001
0.140001
0.140001
0.140001
0.140001
0.140001
0.140001
0.140001
0.140001
0.140001
0.140001
0.225817
0.322378
0.330178
0.32983
0.33087
0.333012
0.335142
0.337235
0.339328
0.340745
0.341757
0.34291
0.344158
0.345444
0.34677
0.34825
0.350672
0.35403
0.357515
0.360343
0.362329
0.363462
0.363846
0.363681
0.363558
0.364261
0.366214
0.369367
0.372888
0.140001
0.140001
0.140001
0.140001
0.140001
0.140001
0.140001
0.140001
0.140001
0.140001
0.140001
0.223173
0.32168
0.329747
0.329555
0.330863
0.333093
0.335308
0.337473
0.339384
0.340431
0.341352
0.342598
0.344091
0.345772
0.347441
0.349095
0.351286
0.354221
0.357342
0.35995
0.361836
0.362985
0.363461
0.36342
0.363286
0.363801
0.365495
0.368578
0.372769
0.140001
0.140001
0.140001
0.140001
0.140001
0.140001
0.140001
0.140001
0.140001
0.140001
0.140001
0.22033
0.320885
0.329356
0.329429
0.330946
0.333103
0.335307
0.337378
0.339107
0.340078
0.341094
0.342537
0.344327
0.346321
0.348177
0.349873
0.351769
0.354154
0.35685
0.359368
0.36127
0.362477
0.363123
0.363238
0.363121
0.363565
0.365095
0.368135
0.373069
0.140001
0.140001
0.140001
0.140001
0.140001
0.140001
0.140001
0.140001
0.140001
0.140001
0.140001
0.217345
0.319993
0.329002
0.329477
0.331099
0.333061
0.335122
0.33701
0.338608
0.339754
0.341042
0.342788
0.344871
0.346993
0.348853
0.350513
0.352143
0.354057
0.356271
0.35864
0.36063
0.361943
0.362699
0.362944
0.36298
0.363549
0.365055
0.368221
0.373966
0.140001
0.140001
0.140001
0.140001
0.140001
0.140001
0.140001
0.140001
0.140001
0.140001
0.140001
0.214311
0.319002
0.328857
0.329627
0.331201
0.33296
0.33475
0.336424
0.338057
0.339508
0.341218
0.343354
0.345612
0.347728
0.349435
0.350975
0.352426
0.353953
0.355828
0.357897
0.359831
0.36126
0.362115
0.362554
0.362935
0.363709
0.365641
0.369837
0.375645
0.140001
0.140001
0.140001
0.140001
0.140001
0.140001
0.140001
0.140001
0.140001
0.140001
0.140001
0.211276
0.317953
0.328946
0.329823
0.331186
0.332686
0.334288
0.335785
0.337501
0.339367
0.341511
0.343922
0.346344
0.348411
0.349937
0.351391
0.352602
0.353759
0.355301
0.357146
0.35889
0.360287
0.361265
0.36207
0.362918
0.364457
0.367776
0.372127
0.376805
0.140001
0.140001
0.140001
0.140001
0.140001
0.140001
0.140001
0.140001
0.140001
0.140001
0.140001
0.208323
0.316736
0.32961
0.330096
0.331065
0.332215
0.333707
0.335124
0.337114
0.339259
0.341669
0.344436
0.347006
0.349037
0.350577
0.351782
0.352659
0.35341
0.35458
0.356186
0.357791
0.359087
0.360325
0.36166
0.363413
0.366595
0.370495
0.37409
0.377395
0.140001
0.140001
0.140001
0.140001
0.140001
0.140001
0.140001
0.140001
0.140001
0.140001
0.140001
0.205531
0.315394
0.330722
0.330453
0.330769
0.331562
0.332975
0.334562
0.336768
0.339036
0.341857
0.344894
0.347613
0.349721
0.351162
0.352072
0.352605
0.352954
0.353658
0.354939
0.356527
0.357832
0.359474
0.361683
0.365057
0.369363
0.372978
0.375472
0.377642
0.140001
0.140001
0.140001
0.140001
0.140001
0.140001
0.140001
0.140001
0.140001
0.140001
0.140001
0.202982
0.31402
0.331417
0.33081
0.330556
0.330893
0.332262
0.334092
0.336387
0.338984
0.342097
0.345317
0.348115
0.350247
0.351579
0.352198
0.352439
0.352484
0.35268
0.353566
0.355099
0.356742
0.359123
0.362616
0.36744
0.371932
0.374812
0.37646
0.377714
0.140001
0.140001
0.140001
0.140001
0.140001
0.140001
0.140001
0.140001
0.140001
0.140001
0.140001
0.200709
0.312975
0.331137
0.330793
0.33048
0.330469
0.331742
0.333721
0.33618
0.339114
0.342388
0.345625
0.348388
0.350461
0.351745
0.352191
0.352202
0.351965
0.351715
0.352251
0.353838
0.356272
0.359606
0.364626
0.369977
0.373932
0.376146
0.377153
0.377757
0.140001
0.140001
0.140001
0.140001
0.140001
0.140001
0.140001
0.140001
0.140001
0.140001
0.140001
0.198751
0.311889
0.330212
0.330477
0.330468
0.330213
0.331272
0.333431
0.336207
0.339436
0.342748
0.34581
0.348409
0.350394
0.351685
0.352131
0.351986
0.351397
0.35075
0.351243
0.35319
0.356551
0.361256
0.367055
0.372029
0.375303
0.377031
0.377666
0.377827
0.140001
0.140001
0.140001
0.140001
0.140001
0.140001
0.140001
0.140001
0.140001
0.140001
0.140001
0.197294
0.310397
0.328953
0.329949
0.330308
0.329833
0.330879
0.333343
0.336459
0.339875
0.343093
0.345854
0.348195
0.350105
0.351461
0.351983
0.351755
0.35091
0.350066
0.350792
0.353301
0.357695
0.363484
0.369133
0.373394
0.376089
0.377577
0.378016
0.377878
0.140001
0.140001
0.140001
0.140001
0.140001
0.140001
0.140001
0.140001
0.140001
0.140001
0.140001
0.196569
0.308465
0.327044
0.328899
0.329772
0.329396
0.330716
0.333506
0.336906
0.340361
0.343342
0.345733
0.347854
0.349808
0.351171
0.351714
0.351466
0.350648
0.349923
0.35095
0.354269
0.359643
0.365501
0.370474
0.37402
0.376445
0.377829
0.378258
0.378052
0.140001
0.140001
0.140001
0.140001
0.140001
0.140001
0.140001
0.140001
0.140001
0.140001
0.140001
0.196648
0.306306
0.324522
0.327272
0.328965
0.329131
0.330871
0.333955
0.33749
0.340787
0.343456
0.345549
0.347591
0.349569
0.350831
0.351285
0.351112
0.350617
0.350262
0.351963
0.356209
0.361691
0.366935
0.371011
0.374193
0.376529
0.377936
0.378475
0.378366
0.140001
0.140001
0.140001
0.140001
0.140001
0.140001
0.140001
0.140001
0.140001
0.140001
0.140001
0.197615
0.30469
0.321658
0.325239
0.327988
0.329179
0.331377
0.334567
0.337995
0.341001
0.343384
0.345386
0.347483
0.349282
0.350392
0.350726
0.350756
0.350743
0.351269
0.354149
0.358464
0.363357
0.367659
0.371105
0.374033
0.376444
0.377963
0.378684
0.378819
0.140001
0.140001
0.140001
0.140001
0.140001
0.140001
0.140001
0.140001
0.140001
0.140001
0.140001
0.199082
0.303406
0.318764
0.322901
0.326955
0.329377
0.332062
0.335169
0.338242
0.3409
0.343241
0.345373
0.34742
0.348972
0.34987
0.350159
0.350578
0.351155
0.353321
0.356895
0.360494
0.364527
0.367931
0.370909
0.373663
0.376213
0.377981
0.378945
0.379304
0.140001
0.140001
0.140001
0.140001
0.140001
0.140001
0.140001
0.140001
0.140001
0.140001
0.140001
0.200726
0.302567
0.31629
0.320544
0.325781
0.329499
0.332658
0.335561
0.338247
0.340726
0.343115
0.345408
0.34732
0.348565
0.349267
0.349732
0.350597
0.352533
0.355973
0.359439
0.362045
0.365285
0.367971
0.370603
0.373223
0.375871
0.377882
0.379084
0.37969
0.140001
0.140001
0.140001
0.140001
0.140001
0.140001
0.140001
0.140001
0.140001
0.140001
0.140001
0.202251
0.302075
0.314652
0.318473
0.324224
0.329165
0.332905
0.335716
0.338223
0.340687
0.343039
0.345329
0.347027
0.348032
0.348649
0.349591
0.351228
0.354691
0.358628
0.361477
0.363226
0.36573
0.367906
0.37032
0.372841
0.375498
0.377665
0.379046
0.379866
0.140001
0.140001
0.140001
0.140001
0.140001
0.140001
0.140001
0.140001
0.140001
0.140001
0.140001
0.203378
0.301923
0.313972
0.316713
0.322209
0.328139
0.332706
0.335747
0.338459
0.340774
0.342983
0.345047
0.346471
0.347385
0.34825
0.349804
0.35292
0.357173
0.360844
0.363032
0.364098
0.366002
0.367833
0.370114
0.372536
0.37508
0.377337
0.378848
0.379861
0.140001
0.140001
0.140001
0.140001
0.140001
0.140001
0.140001
0.140001
0.140001
0.140001
0.140001
0.203938
0.302184
0.313847
0.31556
0.320167
0.326407
0.331991
0.335721
0.338679
0.340859
0.342815
0.344562
0.345756
0.346737
0.348177
0.350826
0.355136
0.359489
0.362542
0.364212
0.364778
0.366217
0.367813
0.369948
0.372291
0.374653
0.376863
0.378502
0.379718
0.140001
0.140001
0.140001
0.140001
0.140001
0.140001
0.140001
0.140001
0.140001
0.140001
0.140001
0.204053
0.302553
0.314091
0.315231
0.318614
0.324331
0.330744
0.335411
0.338734
0.340857
0.342499
0.343934
0.344997
0.346393
0.348696
0.35273
0.357428
0.361326
0.363794
0.365141
0.365377
0.366414
0.367853
0.369797
0.372039
0.374249
0.376256
0.378012
0.379452
0.140001
0.140001
0.140001
0.140001
0.140001
0.140001
0.140001
0.140001
0.140001
0.140001
0.140001
0.203862
0.30294
0.314556
0.315416
0.317839
0.322355
0.32887
0.334528
0.338436
0.340634
0.342005
0.34325
0.344404
0.346496
0.350057
0.354966
0.359389
0.362616
0.36471
0.365867
0.365999
0.366661
0.367948
0.369661
0.37176
0.373829
0.375671
0.377439
0.379119
0.140001
0.140001
0.140001
0.140001
0.140001
0.140001
0.140001
0.140001
0.140001
0.140001
0.140001
0.203423
0.303351
0.315278
0.315967
0.317629
0.320699
0.326607
0.332977
0.33768
0.340104
0.341392
0.342604
0.344236
0.347271
0.352108
0.357115
0.360851
0.363447
0.36534
0.366405
0.36662
0.366954
0.368055
0.369492
0.371437
0.373398
0.375161
0.376957
0.378796
0.140001
0.140001
0.140001
0.140001
0.140001
0.140001
0.140001
0.140001
0.140001
0.140001
0.140001
0.202822
0.303728
0.316233
0.316819
0.317819
0.319599
0.324286
0.330724
0.336283
0.339227
0.34077
0.342183
0.344601
0.349008
0.35445
0.358896
0.361875
0.363996
0.365768
0.366809
0.367131
0.367257
0.368119
0.36931
0.371091
0.372992
0.374737
0.376566
0.378508
0.140001
0.140001
0.140001
0.140001
0.140001
0.140001
0.140001
0.140001
0.140001
0.140001
0.140001
0.202132
0.304009
0.317286
0.317778
0.318223
0.319166
0.322239
0.328015
0.334185
0.337932
0.340144
0.342208
0.345853
0.351357
0.35661
0.360208
0.362539
0.364369
0.366072
0.367119
0.367467
0.367459
0.368108
0.369137
0.370795
0.372672
0.374415
0.376266
0.378261
0.140001
0.140001
0.140001
0.140001
0.140001
0.140001
0.140001
0.140001
0.140001
0.140001
0.140001
0.201449
0.304224
0.318338
0.318721
0.318754
0.319026
0.320839
0.325331
0.331416
0.336125
0.339393
0.342797
0.347982
0.353851
0.358345
0.36112
0.362988
0.364681
0.366285
0.367313
0.367632
0.36754
0.368058
0.369016
0.370613
0.372473
0.374195
0.376028
0.378034
0.140001
0.140001
0.140001
0.140001
0.140001
0.140001
0.140001
0.140001
0.140001
0.140001
0.140001
0.200824
0.304348
0.319244
0.319572
0.319363
0.319096
0.320108
0.323093
0.328248
0.333801
0.338619
0.34411
0.350521
0.35613
0.359599
0.361629
0.363232
0.364894
0.366412
0.367377
0.367652
0.367515
0.367998
0.368975
0.370566
0.372386
0.374064
0.375841
0.377809
0.140001
0.140001
0.140001
0.140001
0.140001
0.140001
0.140001
0.140001
0.140001
0.140001
0.140001
0.200289
0.304431
0.319975
0.32029
0.31988
0.319248
0.319762
0.321572
0.325347
0.331156
0.337927
0.345677
0.35292
0.357996
0.360582
0.362028
0.363448
0.36505
0.366477
0.367347
0.367556
0.367414
0.367964
0.368991
0.370589
0.37234
0.37395
0.375658
0.37758
0.140001
0.140001
0.140001
0.140001
0.140001
0.140001
0.140001
0.140001
0.140001
0.140001
0.140001
0.199892
0.304461
0.32052
0.320811
0.320269
0.31938
0.319564
0.320612
0.323271
0.328644
0.337278
0.347075
0.354814
0.359209
0.361117
0.362258
0.363594
0.365125
0.366477
0.367265
0.367419
0.367288
0.367932
0.36905
0.370676
0.372352
0.373881
0.375508
0.377386
0.140001
0.140001
0.140001
0.140001
0.140001
0.140001
0.140001
0.140001
0.140001
0.140001
0.140001
0.199677
0.304401
0.320821
0.32112
0.320517
0.319454
0.319498
0.320202
0.322376
0.327028
0.33655
0.347629
0.355864
0.360023
0.361692
0.362669
0.363859
0.36522
0.366459
0.367201
0.367325
0.367208
0.367931
0.369095
0.370722
0.37231
0.373794
0.375404
0.377286
0.385986
0.383581
0.383646
0.383884
0.384082
0.384192
0.384442
0.384877
0.386036
0.389043
0.394206
0.399952
0.404401
0.407299
0.408953
0.409767
0.410078
0.410213
0.410451
0.410978
0.411961
0.41343
0.415064
0.416761
0.418068
0.41889
0.419554
0.420006
0.422127
0.429344
0.439778
0.447462
0.451352
0.453069
0.45341
0.451809
0.44907
0.446169
0.444089
0.443017
0.442894
0.443501
0.444466
0.445512
0.446419
0.447123
0.447348
0.446925
0.446032
0.444665
0.443206
0.442461
0.443083
0.445191
0.452185
0.462253
0.469888
0.473433
0.475578
0.476554
0.478125
0.480614
0.483213
0.484922
0.486223
0.487127
0.48784
0.488567
0.488914
0.488902
0.488547
0.488682
0.489287
0.490859
0.493335
0.49676
0.5004
0.502393
0.502878
0.502313
0.380983
0.379766
0.381163
0.38203
0.382769
0.383338
0.384032
0.385026
0.387083
0.390988
0.396004
0.401334
0.405164
0.407465
0.40874
0.409541
0.409944
0.410238
0.410626
0.411263
0.412318
0.413815
0.415482
0.417105
0.41825
0.418939
0.419666
0.420471
0.423811
0.432359
0.442785
0.449261
0.451926
0.452868
0.452718
0.450817
0.448301
0.445843
0.444156
0.44344
0.443426
0.443993
0.444737
0.445513
0.446225
0.4468
0.446981
0.446618
0.445704
0.444417
0.443276
0.442914
0.444056
0.447516
0.455088
0.464291
0.471051
0.474116
0.476126
0.477068
0.478721
0.481016
0.48346
0.485181
0.486377
0.487225
0.487849
0.488306
0.488547
0.488619
0.488477
0.488695
0.48919
0.490546
0.492926
0.496324
0.500116
0.502412
0.503315
0.503118
0.379649
0.379775
0.380947
0.381654
0.382628
0.38366
0.384871
0.386665
0.389473
0.393087
0.396914
0.401222
0.404751
0.406943
0.408314
0.409311
0.409934
0.410379
0.410859
0.411558
0.412633
0.414083
0.415706
0.417175
0.418174
0.418866
0.419852
0.421387
0.426313
0.435319
0.444369
0.449601
0.451697
0.452174
0.45182
0.450129
0.448154
0.446282
0.444938
0.444255
0.444107
0.444424
0.444915
0.445561
0.446234
0.446644
0.446688
0.446275
0.445434
0.444375
0.443726
0.443862
0.445885
0.450777
0.457473
0.464462
0.470541
0.473846
0.476056
0.477564
0.479536
0.481835
0.483973
0.485505
0.486558
0.487323
0.487871
0.488298
0.488545
0.488736
0.488748
0.488979
0.489156
0.489811
0.491849
0.495488
0.499654
0.502428
0.504064
0.504432
0.378345
0.378728
0.379812
0.380704
0.382153
0.383845
0.38597
0.388801
0.391965
0.394683
0.397092
0.400347
0.40362
0.406087
0.407835
0.409083
0.409892
0.410472
0.411056
0.41184
0.412946
0.414384
0.415886
0.417127
0.417992
0.418803
0.420236
0.423033
0.429397
0.438106
0.445782
0.450054
0.451273
0.451284
0.450777
0.44947
0.448044
0.446768
0.445814
0.445236
0.444913
0.444847
0.44503
0.445441
0.44591
0.446238
0.446274
0.4459
0.445256
0.444598
0.444577
0.445452
0.448949
0.454281
0.459199
0.464124
0.469497
0.473358
0.476104
0.478357
0.480669
0.482948
0.484835
0.486273
0.487267
0.487959
0.488369
0.488574
0.488678
0.488714
0.488668
0.488668
0.488303
0.48846
0.49052
0.494569
0.498955
0.502384
0.504877
0.505972
0.37744
0.377663
0.37861
0.379798
0.381974
0.384593
0.387942
0.391401
0.394055
0.395879
0.397135
0.399257
0.402215
0.405055
0.407203
0.408796
0.409862
0.4106
0.411324
0.412235
0.413415
0.414804
0.416102
0.417093
0.41789
0.418923
0.421019
0.425411
0.432476
0.440142
0.446479
0.450041
0.450683
0.450435
0.449828
0.448984
0.447995
0.447283
0.44669
0.446126
0.445583
0.445172
0.445114
0.445316
0.445605
0.445861
0.445939
0.445638
0.445235
0.445087
0.44576
0.448073
0.452692
0.457201
0.460245
0.463433
0.468037
0.472564
0.47608
0.479136
0.481759
0.484143
0.486086
0.487612
0.488713
0.489387
0.489566
0.489305
0.488829
0.488297
0.488085
0.487806
0.486982
0.48701
0.489136
0.493609
0.498696
0.502834
0.505866
0.507226
0.376705
0.376607
0.377599
0.379294
0.382443
0.386277
0.390457
0.393603
0.395331
0.396224
0.39686
0.398065
0.400662
0.403842
0.40651
0.408484
0.409815
0.410754
0.411655
0.412641
0.413816
0.415078
0.41619
0.417034
0.417904
0.419281
0.422549
0.428212
0.434947
0.441182
0.446528
0.449654
0.450069
0.449648
0.449049
0.448728
0.448173
0.447786
0.447317
0.446697
0.44599
0.445383
0.445113
0.445068
0.445267
0.44553
0.445633
0.445513
0.445432
0.445898
0.447623
0.451653
0.456217
0.459153
0.460746
0.462793
0.466767
0.471798
0.476144
0.479891
0.48266
0.485022
0.487
0.488718
0.490077
0.490783
0.49083
0.490186
0.48893
0.487633
0.487053
0.486606
0.485995
0.486229
0.488325
0.492758
0.498078
0.50245
0.505495
0.506793
0.376194
0.376091
0.377291
0.379687
0.383698
0.388425
0.392516
0.394925
0.395869
0.396237
0.396508
0.397211
0.399292
0.402556
0.405766
0.408194
0.409804
0.410968
0.412023
0.412969
0.414053
0.415131
0.416109
0.41697
0.417997
0.420234
0.424927
0.430895
0.436499
0.441335
0.445892
0.448759
0.449458
0.449154
0.448682
0.448588
0.448377
0.44813
0.447681
0.446945
0.446126
0.445453
0.445059
0.44491
0.445021
0.445159
0.445273
0.445462
0.445939
0.447061
0.450543
0.455466
0.458918
0.460282
0.461156
0.462472
0.46587
0.471186
0.476334
0.480355
0.483284
0.485517
0.487445
0.489318
0.490917
0.491618
0.491607
0.490689
0.488976
0.487434
0.486632
0.486361
0.486197
0.486808
0.489041
0.493051
0.497495
0.500826
0.503289
0.504263
0.375869
0.376125
0.377508
0.380809
0.385554
0.390257
0.393719
0.395437
0.396087
0.396261
0.39629
0.396767
0.398276
0.401296
0.404924
0.407884
0.409805
0.411143
0.412228
0.413113
0.414019
0.414919
0.415823
0.416835
0.418412
0.422094
0.42781
0.432999
0.437131
0.440862
0.444808
0.44773
0.448957
0.448994
0.448709
0.448671
0.448521
0.448201
0.44763
0.446839
0.446045
0.445436
0.445048
0.444867
0.444787
0.444713
0.444897
0.445474
0.446617
0.44911
0.454118
0.458663
0.460706
0.461054
0.461353
0.462591
0.465592
0.470901
0.476583
0.480686
0.483626
0.485645
0.487452
0.489321
0.491
0.491751
0.491846
0.49096
0.489208
0.487604
0.48675
0.486766
0.487434
0.488859
0.49123
0.494166
0.497055
0.498997
0.500281
0.500722
0.375814
0.376713
0.378832
0.382751
0.387394
0.391445
0.394251
0.395657
0.396266
0.39637
0.396305
0.396571
0.397675
0.400169
0.403892
0.407376
0.4097
0.411215
0.412274
0.41306
0.413738
0.414496
0.415405
0.416721
0.419527
0.424768
0.430624
0.434528
0.43723
0.440025
0.443609
0.446724
0.448517
0.449042
0.448952
0.448864
0.448618
0.448019
0.447276
0.446517
0.445883
0.445429
0.445112
0.444791
0.444442
0.444238
0.444585
0.445614
0.447668
0.452034
0.457566
0.460866
0.461792
0.461652
0.461794
0.46307
0.465864
0.470895
0.476745
0.480971
0.483654
0.485425
0.486941
0.488728
0.490548
0.491433
0.491823
0.491183
0.489603
0.488038
0.487178
0.48752
0.488965
0.490991
0.49332
0.495631
0.497636
0.498776
0.499161
0.499063
0.376074
0.378034
0.381285
0.38489
0.388708
0.391992
0.394427
0.395877
0.396564
0.396682
0.396567
0.396657
0.397421
0.399244
0.402603
0.406441
0.409258
0.411018
0.412076
0.412739
0.413263
0.413931
0.415062
0.416989
0.421445
0.427717
0.432849
0.435667
0.437269
0.439387
0.442478
0.44575
0.448032
0.449069
0.449185
0.44896
0.448517
0.447663
0.446828
0.446165
0.4457
0.445396
0.445081
0.444539
0.443965
0.443776
0.444383
0.44613
0.449567
0.455296
0.460172
0.462192
0.462515
0.462296
0.462445
0.463775
0.466518
0.471035
0.476699
0.480992
0.483407
0.485014
0.486198
0.487857
0.489688
0.490692
0.491266
0.490996
0.489843
0.488574
0.487784
0.488195
0.489931
0.492367
0.494805
0.496515
0.497546
0.497873
0.497963
0.497894
0.376781
0.38034
0.383979
0.386661
0.389632
0.392317
0.39453
0.396159
0.396967
0.397092
0.396919
0.396902
0.397355
0.398565
0.401108
0.40495
0.408261
0.410361
0.411556
0.412199
0.412768
0.413515
0.414911
0.417977
0.423973
0.430453
0.434387
0.436455
0.437571
0.438987
0.441509
0.444764
0.447424
0.448893
0.449165
0.448808
0.448157
0.447206
0.446339
0.445788
0.445482
0.445251
0.44478
0.444034
0.443418
0.443426
0.444567
0.447309
0.452424
0.458268
0.46176
0.462974
0.46308
0.462936
0.463254
0.464674
0.467349
0.471199
0.47631
0.480499
0.482704
0.484285
0.485347
0.486801
0.488442
0.48947
0.490231
0.490475
0.489911
0.489115
0.488311
0.488509
0.490069
0.492475
0.49479
0.496302
0.497118
0.497447
0.497718
0.497852
0.377988
0.38289
0.38625
0.387996
0.390358
0.392549
0.394624
0.396342
0.397301
0.397519
0.397308
0.397185
0.397368
0.398061
0.399629
0.402958
0.406654
0.409289
0.410896
0.411733
0.412422
0.413402
0.415109
0.419712
0.426745
0.432702
0.435624
0.437012
0.437824
0.438743
0.440732
0.443721
0.446637
0.448408
0.448834
0.448385
0.447598
0.44669
0.445917
0.445517
0.445304
0.444971
0.444238
0.443406
0.442941
0.443354
0.445303
0.449563
0.455682
0.460512
0.462569
0.463337
0.463539
0.463604
0.464164
0.46576
0.468182
0.471231
0.475478
0.479233
0.481355
0.483026
0.484135
0.485657
0.487274
0.488265
0.489053
0.489644
0.489616
0.489312
0.488771
0.488626
0.489448
0.49127
0.4934
0.49506
0.496271
0.497056
0.497537
0.497943
0.379588
0.385
0.387839
0.388894
0.390912
0.392658
0.394627
0.396417
0.397561
0.39792
0.397691
0.397401
0.397357
0.397625
0.398492
0.400871
0.404697
0.408086
0.410309
0.411478
0.412299
0.4134
0.416066
0.42208
0.429326
0.434285
0.436715
0.437461
0.437905
0.438529
0.439987
0.442582
0.445686
0.447651
0.44822
0.447761
0.446942
0.446188
0.445589
0.445353
0.445173
0.444642
0.443758
0.442928
0.44276
0.443825
0.446883
0.452656
0.458609
0.461914
0.462957
0.46341
0.463728
0.464118
0.46508
0.466991
0.468921
0.470937
0.47424
0.47739
0.47944
0.481275
0.482672
0.48454
0.486235
0.487073
0.487705
0.488709
0.489592
0.489881
0.489292
0.488589
0.488433
0.489395
0.49123
0.493128
0.494848
0.496361
0.497323
0.498043
0.381086
0.386289
0.388827
0.389528
0.391232
0.392687
0.394532
0.396328
0.397643
0.398211
0.398069
0.397623
0.397345
0.397282
0.397707
0.399215
0.40274
0.406814
0.409747
0.411296
0.412312
0.413641
0.417737
0.424827
0.431468
0.435426
0.437271
0.437816
0.437913
0.438169
0.439202
0.441394
0.444522
0.446631
0.44743
0.447073
0.446377
0.445815
0.445474
0.445324
0.445015
0.444318
0.443303
0.442723
0.443043
0.444892
0.449584
0.45585
0.460658
0.462565
0.463067
0.463375
0.463817
0.464567
0.466018
0.468078
0.469405
0.470342
0.472733
0.47531
0.477412
0.479525
0.481375
0.483601
0.48538
0.486093
0.486508
0.487326
0.488712
0.489588
0.489419
0.488469
0.48771
0.487735
0.488899
0.491005
0.493373
0.49549
0.496799
0.4977
0.381871
0.386654
0.389181
0.389883
0.391186
0.392583
0.394347
0.396139
0.397619
0.398436
0.398485
0.397956
0.397412
0.397118
0.397297
0.398351
0.401089
0.405365
0.408957
0.411014
0.412338
0.414467
0.420076
0.427541
0.432965
0.43624
0.437398
0.437819
0.437664
0.437599
0.438354
0.440168
0.443118
0.445493
0.44659
0.446528
0.446135
0.445823
0.445635
0.445392
0.4449
0.443914
0.44309
0.442927
0.443841
0.447003
0.452909
0.458474
0.4617
0.462779
0.463065
0.46335
0.46396
0.465151
0.46705
0.468847
0.469541
0.469621
0.471056
0.473336
0.475699
0.478262
0.480627
0.483248
0.485296
0.486103
0.486396
0.486671
0.487688
0.488982
0.489528
0.488989
0.488151
0.487675
0.487974
0.489383
0.491846
0.494498
0.496006
0.496885
0.381821
0.386213
0.388908
0.39
0.391042
0.392539
0.394217
0.395965
0.397554
0.398637
0.398917
0.398423
0.39772
0.397305
0.397338
0.398079
0.399933
0.403666
0.407683
0.410448
0.412446
0.416036
0.422822
0.429851
0.433984
0.436448
0.437354
0.43745
0.437172
0.436958
0.437507
0.438929
0.44167
0.444401
0.445891
0.446259
0.446221
0.446112
0.445936
0.445491
0.444656
0.443598
0.443157
0.443463
0.44536
0.45026
0.456118
0.460188
0.462013
0.462701
0.463075
0.463523
0.464433
0.466112
0.468085
0.469325
0.469436
0.469028
0.46951
0.471689
0.474385
0.477542
0.480573
0.483609
0.485953
0.486852
0.486877
0.486676
0.487101
0.488363
0.489521
0.489882
0.489583
0.489149
0.489122
0.490057
0.49184
0.493797
0.49498
0.495774
0.381229
0.385222
0.388303
0.390006
0.390994
0.392664
0.394223
0.395947
0.397611
0.398832
0.399299
0.398999
0.398346
0.397828
0.397692
0.398111
0.399339
0.401846
0.405793
0.409374
0.412702
0.418208
0.425577
0.431479
0.434725
0.436271
0.436882
0.436843
0.436495
0.436244
0.436653
0.437846
0.440434
0.443475
0.445347
0.446188
0.44651
0.44651
0.446235
0.445494
0.444312
0.443533
0.443442
0.444503
0.448157
0.453888
0.458531
0.46099
0.462042
0.46265
0.463281
0.464106
0.465442
0.467357
0.469042
0.469741
0.469311
0.46855
0.468579
0.470381
0.47345
0.477192
0.480844
0.484171
0.486657
0.487623
0.48767
0.487277
0.48706
0.48786
0.489471
0.490828
0.491436
0.491593
0.491679
0.492257
0.493099
0.493874
0.494102
0.494408
0.380324
0.383907
0.387466
0.389813
0.391023
0.392818
0.394335
0.396027
0.397689
0.398934
0.39956
0.399524
0.39905
0.398495
0.398215
0.398308
0.398993
0.400307
0.403523
0.40777
0.413136
0.420665
0.428077
0.432504
0.43503
0.435862
0.436113
0.436022
0.435784
0.435613
0.43595
0.437035
0.439438
0.442639
0.444881
0.446197
0.446796
0.446845
0.446367
0.445306
0.444105
0.443626
0.444143
0.446485
0.451753
0.456951
0.459937
0.461345
0.462134
0.46304
0.463984
0.465124
0.466779
0.468611
0.469878
0.470128
0.469299
0.468302
0.468173
0.469538
0.472814
0.476904
0.480884
0.484209
0.486771
0.488085
0.488276
0.487764
0.4871
0.487512
0.489209
0.49139
0.49323
0.494251
0.494426
0.494389
0.494206
0.494162
0.493846
0.493789
0.379401
0.382362
0.386159
0.38929
0.391121
0.392926
0.394601
0.396181
0.397692
0.3989
0.399655
0.39989
0.399663
0.39915
0.398702
0.398503
0.398694
0.399377
0.401329
0.405885
0.413623
0.423043
0.430121
0.433134
0.434958
0.43523
0.435136
0.435064
0.435106
0.435158
0.435495
0.436464
0.438578
0.441776
0.4444
0.446175
0.44692
0.446948
0.446205
0.444942
0.444108
0.444133
0.445404
0.449697
0.455196
0.458912
0.460707
0.461665
0.462723
0.463833
0.465071
0.466413
0.468064
0.469645
0.470431
0.470278
0.469272
0.468264
0.468055
0.469252
0.472378
0.476457
0.480459
0.48355
0.485965
0.487452
0.488076
0.48798
0.487531
0.487656
0.489051
0.491661
0.494538
0.496372
0.496731
0.496244
0.495319
0.494595
0.493915
0.493986
0.378567
0.380753
0.384506
0.388399
0.391151
0.393156
0.394987
0.396357
0.397664
0.398785
0.399638
0.400092
0.40012
0.399719
0.399126
0.398632
0.398453
0.398885
0.399818
0.404284
0.414013
0.424877
0.431478
0.433575
0.434476
0.434385
0.434137
0.434159
0.434536
0.434876
0.435253
0.436048
0.437786
0.440827
0.443833
0.446008
0.446792
0.446668
0.445736
0.444601
0.44435
0.444863
0.447924
0.453377
0.45783
0.460108
0.461254
0.462368
0.463565
0.46499
0.466455
0.46774
0.469214
0.470376
0.470627
0.470166
0.469213
0.468393
0.468187
0.469321
0.471969
0.475731
0.479514
0.48234
0.484453
0.486032
0.487302
0.487923
0.487976
0.488294
0.489479
0.492091
0.49526
0.497521
0.497894
0.497248
0.495907
0.495078
0.49454
0.494468
0.377978
0.379392
0.382792
0.387206
0.391003
0.393443
0.39535
0.396566
0.397629
0.398615
0.399538
0.400206
0.400439
0.400194
0.399505
0.398739
0.398322
0.398639
0.399397
0.40378
0.414603
0.425947
0.432099
0.433609
0.433823
0.43344
0.433136
0.433348
0.434041
0.434649
0.43506
0.435677
0.437044
0.439836
0.443162
0.445607
0.446415
0.44606
0.445085
0.444351
0.444616
0.446468
0.451506
0.45668
0.459669
0.461146
0.462056
0.463168
0.464601
0.466323
0.467885
0.469136
0.470196
0.470733
0.470509
0.469958
0.469276
0.468724
0.468561
0.469434
0.471516
0.47471
0.478185
0.480962
0.482968
0.484743
0.48632
0.487555
0.488389
0.489184
0.490566
0.492699
0.495308
0.497419
0.497945
0.497272
0.496006
0.495288
0.494804
0.494818
0.377736
0.378512
0.381321
0.385868
0.390505
0.393674
0.395525
0.396816
0.39764
0.398498
0.399444
0.4003
0.400713
0.400594
0.399875
0.398924
0.398399
0.398754
0.399794
0.404696
0.415337
0.42603
0.431813
0.433016
0.432983
0.432517
0.432282
0.432673
0.433564
0.434389
0.434846
0.435317
0.436414
0.43894
0.442412
0.444926
0.445751
0.445276
0.444399
0.444138
0.445173
0.449528
0.455261
0.459186
0.461207
0.462108
0.46299
0.464113
0.465695
0.467608
0.469363
0.470472
0.470903
0.470692
0.470254
0.469833
0.469484
0.469289
0.469222
0.4696
0.471056
0.473542
0.476732
0.479666
0.481759
0.483423
0.485177
0.487302
0.489211
0.490791
0.492021
0.493283
0.494816
0.496271
0.496792
0.496445
0.495537
0.494979
0.494643
0.494853
0.377805
0.378118
0.380316
0.384514
0.389611
0.393561
0.395648
0.397054
0.397775
0.398521
0.399444
0.400427
0.400961
0.400891
0.400233
0.39937
0.398893
0.399356
0.401084
0.406678
0.415755
0.424976
0.430554
0.431983
0.432002
0.431636
0.431548
0.432091
0.433058
0.434011
0.434584
0.435001
0.43596
0.438258
0.441615
0.443992
0.444801
0.444381
0.443709
0.444048
0.447311
0.453253
0.45833
0.461082
0.462275
0.463092
0.463914
0.465
0.466636
0.468866
0.470653
0.471458
0.471247
0.470619
0.470118
0.469962
0.47016
0.470317
0.470223
0.47005
0.470677
0.472441
0.475341
0.478576
0.481105
0.482785
0.484498
0.486899
0.489596
0.491862
0.493058
0.493417
0.493613
0.494088
0.494624
0.494655
0.494439
0.494269
0.493931
0.494401
0.378088
0.378226
0.37981
0.38332
0.388395
0.393087
0.395619
0.397173
0.398025
0.398698
0.399576
0.400556
0.401105
0.401055
0.400549
0.399922
0.399649
0.400428
0.403482
0.409261
0.415898
0.423107
0.428475
0.430574
0.430896
0.430743
0.43094
0.431646
0.432566
0.433546
0.434316
0.434816
0.435733
0.437792
0.440731
0.442847
0.443643
0.443458
0.443169
0.445139
0.450722
0.456652
0.460401
0.462342
0.463138
0.463816
0.464612
0.465779
0.467609
0.469819
0.471474
0.471898
0.471343
0.470637
0.470301
0.470625
0.471344
0.471739
0.471493
0.47079
0.470558
0.471566
0.474041
0.477539
0.480761
0.482901
0.484526
0.486452
0.488877
0.491401
0.492774
0.492655
0.49186
0.491239
0.491463
0.492139
0.492735
0.492927
0.492984
0.493706
0.378596
0.378672
0.37969
0.382491
0.387053
0.392152
0.395376
0.397176
0.398252
0.398974
0.399797
0.400663
0.401139
0.401087
0.400733
0.400416
0.400459
0.40215
0.406699
0.411854
0.415961
0.420785
0.42563
0.428579
0.429595
0.42999
0.43049
0.431284
0.432123
0.433102
0.434061
0.43475
0.435668
0.43741
0.439738
0.44151
0.44234
0.44251
0.443336
0.448013
0.454452
0.459099
0.461782
0.462936
0.463695
0.464293
0.465071
0.466412
0.4683
0.470311
0.471712
0.471928
0.471421
0.470885
0.470869
0.471579
0.472472
0.472887
0.472526
0.471517
0.470726
0.470873
0.47276
0.476254
0.480198
0.48313
0.484861
0.485959
0.487432
0.489328
0.490723
0.490732
0.4897
0.488534
0.488337
0.489049
0.490373
0.491448
0.491862
0.492713
0.379218
0.379238
0.380029
0.382104
0.385797
0.390785
0.394822
0.396985
0.398385
0.399245
0.400009
0.400734
0.401105
0.401006
0.400741
0.400771
0.40145
0.404727
0.410128
0.414062
0.416066
0.41855
0.422279
0.425872
0.428048
0.429228
0.430041
0.430874
0.431737
0.432763
0.433837
0.434709
0.435578
0.436911
0.438591
0.440016
0.440981
0.441913
0.445341
0.451729
0.457508
0.460742
0.462451
0.463289
0.46393
0.464508
0.465357
0.466774
0.468599
0.470352
0.471541
0.47189
0.471749
0.471592
0.471869
0.472572
0.473173
0.473377
0.472944
0.471881
0.470789
0.470328
0.471476
0.474635
0.479089
0.482944
0.485148
0.486039
0.486606
0.487088
0.4877
0.488051
0.487651
0.487138
0.486733
0.4869
0.487868
0.489641
0.490891
0.492139
0.379785
0.379879
0.380676
0.382031
0.384797
0.389165
0.393838
0.396531
0.398474
0.399462
0.400164
0.400785
0.401016
0.400858
0.400703
0.401053
0.402972
0.40794
0.413112
0.415852
0.416377
0.416932
0.418945
0.422563
0.425997
0.428211
0.429568
0.43047
0.431434
0.432522
0.433608
0.434548
0.435304
0.436198
0.437309
0.438504
0.439867
0.44255
0.448697
0.455272
0.459481
0.461866
0.462888
0.463509
0.464075
0.464568
0.465528
0.466976
0.468599
0.47009
0.471279
0.472025
0.472415
0.472647
0.473007
0.473342
0.473508
0.473455
0.472863
0.47182
0.470631
0.469882
0.47025
0.472793
0.477311
0.481973
0.484892
0.485828
0.485852
0.485716
0.485739
0.486172
0.486684
0.487029
0.487013
0.487088
0.487403
0.488573
0.489862
0.491535
0.38021
0.38052
0.381296
0.382307
0.384187
0.387557
0.392382
0.396027
0.398265
0.399512
0.400314
0.400851
0.400894
0.400717
0.400812
0.401538
0.40517
0.411275
0.415342
0.417144
0.416973
0.416157
0.416457
0.419037
0.423264
0.426704
0.428843
0.430093
0.431204
0.432333
0.433369
0.434219
0.434766
0.435227
0.435936
0.437171
0.439431
0.444885
0.452296
0.457942
0.460764
0.462607
0.463292
0.463747
0.464171
0.4647
0.465767
0.467132
0.468488
0.469781
0.471119
0.472336
0.473162
0.473617
0.473858
0.473814
0.473568
0.473159
0.472482
0.471516
0.470362
0.469451
0.469296
0.471076
0.475157
0.48026
0.483907
0.485391
0.485295
0.484906
0.484906
0.485515
0.486871
0.488161
0.488796
0.488835
0.488641
0.489012
0.489538
0.490856
0.380499
0.381091
0.381927
0.382823
0.383928
0.386201
0.390637
0.395095
0.397777
0.399487
0.400415
0.400869
0.400838
0.400756
0.401086
0.402645
0.407861
0.414075
0.417127
0.41809
0.417503
0.41587
0.415056
0.415967
0.419903
0.424542
0.427719
0.429713
0.431039
0.432215
0.433129
0.433688
0.433916
0.434008
0.434647
0.436305
0.44049
0.448218
0.455396
0.459636
0.461685
0.463093
0.463761
0.464209
0.464575
0.465222
0.46626
0.467313
0.468378
0.469616
0.471119
0.472626
0.473698
0.474234
0.474244
0.473904
0.473347
0.472687
0.471941
0.471039
0.469999
0.469146
0.468842
0.469892
0.473115
0.477986
0.482437
0.484586
0.485139
0.485028
0.485018
0.486013
0.487752
0.489519
0.490438
0.490429
0.489919
0.48979
0.489691
0.490538
0.380662
0.381569
0.382546
0.383399
0.383867
0.385232
0.388745
0.393646
0.397067
0.399486
0.400384
0.400823
0.400996
0.401047
0.401586
0.404544
0.410736
0.41609
0.418403
0.418817
0.41788
0.415889
0.414191
0.413871
0.416435
0.421694
0.42609
0.42908
0.430904
0.43215
0.432822
0.432938
0.432817
0.432806
0.433817
0.436328
0.443082
0.451525
0.457482
0.460591
0.462284
0.463467
0.464284
0.46485
0.465424
0.46617
0.466919
0.467577
0.468396
0.469605
0.471168
0.472745
0.473892
0.474414
0.474238
0.473657
0.472892
0.472073
0.471332
0.470595
0.469761
0.469044
0.468822
0.469615
0.471851
0.475686
0.480297
0.483466
0.484587
0.485129
0.485777
0.486881
0.488404
0.489962
0.490748
0.490739
0.490235
0.490004
0.489661
0.490185
0.38072
0.381918
0.383085
0.383909
0.384057
0.384675
0.386962
0.391818
0.39628
0.399086
0.400199
0.400832
0.401303
0.401526
0.402609
0.407219
0.413429
0.417375
0.419126
0.41931
0.418124
0.41596
0.413736
0.412742
0.413617
0.418232
0.423807
0.428025
0.43072
0.431993
0.432353
0.432183
0.431862
0.432096
0.433533
0.437828
0.4463
0.454109
0.458594
0.461066
0.462531
0.463645
0.464726
0.465659
0.466496
0.467156
0.467536
0.467866
0.46853
0.469672
0.471194
0.472683
0.473855
0.474287
0.473992
0.473269
0.472373
0.471499
0.470757
0.47019
0.469682
0.469303
0.469383
0.470107
0.471676
0.474148
0.477782
0.481726
0.484158
0.485622
0.486488
0.48721
0.488037
0.488905
0.489252
0.489282
0.489109
0.489178
0.489501
0.490392
0.380691
0.382123
0.383501
0.384335
0.384332
0.384427
0.385609
0.389876
0.395023
0.398305
0.399934
0.400791
0.401542
0.402216
0.404712
0.410358
0.415531
0.418196
0.419326
0.419438
0.418196
0.416044
0.413683
0.412113
0.411878
0.414824
0.420825
0.426441
0.430127
0.431605
0.43186
0.431593
0.431284
0.431931
0.434053
0.440583
0.449418
0.455753
0.459084
0.461078
0.462461
0.463639
0.465124
0.466457
0.467435
0.46794
0.468067
0.468212
0.468751
0.469779
0.471185
0.472544
0.473697
0.474044
0.473714
0.472943
0.471968
0.471072
0.470436
0.470092
0.470021
0.470173
0.470523
0.471184
0.472273
0.473725
0.475767
0.47927
0.482791
0.485085
0.486178
0.486334
0.486092
0.485932
0.485803
0.486129
0.486676
0.487544
0.488792
0.490208
0.380564
0.382205
0.383781
0.384672
0.384583
0.38445
0.384886
0.388012
0.393178
0.397124
0.399573
0.40062
0.401872
0.403483
0.407812
0.413344
0.416935
0.418604
0.419308
0.419243
0.418052
0.416119
0.413778
0.41194
0.411177
0.412466
0.417583
0.424115
0.428883
0.431061
0.431434
0.4312
0.431129
0.432174
0.436007
0.443918
0.451798
0.456568
0.459175
0.460795
0.462168
0.463647
0.465406
0.466946
0.468004
0.468458
0.468571
0.46869
0.469109
0.469986
0.471252
0.472515
0.473488
0.473788
0.473537
0.472813
0.471824
0.470961
0.470456
0.470358
0.470916
0.471524
0.472116
0.472657
0.473247
0.473985
0.475074
0.476966
0.480419
0.483163
0.484287
0.483967
0.482883
0.481932
0.481513
0.482088
0.483661
0.485795
0.487692
0.489728
0.380407
0.382218
0.383968
0.384954
0.384939
0.384666
0.384626
0.386466
0.390978
0.39563
0.398756
0.400338
0.402384
0.405785
0.41116
0.415733
0.417839
0.418743
0.419135
0.418902
0.417798
0.416179
0.413948
0.412048
0.411086
0.411396
0.414868
0.421138
0.426988
0.430172
0.430961
0.430975
0.431443
0.433373
0.439229
0.447108
0.453214
0.456828
0.458917
0.460322
0.461783
0.463538
0.465419
0.466982
0.468194
0.468816
0.469092
0.469353
0.469742
0.470455
0.471449
0.472506
0.473286
0.473569
0.473445
0.472889
0.472068
0.47131
0.470913
0.471062
0.471832
0.472785
0.473574
0.474099
0.474318
0.474545
0.475241
0.476056
0.478269
0.480723
0.481617
0.481317
0.480224
0.478972
0.478577
0.479288
0.481224
0.484138
0.487039
0.489854
0.380243
0.382187
0.384059
0.385204
0.385327
0.384985
0.384589
0.385403
0.388824
0.393568
0.39731
0.400238
0.403405
0.408736
0.414116
0.417434
0.418544
0.418891
0.418887
0.41852
0.417638
0.416283
0.41428
0.412414
0.411261
0.411151
0.413114
0.417986
0.424253
0.428589
0.430272
0.430969
0.432195
0.436075
0.442951
0.449417
0.453754
0.456591
0.458434
0.459846
0.461397
0.463271
0.46519
0.466796
0.468309
0.469166
0.469718
0.470123
0.470506
0.471028
0.471703
0.472495
0.473105
0.473399
0.473398
0.473048
0.472454
0.471791
0.471468
0.471738
0.472614
0.473768
0.474662
0.475223
0.475354
0.475331
0.475841
0.476135
0.477276
0.479049
0.479761
0.479626
0.478494
0.477491
0.47727
0.478175
0.480317
0.483447
0.48693
0.490493
0.380075
0.382123
0.384104
0.385407
0.385696
0.385362
0.384716
0.384769
0.386939
0.391052
0.395626
0.399852
0.405228
0.411763
0.416548
0.418601
0.419205
0.41911
0.418628
0.418134
0.417506
0.416371
0.414715
0.412985
0.411695
0.41121
0.412138
0.415149
0.42064
0.426107
0.429166
0.43102
0.433966
0.43978
0.4462
0.450734
0.453636
0.455999
0.457873
0.459508
0.461183
0.463085
0.464978
0.466681
0.468331
0.469402
0.47021
0.470797
0.471227
0.471612
0.471973
0.472481
0.472913
0.473169
0.473236
0.47305
0.472695
0.472292
0.472097
0.472469
0.473341
0.47442
0.475327
0.476033
0.476372
0.476377
0.476703
0.476695
0.477049
0.478057
0.47872
0.478625
0.478029
0.477541
0.477754
0.47886
0.481265
0.484764
0.488495
0.492195
0.379878
0.382029
0.384183
0.385581
0.386025
0.385718
0.38491
0.384484
0.385458
0.388521
0.393604
0.399618
0.407353
0.414464
0.418538
0.419602
0.41965
0.419147
0.41842
0.417896
0.417327
0.416375
0.415061
0.413627
0.412285
0.411484
0.411476
0.412955
0.416769
0.422644
0.42757
0.431113
0.436829
0.44346
0.448372
0.451092
0.453088
0.455177
0.457287
0.459328
0.461282
0.463138
0.46487
0.46658
0.468215
0.469495
0.470569
0.471318
0.471785
0.472058
0.472223
0.472449
0.472652
0.472815
0.4729
0.472819
0.472678
0.472611
0.472703
0.473187
0.474027
0.475017
0.475924
0.476818
0.477546
0.477692
0.477773
0.477432
0.47706
0.477199
0.477726
0.477974
0.478013
0.478341
0.479138
0.481216
0.484172
0.487582
0.490765
0.49381
0.379673
0.381949
0.384317
0.385762
0.386318
0.386031
0.385109
0.384377
0.384445
0.386435
0.391383
0.39943
0.409449
0.416703
0.420034
0.420549
0.42005
0.4191
0.418278
0.417757
0.417095
0.416351
0.415304
0.414182
0.412895
0.41175
0.411133
0.411473
0.413626
0.418588
0.425178
0.43172
0.439911
0.446284
0.449676
0.451137
0.45234
0.454349
0.45686
0.459444
0.461675
0.463454
0.464905
0.466459
0.468042
0.469513
0.470742
0.471635
0.47212
0.472284
0.472336
0.472375
0.4724
0.472448
0.472465
0.472465
0.472576
0.472839
0.473275
0.473905
0.474672
0.475494
0.476338
0.477387
0.478608
0.479173
0.478986
0.478131
0.476963
0.476372
0.476592
0.477366
0.478358
0.48003
0.481966
0.484529
0.487362
0.490221
0.492652
0.49525
0.379494
0.381869
0.384409
0.385907
0.386524
0.386248
0.3852
0.384284
0.383883
0.385021
0.389498
0.399197
0.411164
0.418336
0.420767
0.421105
0.42035
0.419086
0.418153
0.417607
0.416902
0.416304
0.415515
0.414571
0.413382
0.41196
0.410886
0.410574
0.411658
0.41512
0.422386
0.432692
0.442322
0.447722
0.449747
0.45075
0.451652
0.453577
0.456423
0.459517
0.462018
0.463726
0.464885
0.466279
0.467761
0.46943
0.4709
0.471853
0.472291
0.472358
0.472306
0.472217
0.472206
0.47218
0.47216
0.472186
0.472397
0.47295
0.473667
0.474442
0.475201
0.475958
0.476864
0.478157
0.479651
0.480457
0.480011
0.478677
0.476811
0.47556
0.475461
0.476567
0.478772
0.481729
0.484324
0.486808
0.489272
0.491706
0.493569
0.495908
0.379423
0.381861
0.384481
0.386015
0.386651
0.386392
0.385297
0.38431
0.383695
0.384361
0.388305
0.398688
0.41198
0.419276
0.42152
0.421628
0.420745
0.419259
0.418117
0.417474
0.416705
0.4162
0.415576
0.414735
0.41364
0.41211
0.410754
0.4101
0.410598
0.413107
0.420141
0.432778
0.443626
0.448644
0.450512
0.451181
0.451884
0.453528
0.456417
0.459778
0.462452
0.464115
0.465044
0.4662
0.467488
0.469195
0.470858
0.471907
0.472347
0.472427
0.472387
0.472343
0.47221
0.472041
0.471941
0.472007
0.472292
0.47291
0.473823
0.474714
0.475501
0.476284
0.47726
0.478679
0.4803
0.481399
0.480835
0.479191
0.476987
0.475245
0.474723
0.475889
0.479029
0.482843
0.485904
0.488459
0.490819
0.493124
0.494833
0.497005
)
;

boundaryField
{
    inlet
    {
        type            calculated;
        value           uniform 0.140001;
    }
    outlet
    {
        type            calculated;
        value           nonuniform List<scalar> 
40
(
0.502313
0.503118
0.504432
0.505972
0.507226
0.506793
0.504263
0.500722
0.499063
0.497894
0.497852
0.497943
0.498043
0.4977
0.496885
0.495774
0.494408
0.493789
0.493986
0.494468
0.494818
0.494853
0.494401
0.493706
0.492713
0.492139
0.491535
0.490856
0.490538
0.490185
0.490392
0.490208
0.489728
0.489854
0.490493
0.492195
0.49381
0.49525
0.495908
0.497005
)
;
    }
    bottom
    {
        type            symmetryPlane;
    }
    top
    {
        type            symmetryPlane;
    }
    obstacle
    {
        type            calculated;
        value           nonuniform List<scalar> 
80
(
0.385986
0.383581
0.383646
0.383884
0.384082
0.384192
0.384442
0.384877
0.386036
0.389043
0.394206
0.399952
0.404401
0.407299
0.408953
0.409767
0.410078
0.410213
0.410451
0.410978
0.411961
0.41343
0.415064
0.416761
0.418068
0.41889
0.419554
0.420006
0.422127
0.429344
0.439778
0.447462
0.451352
0.453069
0.45341
0.451809
0.44907
0.446169
0.444089
0.443017
0.442894
0.443501
0.444466
0.445512
0.446419
0.447123
0.447348
0.446925
0.446032
0.444665
0.443206
0.442461
0.443083
0.445191
0.452185
0.462253
0.469888
0.473433
0.475578
0.476554
0.478125
0.480614
0.483213
0.484922
0.486223
0.487127
0.48784
0.488567
0.488914
0.488902
0.488547
0.488682
0.489287
0.490859
0.493335
0.49676
0.5004
0.502393
0.502878
0.502313
)
;
    }
    defaultFaces
    {
        type            empty;
    }
}


// ************************************************************************* //
