/*--------------------------------*- C++ -*----------------------------------*\
| =========                 |                                                 |
| \\      /  F ield         | OpenFOAM: The Open Source CFD Toolbox           |
|  \\    /   O peration     | Version:  v1912                                 |
|   \\  /    A nd           | Website:  www.openfoam.com                      |
|    \\/     M anipulation  |                                                 |
\*---------------------------------------------------------------------------*/
FoamFile
{
    version     2.0;
    format      ascii;
    class       volScalarField;
    location    "0.96";
    object      p;
}
// * * * * * * * * * * * * * * * * * * * * * * * * * * * * * * * * * * * * * //

dimensions      [1 -1 -2 0 0 0 0];


internalField   nonuniform List<scalar> 
4800
(
725.821
30.2789
11.8994
11.7658
11.2427
10.8611
9.84464
7.42192
5.47609
5.34651
5.59543
5.95004
6.3547
6.75853
7.15326
7.5304
7.89732
8.27415
8.74187
9.38492
10.16
10.9189
11.4239
11.597
11.3961
10.7451
8.98349
6.79641
6.30454
6.4601
6.78783
7.14549
7.41927
7.59119
7.70568
7.80055
7.91136
8.0462
8.19856
8.3668
725.908
30.1186
11.793
11.6958
11.2052
10.8565
9.85606
7.43467
5.48799
5.33854
5.57987
5.94121
6.3485
6.74559
7.12913
7.50894
7.90352
8.34209
8.86646
9.47505
10.1003
10.7013
11.1731
11.4284
11.3313
10.8595
9.1313
6.87924
6.3791
6.51335
6.81491
7.14202
7.39242
7.57228
7.7075
7.82159
7.94513
8.08564
8.23921
8.40125
726.229
29.783
11.6655
11.634
11.2078
10.8866
9.8581
7.43831
5.49909
5.32064
5.56047
5.9359
6.34575
6.733
7.10766
7.50228
7.94992
8.46871
9.02483
9.54124
9.9889
10.3968
10.812
11.1978
11.3199
11.0642
9.38571
7.05137
6.47889
6.55257
6.80525
7.1015
7.35785
7.56264
7.72345
7.85956
7.9914
8.12894
8.26796
8.40835
726.964
29.3932
11.4942
11.5282
11.1913
10.91
9.88218
7.46682
5.52629
5.31721
5.5438
5.9194
6.32752
6.7132
7.09797
7.52805
8.0334
8.59479
9.12287
9.5535
9.90761
10.2047
10.5213
10.9567
11.2028
11.1999
9.70097
7.2644
6.59442
6.62218
6.82607
7.09066
7.34311
7.56012
7.74319
7.89877
8.03255
8.15753
8.27214
8.38722
727.488
28.9738
11.3302
11.4059
11.155
10.9159
9.94219
7.54361
5.57563
5.32934
5.5326
5.89109
6.29507
6.69882
7.12073
7.60126
8.14154
8.6824
9.14442
9.50709
9.79488
10.0601
10.3727
10.8021
11.0992
11.2519
10.0132
7.50589
6.65877
6.67662
6.86024
7.1108
7.35161
7.56343
7.75052
7.9135
8.04641
8.15115
8.24419
8.35618
728.095
28.5978
11.2067
11.2913
11.0893
10.9074
10.0151
7.66016
5.64223
5.35962
5.52603
5.85494
6.25153
6.68716
7.16984
7.69879
8.2351
8.71951
9.11062
9.40337
9.68726
9.99064
10.3402
10.7535
11.0671
11.2291
10.2347
7.72918
6.69719
6.71007
6.89868
7.15152
7.37896
7.57436
7.74493
7.88658
7.9972
8.09596
8.20926
8.34344
728.922
28.2734
11.1514
11.2273
11.0312
10.8934
10.0951
7.79494
5.71607
5.40232
5.52176
5.82253
6.21201
6.68447
7.22274
7.78093
8.292
8.71373
9.02893
9.3097
9.6145
9.96936
10.3625
10.7873
11.08
11.1579
10.3429
7.91613
6.69506
6.7451
6.91987
7.18015
7.40681
7.58321
7.71687
7.81617
7.90974
8.01825
8.16132
8.35264
730.09
27.9832
11.1574
11.2224
11.0054
10.8688
10.1481
7.91193
5.77803
5.44665
5.53202
5.80451
6.19241
6.68514
7.25404
7.82419
8.30679
8.66534
8.95632
9.24878
9.58542
9.98302
10.4116
10.8355
11.1522
11.1316
10.3932
8.06377
6.66215
6.70839
6.91053
7.18421
7.40778
7.55974
7.65896
7.73605
7.83057
7.99097
8.21383
8.48136
730.551
27.6911
11.2161
11.2659
11.0171
10.8595
10.1713
7.99238
5.80773
5.46801
5.55356
5.81153
6.19492
6.68573
7.24226
7.79973
8.25336
8.60216
8.91449
9.23779
9.60326
10.0195
10.4516
10.8513
11.1746
11.1282
10.474
8.24492
6.60141
6.58367
6.81774
7.11223
7.34897
7.50331
7.60637
7.70316
7.84998
8.06521
8.3511
8.67392
730.682
27.4419
11.3029
11.35
11.0732
10.8882
10.1905
8.03802
5.80995
5.45617
5.57463
5.84274
6.21951
6.68097
7.19099
7.69205
8.1438
8.53339
8.90086
9.26915
9.65639
10.0658
10.4605
10.8121
11.1387
11.1172
10.5827
8.47188
6.59552
6.42509
6.62467
6.94209
7.22534
7.4395
7.60357
7.77191
7.98901
8.2514
8.54321
8.84006
730.79
27.2467
11.4055
11.4588
11.1824
10.975
10.2332
8.05977
5.78371
5.4064
5.59651
5.88977
6.25866
6.6633
7.09261
7.54397
8.00972
8.4652
8.9044
9.3197
9.72196
10.1034
10.438
10.7409
11.0767
11.102
10.6775
8.70332
6.64467
6.31427
6.41482
6.71746
7.0521
7.37408
7.69134
7.97194
8.22953
8.46018
8.68462
8.88111
730.896
27.1245
11.4915
11.5684
11.3162
11.0967
10.3073
8.09764
5.75745
5.33981
5.59201
5.93213
6.29866
6.64398
6.99181
7.39236
7.86613
8.38793
8.90224
9.3661
9.77594
10.1181
10.3945
10.666
11.0079
11.0715
10.7391
8.90063
6.71102
6.2451
6.27047
6.54732
6.92601
7.35375
7.84035
8.22329
8.43743
8.56776
8.69553
8.82457
730.837
27.0588
11.5465
11.6534
11.4323
11.2004
10.3966
8.18797
5.7639
5.28406
5.55287
5.95013
6.32133
6.61876
6.90841
7.26689
7.73864
8.30764
8.88481
9.3909
9.79987
10.1093
10.3434
10.6004
10.9381
11.0243
10.7595
9.06083
6.79749
6.23625
6.22265
6.48096
6.89299
7.40332
7.94772
8.34219
8.52898
8.59738
8.63299
8.67695
730.215
27.0206
11.5772
11.7033
11.4885
11.2523
10.4803
8.34552
5.83228
5.24036
5.49631
5.92809
6.30513
6.59008
6.85062
7.18241
7.64715
8.2369
8.85266
9.38393
9.78656
10.0755
10.2935
10.5458
10.8676
10.965
10.7449
9.1978
6.91615
6.27463
6.25281
6.53723
6.96137
7.44496
7.94118
8.31196
8.52934
8.52913
8.49455
8.53752
729.142
27.033
11.5848
11.7042
11.4737
11.2511
10.5521
8.55951
5.97735
5.23448
5.4407
5.84751
6.24451
6.55099
6.81614
7.13864
7.59428
8.18484
8.81156
9.34588
9.73981
10.025
10.2485
10.5
10.7977
10.9034
10.7152
9.32116
7.06763
6.3609
6.38516
6.68426
7.06835
7.44628
7.83666
8.18438
8.38431
8.41772
8.40743
8.4634
728.264
27.1196
11.5886
11.6645
11.4001
11.1954
10.5999
8.80285
6.1926
5.28527
5.38983
5.73558
6.13575
6.47883
6.78491
7.12798
7.58355
8.16104
8.77121
9.2879
9.67382
9.96727
10.2084
10.4592
10.7307
10.845
10.6843
9.43444
7.23556
6.50778
6.60518
6.85791
7.12459
7.38711
7.63516
7.92884
8.19269
8.36175
8.41129
8.47607
727.578
27.2521
11.6003
11.5974
11.2846
11.0961
10.6153
9.04976
6.45092
5.37759
5.37044
5.63821
6.0032
6.37695
6.73147
7.11551
7.59843
8.16394
8.74486
9.23479
9.6175
9.92337
10.1826
10.4299
10.6806
10.8009
10.6772
9.56352
7.44631
6.69802
6.82137
6.97588
7.13133
7.23498
7.39504
7.66742
8.02934
8.34004
8.48715
8.55507
726.552
27.3655
11.6106
11.5274
11.1804
11.0077
10.6152
9.2743
6.72229
5.49188
5.38811
5.5826
5.8926
6.26175
6.66281
7.0982
7.60304
8.18126
8.74563
9.211
9.59397
9.90824
10.1744
10.4137
10.6518
10.7778
10.6953
9.71545
7.6636
6.86467
6.94526
7.01777
7.04675
7.084
7.20824
7.46429
7.88701
8.3051
8.59411
8.66391
725
27.4364
11.6199
11.4832
11.1229
10.9636
10.6257
9.46343
6.97003
5.60469
5.42987
5.57218
5.83464
6.16602
6.57641
7.05638
7.59266
8.17465
8.75531
9.22301
9.6156
9.93303
10.1866
10.4113
10.6565
10.7899
10.7758
9.85967
7.8127
6.96376
6.98276
6.99319
6.98545
7.0057
7.10362
7.33473
7.74103
8.26606
8.64451
8.79361
724.507
27.5107
11.6388
11.4853
11.1062
10.9812
10.6774
9.61648
7.16742
5.69482
5.48237
5.59105
5.83043
6.12837
6.50937
6.98731
7.54916
8.15742
8.76533
9.27883
9.69205
9.99845
10.2279
10.4392
10.7029
10.8449
10.8733
9.92584
7.85186
6.98633
6.93801
6.95313
6.97325
6.99855
7.0753
7.27089
7.61071
8.18047
8.63867
8.89541
724.251
27.5638
11.6638
11.5365
11.1605
11.0736
10.7785
9.74584
7.30531
5.75058
5.5279
5.62523
5.85646
6.14044
6.48705
6.92969
7.48197
8.12012
8.77938
9.35473
9.79951
10.1067
10.3127
10.5136
10.7814
10.9025
10.9168
9.88336
7.79638
6.92865
6.85901
6.92566
6.99539
7.04032
7.10592
7.2596
7.54863
8.05325
8.56879
8.88949
724.31
27.6071
11.6808
11.599
11.2773
11.2193
10.9065
9.86538
7.39117
5.76958
5.54233
5.65479
5.89049
6.17234
6.50182
6.90724
7.42208
8.05774
8.76728
9.42746
9.91992
10.2485
10.4403
10.6244
10.859
10.9316
10.8825
9.75601
7.68059
6.83243
6.7649
6.89461
7.03107
7.11813
7.19408
7.32329
7.57472
7.92718
8.40624
8.79521
724.486
27.5935
11.6994
11.6871
11.4344
11.3885
11.0387
9.968
7.4281
5.76043
5.53072
5.66046
5.91709
6.21463
6.54754
6.92875
7.39594
7.9892
8.69699
9.42545
10.005
10.3924
10.584
10.7299
10.9075
10.9198
10.7816
9.58124
7.54563
6.72401
6.6706
6.84965
7.05449
7.20758
7.32333
7.44256
7.62011
7.86194
8.19474
8.63316
724.523
27.4617
11.7036
11.7966
11.6193
11.5444
11.1457
10.0217
7.41558
5.7269
5.49732
5.64141
5.92402
6.25645
6.61553
6.99961
7.41668
7.92988
8.57561
9.32453
10.0098
10.4881
10.6999
10.7975
10.9184
10.8717
10.6471
9.40382
7.42119
6.62366
6.5852
6.80263
7.07282
7.2964
7.46287
7.58235
7.68117
7.82041
8.04929
8.43915
724.46
27.1921
11.7009
11.9069
11.7702
11.6636
11.2145
10.0231
7.35358
5.67359
5.44466
5.60408
5.91723
6.29634
6.70758
7.10808
7.47448
7.88421
8.44299
9.16274
9.92156
10.5003
10.7612
10.8282
10.8986
10.8019
10.5185
9.2584
7.3184
6.54053
6.50931
6.76375
7.09473
7.38303
7.58557
7.6934
7.74027
7.80702
7.97712
8.29857
725.482
26.7562
11.6854
11.9928
11.8869
11.7404
11.2419
9.97449
7.25382
5.61315
5.38649
5.56321
5.91066
6.35059
6.82223
7.2305
7.53915
7.86041
8.337
9.00999
9.78207
10.4361
10.7584
10.817
10.8589
10.7348
10.4291
9.1674
7.24327
6.47679
6.44072
6.7264
7.11693
7.45992
7.68615
7.77391
7.78618
7.8144
7.94274
8.24283
726.101
26.1151
11.6594
12.0566
11.9771
11.7632
11.2176
9.87219
7.14155
5.56153
5.34168
5.53745
5.93258
6.43618
6.9536
7.33167
7.59187
7.85752
8.2772
8.90843
9.65033
10.3282
10.7031
10.7627
10.7991
10.6779
10.3865
9.1223
7.19917
6.4428
6.40495
6.71081
7.13491
7.5154
7.75607
7.82708
7.81871
7.82779
7.93613
8.22823
727.091
25.3526
11.6031
12.0763
12.0128
11.7341
11.1477
9.74044
7.04621
5.52603
5.32353
5.55161
6.00186
6.55698
7.07562
7.39199
7.62793
7.87039
8.25501
8.85791
9.55919
10.2135
10.6043
10.7012
10.7562
10.6666
10.3912
9.1094
7.16601
6.4218
6.39074
6.70826
7.14882
7.55196
7.80171
7.86331
7.84667
7.85237
7.93381
8.19539
728.561
24.6306
11.5176
12.0242
11.9601
11.6604
11.0448
9.61497
6.98779
5.51324
5.34257
5.61879
6.11385
6.68488
7.14505
7.41933
7.64922
7.89459
8.27187
8.83744
9.48198
10.0868
10.4853
10.6481
10.7556
10.7053
10.4328
9.11142
7.12991
6.40001
6.38529
6.71536
7.16323
7.57204
7.8226
7.88491
7.87258
7.87853
7.94982
8.14933
729.722
24.053
11.3838
11.8923
11.8434
11.5825
10.9587
9.52735
6.96696
5.52498
5.41301
5.72659
6.23695
6.76447
7.15785
7.4267
7.66379
7.93423
8.31467
8.82695
9.39525
9.94355
10.3847
10.6468
10.8118
10.7898
10.4921
9.10581
7.08216
6.37369
6.3928
6.7333
7.18028
7.57941
7.80626
7.87814
7.88766
7.9029
7.96058
8.10711
730.673
23.7077
11.2277
11.7159
11.6928
11.4932
10.8885
9.48775
6.98659
5.56838
5.50799
5.83978
6.31546
6.7646
7.12498
7.41217
7.6812
7.99093
8.36843
8.81517
9.30782
9.80785
10.3089
10.69
10.9238
10.9213
10.5635
9.08615
7.01628
6.34259
6.41158
6.76229
7.20228
7.56825
7.75259
7.84244
7.88837
7.92367
7.98214
8.08767
731.704
23.5909
11.1062
11.5253
11.5246
11.4023
10.8565
9.48607
7.00843
5.6127
5.59564
5.90945
6.31442
6.70452
7.0538
7.38081
7.71195
8.06534
8.42489
8.80045
9.22206
9.69901
10.2542
10.7596
11.0758
11.0824
10.6341
9.05906
6.94097
6.31589
6.4424
6.80613
7.22846
7.53464
7.67211
7.7757
7.86543
7.94647
8.0293
8.13189
733.426
23.7384
11.0399
11.3635
11.3686
11.3219
10.8596
9.49887
7.00992
5.63572
5.64155
5.90752
6.2481
6.60539
6.96887
7.35933
7.76075
8.14885
8.48645
8.80144
9.15638
9.61898
10.2175
10.8364
11.2525
11.2628
10.6951
9.0337
6.87444
6.31057
6.49228
6.87399
7.25979
7.48675
7.58392
7.68626
7.82037
7.97116
8.11161
8.23056
733.289
23.9353
11.0259
11.2659
11.2506
11.2515
10.8608
9.50911
6.95776
5.62554
5.63941
5.85481
6.15326
6.5021
6.90083
7.35236
7.81774
8.23273
8.54798
8.82105
9.133
9.57832
10.1975
10.8927
11.3953
11.4365
10.759
9.02187
6.83421
6.35199
6.56715
6.96581
7.30187
7.44484
7.50953
7.60229
7.77217
7.99706
8.21612
8.38473
732.905
24.1421
11.0626
11.2434
11.1761
11.1724
10.8448
9.46617
6.83363
5.5811
5.60157
5.78156
6.06539
6.42971
6.86521
7.36311
7.86285
8.28597
8.60105
8.87011
9.17098
9.59053
10.1885
10.9026
11.4479
11.5462
10.8266
9.02843
6.8272
6.4334
6.67815
7.08877
7.3536
7.43597
7.47193
7.55645
7.74986
8.03135
8.33867
8.56676
732.229
24.3596
11.1489
11.2766
11.1316
11.0939
10.7789
9.34097
6.64284
5.51146
5.54198
5.71839
6.01888
6.4042
6.85707
7.36909
7.87919
8.30746
8.65439
8.95754
9.27552
9.66951
10.1964
10.8575
11.3962
11.5612
10.916
9.08432
6.85014
6.53621
6.81124
7.2089
7.41398
7.4655
7.48553
7.57927
7.78639
8.11515
8.48121
8.71873
731.248
24.5976
11.2609
11.332
11.1017
11.0319
10.6844
9.15196
6.4222
5.4231
5.47003
5.68239
6.01256
6.41458
6.87104
7.36364
7.85482
8.3032
8.70314
9.07221
9.43226
9.80635
10.2287
10.7481
11.2374
11.4349
10.9846
9.20295
6.96008
6.66753
6.93687
7.26384
7.45499
7.52768
7.56372
7.67457
7.91123
8.25183
8.58827
8.80041
730.015
24.803
11.3701
11.3854
11.0755
10.9855
10.595
8.95663
6.22187
5.31895
5.41552
5.67975
6.04759
6.46209
6.9025
7.35616
7.81622
8.28802
8.76169
9.20046
9.6001
9.95324
10.2768
10.6272
11.0374
11.1955
11.0229
9.39956
7.16534
6.76185
6.99079
7.23322
7.439
7.58897
7.72317
7.89176
8.12877
8.39294
8.62621
8.8088
728.709
24.9436
11.452
11.4274
11.0531
10.9439
10.5228
8.80458
6.07454
5.24907
5.3861
5.69748
6.10555
6.52685
6.93825
7.34662
7.77425
8.25116
8.78338
9.31584
9.76073
10.0873
10.3196
10.5335
10.8543
10.955
11.0163
9.61744
7.38822
6.86618
6.94518
7.14155
7.37273
7.61677
7.88876
8.15915
8.37019
8.52036
8.64005
8.75976
727.153
24.949
11.5005
11.4689
11.0369
10.9015
10.4464
8.69601
5.98937
5.19908
5.35321
5.69369
6.13586
6.58355
6.98231
7.35448
7.75286
8.2222
8.77519
9.36102
9.87234
10.1985
10.3738
10.5019
10.7635
10.78
10.9566
9.74185
7.53142
6.96146
6.95542
7.09886
7.31915
7.63606
8.00581
8.34803
8.5594
8.65154
8.67672
8.73154
8.51768
8.67544
8.8412
9.01897
9.20682
9.43348
9.77404
10.3489
11.1841
11.6088
11.5725
9.79131
7.59346
7.21069
7.27948
7.4727
7.67926
7.8693
8.05168
8.21455
8.33054
8.39431
8.41998
8.42429
8.44594
8.5538
8.78763
9.13086
9.47175
9.69929
9.76997
9.72093
9.63746
9.64101
9.79622
10.0066
10.2691
10.1358
9.24809
8.65755
8.61111
8.64025
8.67592
8.6651
8.65922
8.70038
8.80735
8.99222
9.24783
9.51617
9.76189
9.91993
9.97591
9.83477
9.61208
9.39012
9.2227
8.95159
8.69333
8.43654
7.96955
7.33553
7.17464
7.1938
7.20683
7.19291
7.1741
7.1641
7.1732
7.24149
7.39453
7.71294
8.23811
8.77338
9.14931
9.34857
9.42122
9.44963
9.60347
10.0311
8.57225
8.74524
8.91494
9.09677
9.32193
9.60562
9.94889
10.4909
11.1343
11.2663
11.0198
9.20627
7.42948
7.22442
7.30491
7.50206
7.70473
7.87555
8.02673
8.16218
8.27095
8.33456
8.36447
8.39884
8.46307
8.60664
8.88373
9.21101
9.48999
9.64927
9.66476
9.62426
9.61994
9.72579
9.94878
10.0575
10.2226
9.84879
8.93673
8.49893
8.52162
8.57501
8.63291
8.63581
8.63277
8.6742
8.77698
8.9578
9.18903
9.39908
9.57024
9.69451
9.77164
9.84239
9.81792
9.66552
9.31558
8.98154
8.66717
8.36381
7.84657
7.28512
7.14212
7.17901
7.19445
7.20804
7.2095
7.21006
7.25239
7.3741
7.64438
7.99502
8.32631
8.65489
8.9535
9.14235
9.25351
9.34834
9.57622
10.0258
8.5592
8.70255
8.88099
9.11346
9.39403
9.7412
10.1868
10.7505
11.2908
11.3341
10.803
8.80897
7.29151
7.18627
7.30908
7.51571
7.69768
7.82524
7.92277
8.02119
8.12522
8.21686
8.29549
8.38159
8.50798
8.70887
8.96174
9.19579
9.3837
9.48336
9.49198
9.49349
9.61233
9.84245
10.1419
10.3097
10.3095
9.53411
8.50297
8.2502
8.36937
8.51946
8.60923
8.61547
8.60605
8.63177
8.72613
8.88462
9.05809
9.20941
9.34853
9.49025
9.6682
9.86015
9.92921
9.85165
9.54604
9.08853
8.7499
8.39198
7.77671
7.19597
7.07381
7.11692
7.17912
7.24075
7.26985
7.30175
7.38829
7.60066
7.91446
8.17553
8.35715
8.49307
8.63126
8.81455
9.00195
9.20282
9.47811
9.93356
8.53258
8.68407
8.89829
9.16832
9.55671
9.99829
10.4686
10.9716
11.2677
11.0923
10.3509
8.50088
7.20833
7.13317
7.32034
7.52167
7.68279
7.76848
7.81186
7.86234
7.94978
8.07613
8.23284
8.41008
8.60727
8.80103
8.95513
9.08225
9.19091
9.28067
9.33776
9.40836
9.62898
10.0301
10.3994
10.5685
10.1879
9.01978
8.00679
7.96124
8.15735
8.38639
8.53316
8.56509
8.55774
8.57959
8.65313
8.76263
8.88659
9.02392
9.19429
9.40097
9.63795
9.86621
9.95133
9.91253
9.75762
9.40041
8.94148
8.42696
7.66819
7.10725
6.99584
7.04295
7.15051
7.2755
7.37213
7.45051
7.62193
7.888
8.11791
8.28114
8.32254
8.31725
8.35806
8.48891
8.71835
8.98058
9.29727
9.73823
8.51417
8.69539
8.96236
9.34092
9.78528
10.2184
10.6173
10.9689
11.0619
10.7142
9.97436
8.39033
7.1657
7.08301
7.27644
7.51391
7.66356
7.72341
7.73807
7.75834
7.81586
7.9504
8.17221
8.43549
8.65729
8.78397
8.84303
8.88835
8.94933
9.04697
9.17372
9.36356
9.78564
10.3196
10.581
10.5947
9.88787
8.50718
7.62797
7.63674
7.86841
8.18222
8.41349
8.50242
8.51713
8.54818
8.60279
8.6804
8.7797
8.91866
9.12285
9.3653
9.58521
9.77628
9.87509
9.90395
9.90043
9.79616
9.31958
8.49786
7.55744
7.03312
6.91672
6.94415
7.0897
7.29161
7.48028
7.66498
7.91018
8.09962
8.22179
8.23637
8.24731
8.23517
8.24455
8.32887
8.50681
8.77183
9.11495
9.50741
8.52101
8.78184
9.14921
9.57276
9.97833
10.3069
10.5895
10.7725
10.706
10.3203
9.7108
8.39397
7.16774
7.04382
7.21902
7.49319
7.6496
7.69498
7.6899
7.70187
7.76767
7.92252
8.16591
8.43588
8.60232
8.65273
8.66688
8.66616
8.718
8.86393
9.12468
9.49927
10.0303
10.5563
10.664
10.385
9.44103
8.00819
7.40019
7.39279
7.59878
7.93845
8.2453
8.43306
8.50067
8.55059
8.58923
8.63536
8.71999
8.87228
9.09064
9.30735
9.46692
9.55079
9.68204
9.85816
9.98278
10.0636
9.67238
8.5949
7.46311
6.97036
6.82411
6.84504
7.02216
7.29602
7.60943
7.94892
8.14534
8.22837
8.20166
8.20513
8.22072
8.25649
8.29734
8.36319
8.48077
8.68292
8.99678
9.3521
8.6209
8.97977
9.38562
9.74163
10.013
10.201
10.3654
10.4679
10.3714
10.0495
9.58306
8.46702
7.20104
7.01369
7.16452
7.45536
7.64579
7.6903
7.6842
7.70064
7.78557
7.9589
8.19691
8.40502
8.5044
8.5203
8.49502
8.48508
8.56728
8.80207
9.22302
9.73957
10.2199
10.5931
10.6234
10.1065
8.99908
7.63417
7.26145
7.26156
7.44745
7.75643
8.10167
8.36488
8.51923
8.56397
8.59326
8.63023
8.70647
8.84025
9.01091
9.16692
9.24986
9.28255
9.43364
9.76517
10.0406
10.1805
9.85672
8.67602
7.36674
6.90032
6.74469
6.78366
6.98207
7.32244
7.80595
8.17849
8.30896
8.2634
8.23393
8.23537
8.27385
8.35705
8.49379
8.62524
8.73164
8.87559
9.15453
9.44612
8.82066
9.21115
9.52784
9.74027
9.87518
9.9453
10.0405
10.1497
10.1208
9.91525
9.54784
8.5737
7.26006
6.98726
7.10957
7.38077
7.63092
7.72683
7.72749
7.7578
7.85474
8.0251
8.23133
8.36324
8.39391
8.38937
8.38212
8.41332
8.56611
8.91268
9.43976
9.96115
10.3858
10.5824
10.4321
9.84115
8.55763
7.39317
7.17315
7.1921
7.38164
7.67117
8.01142
8.32473
8.53647
8.58383
8.60656
8.62816
8.68325
8.763
8.85465
8.91838
8.9583
9.02585
9.2291
9.63962
10.0418
10.1891
9.90273
8.68082
7.2748
6.85701
6.72285
6.81118
7.04307
7.48031
7.97935
8.29169
8.38899
8.35961
8.33453
8.36897
8.50233
8.69965
8.90462
9.0817
9.22723
9.43296
9.80431
10.0952
9.01875
9.33293
9.49576
9.58447
9.62613
9.65922
9.75544
9.91006
9.97526
9.87252
9.57286
8.69153
7.34487
6.96501
7.05412
7.28632
7.57119
7.77023
7.82133
7.85671
7.95198
8.09762
8.22
8.27232
8.29993
8.31731
8.36827
8.479
8.73363
9.14299
9.64631
10.0677
10.471
10.5462
10.2552
9.56588
8.14833
7.26451
7.11599
7.16709
7.35804
7.63688
7.95521
8.2829
8.5024
8.57077
8.58358
8.59176
8.61092
8.62886
8.64137
8.64239
8.69296
8.84336
9.12953
9.58063
10.0095
10.1204
9.83484
8.64762
7.2502
6.88143
6.80215
6.93983
7.30319
7.73925
8.06502
8.2912
8.42475
8.47492
8.53854
8.66519
8.81522
8.99154
9.17515
9.36452
9.57289
9.83764
10.2523
10.5486
9.08957
9.27475
9.33263
9.37369
9.40039
9.44453
9.5579
9.74214
9.8881
9.87198
9.64052
8.82964
7.45506
6.96654
6.99933
7.18475
7.48284
7.75949
7.93228
7.98587
8.05633
8.1347
8.17866
8.20954
8.25033
8.32472
8.45238
8.66974
8.987
9.37568
9.75305
10.1376
10.4578
10.5404
10.1183
9.2506
7.79015
7.18498
7.0851
7.16718
7.36423
7.62293
7.8991
8.19153
8.4014
8.51143
8.52239
8.5188
8.50488
8.47649
8.44299
8.43439
8.52294
8.76226
9.12169
9.59903
10.0087
10.0646
9.74702
8.6179
7.26394
6.96623
7.03304
7.34912
7.72329
7.95774
8.09479
8.22923
8.42357
8.64546
8.79376
8.89641
9.01095
9.1338
9.27713
9.46348
9.71074
10.0236
10.4775
10.7559
9.02953
9.13029
9.15893
9.19928
9.24489
9.30525
9.41299
9.61307
9.83222
9.9096
9.73826
8.9721
7.58017
7.00812
6.95203
7.09316
7.38197
7.71478
7.98482
8.12192
8.14924
8.15358
8.15954
8.18878
8.2691
8.42415
8.64208
8.93253
9.24065
9.51836
9.81033
10.1369
10.3931
10.4362
10.0176
8.88073
7.50487
7.11201
7.06737
7.1824
7.38483
7.60412
7.81177
8.03493
8.2554
8.41725
8.45684
8.4434
8.41013
8.36149
8.32771
8.34536
8.47456
8.75329
9.14248
9.65096
10.0527
10.0644
9.71179
8.64312
7.44867
7.4182
7.69027
7.96232
8.08162
8.09016
8.09854
8.18827
8.40565
8.71518
8.95027
9.05412
9.11683
9.18598
9.29853
9.47833
9.73571
10.0564
10.5098
10.7576
8.90947
8.94446
9.00021
9.07365
9.15115
9.21373
9.30376
9.52169
9.7983
9.94648
9.8622
9.11716
7.70741
7.05522
6.92063
7.02907
7.29314
7.63103
7.98015
8.19571
8.22637
8.18687
8.17787
8.23718
8.38433
8.60653
8.9029
9.1896
9.42785
9.59296
9.79068
10.1076
10.3391
10.3221
9.83211
8.48787
7.29924
7.03257
7.0375
7.18741
7.38233
7.55245
7.69785
7.85345
8.07176
8.28389
8.42086
8.41152
8.37561
8.34065
8.34091
8.39692
8.56519
8.89974
9.29835
9.79726
10.1304
10.1425
9.93073
9.14571
8.28045
8.21813
8.33352
8.36032
8.29985
8.21425
8.15242
8.19719
8.3709
8.63113
8.88984
9.06319
9.11791
9.16668
9.25864
9.40986
9.63296
9.93263
10.373
10.5777
8.74588
8.81107
8.90177
9.0036
9.08908
9.14218
9.23233
9.46336
9.78582
9.9884
9.99102
9.24664
7.81364
7.09675
6.91419
6.99273
7.22902
7.53572
7.90934
8.17331
8.28348
8.24756
8.25951
8.36589
8.56888
8.85991
9.16543
9.40268
9.5104
9.60528
9.77774
10.0568
10.223
10.1866
9.52717
8.11601
7.16057
6.9658
7.0034
7.15996
7.33587
7.46705
7.5619
7.68937
7.91086
8.18345
8.38412
8.46345
8.45288
8.44997
8.49393
8.64556
8.88472
9.17513
9.50089
9.97365
10.4066
10.5643
10.5955
9.85809
8.84878
8.57911
8.56905
8.55115
8.47193
8.33923
8.2527
8.25181
8.3478
8.50906
8.71136
8.91079
9.05942
9.14861
9.23634
9.36882
9.56543
9.82508
10.2233
10.3757
8.62249
8.72907
8.85846
8.97294
9.0416
9.09169
9.19672
9.44467
9.7956
10.0411
10.0945
9.33702
7.89
7.13208
6.92811
6.98019
7.18537
7.45817
7.78175
8.09669
8.30394
8.35924
8.41042
8.55817
8.81449
9.11748
9.37579
9.49409
9.55041
9.61579
9.77146
9.98227
10.0882
9.97115
9.18368
7.84206
7.0818
6.92394
6.96105
7.10976
7.26945
7.38762
7.47738
7.59329
7.79306
8.11792
8.4122
8.59384
8.65988
8.73629
8.85356
9.00622
9.16921
9.33871
9.61025
10.1241
10.7558
11.066
11.0091
10.0331
8.89951
8.63203
8.63185
8.62981
8.58057
8.47593
8.38352
8.33073
8.32449
8.3665
8.49905
8.71177
8.95758
9.14809
9.27461
9.39637
9.56624
9.79714
10.1669
10.2834
8.55814
8.69542
8.84899
8.94965
8.99831
9.05996
9.19514
9.46655
9.83645
10.091
10.14
9.38726
7.93564
7.15947
6.9539
6.99153
7.16487
7.40267
7.658
7.98219
8.27042
8.5043
8.6247
8.80257
9.05698
9.31525
9.45383
9.54177
9.5898
9.6579
9.78362
9.90188
9.94599
9.706
8.90781
7.70144
7.04747
6.90782
6.93475
7.06219
7.21431
7.34176
7.44403
7.5647
7.75633
8.07542
8.47578
8.81213
9.01327
9.14197
9.22
9.26632
9.31613
9.40619
9.69563
10.3187
11.0172
11.3264
11.1276
9.98646
8.8133
8.54821
8.54134
8.62223
8.67361
8.62405
8.52678
8.41713
8.32247
8.28882
8.35876
8.5398
8.81107
9.11072
9.32705
9.4679
9.62533
9.85456
10.1996
10.2758
8.56464
8.70656
8.84794
8.92256
8.96634
9.05178
9.22864
9.52108
9.89834
10.1248
10.1195
9.38939
7.94682
7.17356
6.9897
7.02412
7.17126
7.37016
7.58744
7.86333
8.22122
8.56261
8.84077
9.03918
9.23368
9.38372
9.49574
9.57396
9.63995
9.71682
9.79089
9.81454
9.77517
9.47867
8.75053
7.66785
7.0514
6.93635
6.96087
7.07562
7.2284
7.37762
7.51207
7.64571
7.8128
8.06513
8.48515
8.95968
9.32796
9.48019
9.50124
9.45052
9.3973
9.46653
9.80537
10.4713
11.1246
11.4253
11.0229
9.71978
8.53297
8.31515
8.36916
8.57617
8.74678
8.75997
8.65535
8.4997
8.35982
8.28406
8.30896
8.44648
8.68144
8.99855
9.31143
9.53971
9.73013
9.97357
10.3057
10.3488
8.62044
8.73934
8.83518
8.88891
8.95098
9.08185
9.29762
9.59686
9.95868
10.128
10.0376
9.34365
7.92644
7.17543
7.03848
7.07906
7.21117
7.37836
7.56657
7.80427
8.17283
8.60361
8.98468
9.21645
9.32252
9.42689
9.53017
9.61593
9.70424
9.76292
9.81064
9.75496
9.61664
9.34048
8.71396
7.7206
7.12423
7.05091
7.08879
7.19895
7.351
7.50421
7.63954
7.75047
7.86295
8.05187
8.39334
8.91498
9.38984
9.64361
9.60893
9.50363
9.43394
9.55706
9.95872
10.5718
11.078
11.2841
10.7182
9.40339
8.32903
8.17063
8.26786
8.53865
8.77797
8.84133
8.74995
8.57592
8.42461
8.33477
8.33619
8.42735
8.61748
8.89946
9.23525
9.53469
9.81548
10.0986
10.4234
10.4442
8.69754
8.75268
8.79467
8.86299
8.97288
9.15657
9.39316
9.67854
9.9896
10.0917
9.92012
9.26831
7.8898
7.17864
7.10281
7.15867
7.29018
7.43112
7.58776
7.81739
8.15794
8.62303
9.04108
9.31756
9.39443
9.47615
9.56554
9.66717
9.7463
9.81329
9.8148
9.70705
9.5311
9.33271
8.83298
7.91087
7.30503
7.24452
7.24505
7.33176
7.46624
7.59959
7.70954
7.79557
7.87953
8.00291
8.25632
8.67286
9.18584
9.54054
9.65262
9.60955
9.59132
9.76274
10.1299
10.6028
10.8847
10.931
10.4228
9.20557
8.24989
8.13004
8.23813
8.51285
8.77405
8.86646
8.81145
8.65416
8.5154
8.43226
8.4272
8.50003
8.64598
8.87277
9.15518
9.47083
9.78625
10.1368
10.4584
10.465
8.77157
8.76095
8.78332
8.88075
9.04862
9.26953
9.50347
9.74791
9.97703
10.0268
9.80834
9.18757
7.84821
7.18045
7.17574
7.26127
7.41171
7.54052
7.65665
7.86099
8.16312
8.59852
9.0202
9.31964
9.43928
9.53154
9.61837
9.6874
9.79355
9.84092
9.78774
9.6798
9.53125
9.44304
9.06743
8.17015
7.51469
7.41724
7.35546
7.41851
7.5306
7.64301
7.73693
7.82391
7.90987
8.01052
8.15777
8.37996
8.75834
9.21949
9.56724
9.81354
9.93493
10.106
10.3165
10.5414
10.6644
10.6015
10.1962
9.08033
8.27405
8.16979
8.25949
8.49285
8.72469
8.84436
8.8464
8.7514
8.6396
8.57442
8.56915
8.63086
8.74502
8.91994
9.13941
9.37535
9.66448
10.0388
10.3462
10.3392
8.85164
8.80565
8.82565
8.96277
9.18174
9.41426
9.61223
9.79228
9.91992
9.95237
9.72856
9.11864
7.82181
7.21533
7.24194
7.38166
7.56086
7.69583
7.79056
7.94587
8.20464
8.56097
8.95314
9.27949
9.48658
9.61566
9.654
9.73422
9.78446
9.76026
9.70323
9.65979
9.60541
9.58643
9.29499
8.38139
7.65356
7.52889
7.43526
7.48868
7.57703
7.65217
7.71406
7.78987
7.88653
7.97966
8.06169
8.1636
8.35422
8.80355
9.39075
9.88069
10.309
10.4867
10.5141
10.5087
10.5208
10.3886
10.0012
8.97976
8.34153
8.26379
8.29656
8.4524
8.63796
8.77229
8.84294
8.84237
8.79207
8.7609
8.76442
8.8161
8.89353
8.98318
9.11026
9.27638
9.50652
9.82478
10.0872
10.0602
8.92302
8.89287
8.94115
9.11441
9.35361
9.56873
9.6948
9.81228
9.88354
9.90166
9.69208
9.09216
7.83786
7.28077
7.33178
7.51291
7.72006
7.88011
7.98917
8.10481
8.29215
8.55516
8.86322
9.19236
9.46178
9.63723
9.71478
9.72391
9.66547
9.59292
9.58399
9.62325
9.6617
9.69312
9.45457
8.52855
7.74572
7.5972
7.47036
7.48787
7.55123
7.61533
7.67716
7.76186
7.87078
7.96264
8.00324
8.0344
8.15943
8.46334
9.1246
9.91934
10.4585
10.6942
10.7223
10.5783
10.4641
10.2081
9.82536
8.91133
8.41281
8.33736
8.30714
8.38639
8.53659
8.67372
8.79954
8.90046
8.95453
8.97867
8.99127
9.02022
9.04512
9.07116
9.12675
9.22944
9.3923
9.59326
9.73561
9.67186
8.99699
9.02106
9.12343
9.3221
9.55135
9.70837
9.77988
9.84926
9.89462
9.89533
9.71302
9.13694
7.9121
7.38481
7.45712
7.63192
7.83603
8.02263
8.16853
8.29242
8.41253
8.56079
8.78293
9.07991
9.38532
9.61733
9.68675
9.61182
9.48128
9.41862
9.48483
9.60693
9.71836
9.76707
9.55034
8.63594
7.78664
7.61177
7.48064
7.48595
7.53821
7.59247
7.65452
7.74686
7.8595
7.94346
7.98567
8.0368
8.17231
8.45116
8.95335
9.6753
10.2956
10.6334
10.7681
10.7276
10.5242
10.1631
9.75694
8.9123
8.46462
8.37631
8.29392
8.32468
8.43738
8.57703
8.73875
8.92225
9.09488
9.20023
9.2273
9.21794
9.19669
9.19193
9.22311
9.28677
9.37014
9.39863
9.38853
9.22293
8.97809
9.15014
9.31346
9.51426
9.71206
9.82623
9.84717
9.89223
9.94419
9.94505
9.82396
9.28309
8.0726
7.55262
7.63384
7.76634
7.96089
8.14838
8.31258
8.45438
8.55153
8.6225
8.72976
8.91483
9.1657
9.43198
9.51627
9.46321
9.35226
9.34636
9.44326
9.60054
9.75512
9.82833
9.59107
8.69045
7.78608
7.59211
7.47553
7.48172
7.53882
7.59738
7.66501
7.7584
7.85952
7.93553
8.01418
8.13493
8.325
8.6324
8.95985
9.3041
9.81187
10.3187
10.6767
10.9001
10.6915
10.2524
9.77796
8.93432
8.46739
8.37701
8.29278
8.28505
8.36608
8.50312
8.68951
8.93717
9.20094
9.38477
9.43459
9.41412
9.37649
9.36382
9.35617
9.36124
9.34252
9.24332
9.0999
8.84929
8.91168
9.28833
9.50992
9.67906
9.79546
9.8656
9.87329
9.92808
10.0337
10.0818
10.0481
9.55242
8.3337
7.76162
7.79565
7.8684
8.06284
8.26545
8.44875
8.58752
8.65689
8.66126
8.66495
8.70045
8.84023
9.12226
9.30746
9.3763
9.31809
9.29917
9.39936
9.56815
9.76182
9.83159
9.58284
8.72056
7.76901
7.54541
7.4608
7.47917
7.55308
7.63212
7.71111
7.79579
7.87486
7.96243
8.09587
8.29014
8.57175
8.84923
9.04783
9.13938
9.34922
9.84375
10.4403
10.8083
10.837
10.4251
9.78914
8.92952
8.42571
8.35098
8.3298
8.29573
8.35663
8.48704
8.6869
8.97266
9.28864
9.50763
9.59687
9.60272
9.5763
9.5081
9.45735
9.35105
9.22774
9.06162
8.87443
8.69929
8.8046
9.30327
9.64685
9.76729
9.82176
9.84477
9.86555
9.95691
10.1391
10.2445
10.4139
9.91704
8.59581
7.94977
7.88529
7.94708
8.13926
8.34346
8.51932
8.62298
8.63829
8.58874
8.5169
8.49135
8.6133
8.90156
9.19566
9.35835
9.31954
9.31803
9.39334
9.56939
9.78547
9.81688
9.56061
8.73744
7.75667
7.50794
7.47329
7.50285
7.59795
7.69805
7.78024
7.84746
7.91578
8.03077
8.22139
8.49847
8.78745
8.98263
9.00708
9.02965
9.12863
9.42183
10.0188
10.5879
10.7708
10.5292
9.82615
8.95387
8.39988
8.32611
8.37478
8.38396
8.44467
8.55903
8.75311
9.04555
9.34888
9.57161
9.68773
9.71593
9.68298
9.56488
9.41185
9.27098
9.0471
8.85884
8.82289
8.72817
8.70471
9.23026
9.63182
9.74054
9.7465
9.76231
9.83211
10.0125
10.3557
10.6228
10.866
10.1953
8.74104
8.0514
7.93259
8.0121
8.19597
8.36644
8.4731
8.49748
8.46694
8.40814
8.35315
8.37938
8.53474
8.79159
9.10609
9.31165
9.37849
9.3862
9.44911
9.62325
9.82949
9.77817
9.53818
8.75134
7.7476
7.48578
7.5167
7.56146
7.68385
7.79754
7.87104
7.92016
7.99493
8.14684
8.39791
8.68449
8.89915
8.95087
8.98373
9.01457
9.08296
9.25756
9.54143
10.0812
10.4876
10.3683
9.82197
9.00902
8.41983
8.2991
8.38586
8.53062
8.64275
8.75819
8.91886
9.15164
9.38231
9.567
9.68103
9.73673
9.67821
9.53892
9.34549
9.05884
8.83634
8.79853
8.86662
8.82511
8.63952
9.11458
9.49282
9.6001
9.60283
9.6255
9.77235
10.1034
10.5887
10.9413
11.1073
10.2225
8.70817
8.04352
7.95616
8.06274
8.23204
8.33868
8.33753
8.27947
8.22658
8.22145
8.26879
8.37137
8.53214
8.74334
8.97722
9.2308
9.43029
9.51226
9.58219
9.7304
9.86635
9.76425
9.52704
8.7768
7.75616
7.49385
7.55258
7.66731
7.80784
7.91978
7.97634
8.01129
8.10236
8.29707
8.56252
8.80602
8.86662
8.90785
8.96444
9.04689
9.14876
9.25105
9.38845
9.52581
9.91059
10.0469
9.72056
9.06086
8.47563
8.29344
8.3964
8.65705
8.93255
9.08733
9.18202
9.29874
9.41758
9.48694
9.59927
9.64399
9.60931
9.43291
9.10425
8.82592
8.75541
8.8118
8.93519
8.90484
8.56945
8.98479
9.31809
9.43614
9.45596
9.49806
9.73567
10.2077
10.7266
11.0217
10.9859
9.97965
8.44731
7.91817
7.93189
8.0813
8.2333
8.27267
8.18625
8.08377
8.04355
8.11317
8.25752
8.42572
8.57899
8.70398
8.86393
9.11488
9.41825
9.66493
9.76698
9.87503
9.90705
9.78764
9.53791
8.82041
7.78893
7.5145
7.59516
7.81023
7.96396
8.05966
8.09899
8.14104
8.24933
8.44795
8.68131
8.79291
8.84425
8.88829
8.98019
9.11599
9.25718
9.34485
9.37495
9.37564
9.40113
9.55608
9.51481
9.07337
8.5422
8.33186
8.42667
8.73277
9.12918
9.42577
9.48995
9.46078
9.38363
9.36105
9.42369
9.48303
9.38627
9.11384
8.866
8.75807
8.7469
8.84128
8.96505
8.92354
8.47182
8.82987
9.15607
9.34347
9.43562
9.56717
9.8514
10.2793
10.6486
10.8077
10.5632
9.55924
8.08962
7.74794
7.84146
8.05563
8.19336
8.18203
8.08387
7.9924
7.97057
8.07065
8.2682
8.4778
8.61081
8.67811
8.78315
9.00785
9.36188
9.70626
9.91981
10.0455
9.98257
9.85712
9.58184
8.8999
7.85218
7.5645
7.6834
7.95956
8.14862
8.22798
8.2578
8.3084
8.41342
8.56206
8.68491
8.76393
8.83732
8.93227
9.06602
9.21677
9.36786
9.45605
9.46439
9.36439
9.21649
9.18813
9.2115
9.01245
8.59159
8.40666
8.47454
8.77725
9.19181
9.49463
9.57751
9.51357
9.32719
9.20244
9.19935
9.13211
8.99678
8.87278
8.78301
8.77046
8.74092
8.83804
8.92609
8.84872
8.35581
8.66885
9.00589
9.30824
9.54651
9.76614
10.0267
10.3414
10.5141
10.4372
10.0735
9.03279
7.69872
7.50946
7.67904
7.97757
8.10945
8.10296
8.01212
7.95081
7.97585
8.08727
8.28958
8.49179
8.60527
8.66589
8.74089
8.92719
9.25035
9.63526
9.93338
10.0801
10.0814
9.97525
9.66237
9.03983
7.97256
7.64332
7.77105
8.07017
8.32804
8.42519
8.46463
8.51775
8.59068
8.65307
8.68555
8.753
8.87288
9.03862
9.21425
9.37262
9.49763
9.56614
9.57268
9.453
9.22584
9.02874
9.00257
8.88716
8.59908
8.4415
8.52132
8.778
9.13666
9.37876
9.4667
9.44283
9.25184
9.08376
8.951
8.86967
8.83406
8.81354
8.79908
8.7475
8.73389
8.79813
8.82454
8.71963
8.27068
8.53846
8.88905
9.31131
9.70769
9.99631
10.2006
10.4031
10.4416
10.1867
9.72987
8.63017
7.43363
7.29432
7.51171
7.85095
8.00872
8.02805
7.99881
7.99047
8.04408
8.16341
8.31588
8.45148
8.55186
8.63641
8.72778
8.87309
9.11242
9.44867
9.78856
10.0106
10.1296
10.0969
9.76196
9.23003
8.16527
7.77814
7.87438
8.13476
8.39699
8.59032
8.69158
8.74089
8.75698
8.74896
8.74705
8.81376
8.96955
9.18826
9.39584
9.54399
9.60052
9.61694
9.59145
9.50269
9.30845
9.08931
8.94269
8.76651
8.54961
8.48605
8.54983
8.69533
8.88535
9.05545
9.15902
9.21482
9.13512
9.00299
8.85615
8.81795
8.83263
8.79005
8.74477
8.73013
8.73571
8.75844
8.75231
8.62805
8.26596
8.47756
8.8441
9.33207
9.82641
10.161
10.3308
10.3774
10.3066
9.98478
9.51241
8.3864
7.2981
7.17749
7.39722
7.68043
7.85533
7.9537
8.02209
8.08363
8.15997
8.25549
8.3334
8.38717
8.45819
8.56859
8.70097
8.83651
8.98903
9.20967
9.51447
9.82246
10.0978
10.1116
9.86216
9.46863
8.45406
7.93389
7.9551
8.15693
8.3987
8.64524
8.81938
8.87882
8.86958
8.8453
8.83995
8.90263
9.08088
9.30665
9.51078
9.59285
9.60168
9.55107
9.46806
9.41005
9.35458
9.20134
8.96928
8.70051
8.42344
8.42992
8.49201
8.51707
8.45757
8.44119
8.56148
8.7557
8.91154
8.9491
8.91098
8.84826
8.78748
8.73155
8.70437
8.72278
8.74236
8.74428
8.73398
8.58275
8.34332
8.50158
8.81438
9.28317
9.81235
10.2089
10.3326
10.2905
10.1911
9.86512
9.41559
8.26926
7.2887
7.16065
7.338
7.5006
7.67067
7.84937
8.03067
8.17493
8.2838
8.33777
8.33825
8.3323
8.3707
8.48209
8.64296
8.79434
8.90711
9.01858
9.2144
9.55853
9.9401
10.0824
10.0448
9.79014
8.82578
8.07256
7.99242
8.12269
8.36819
8.6324
8.81952
8.89897
8.90786
8.89641
8.90961
8.97062
9.09373
9.28305
9.45072
9.53481
9.49842
9.35805
9.22572
9.19363
9.21028
9.17021
9.01013
8.68364
8.28861
8.16568
8.22392
8.21972
8.06007
7.9509
7.99425
8.20824
8.58918
8.87067
8.98561
8.92007
8.82724
8.74645
8.73365
8.78998
8.8445
8.83298
8.81893
8.64652
8.4879
8.5901
8.78899
9.18313
9.67607
10.1001
10.2586
10.2342
10.164
9.83455
9.40604
8.23798
7.31673
7.18951
7.29045
7.37841
7.52628
7.73904
7.98878
8.23331
8.38002
8.38833
8.34095
8.2957
8.31226
8.41176
8.57557
8.74374
8.85761
8.91486
9.01497
9.29574
9.72956
10.0846
10.2766
10.0638
9.11932
8.16968
7.98406
8.06267
8.29428
8.5819
8.77672
8.82776
8.83592
8.84852
8.87922
8.93774
9.03171
9.16953
9.25689
9.28246
9.16692
8.9817
8.8503
8.83956
8.92071
8.97431
8.95138
8.66563
8.17967
7.82954
7.80141
7.82893
7.81878
7.83282
7.89993
8.07258
8.34675
8.70814
8.92949
8.97762
8.95026
8.91081
8.91591
8.98439
9.03951
9.05506
9.03611
8.83713
8.65708
8.7048
8.81346
9.07658
9.46549
9.87527
10.1348
10.2134
10.2183
9.90746
9.51477
8.27663
7.33465
7.23049
7.24082
7.32065
7.45324
7.64879
7.90769
8.19744
8.39076
8.40857
8.34856
8.28752
8.2884
8.37395
8.52912
8.7006
8.83115
8.88272
8.94665
9.15104
9.59905
10.0733
10.3958
10.1948
9.25729
8.23504
7.97201
8.01379
8.20896
8.43533
8.60253
8.68828
8.72997
8.76281
8.80811
8.83605
8.84472
8.83184
8.77195
8.69886
8.6013
8.52107
8.4334
8.41994
8.49733
8.61705
8.75452
8.55274
8.04746
7.65268
7.52777
7.539
7.68556
7.86394
7.98058
8.09899
8.23024
8.41258
8.67672
8.91045
9.07479
9.19651
9.26912
9.30796
9.33739
9.31326
9.24381
9.01673
8.81112
8.81053
8.85547
9.00651
9.27807
9.61959
9.96324
10.1948
10.3164
10.0984
9.70861
8.33384
7.31919
7.21759
7.20806
7.3094
7.44576
7.62252
7.83323
8.09089
8.2928
8.36692
8.35152
8.30923
8.31062
8.3876
8.52699
8.68946
8.83027
8.90746
8.98209
9.17256
9.60015
10.0698
10.4077
10.2252
9.32262
8.28576
8.00034
8.03947
8.21061
8.35856
8.43655
8.475
8.50988
8.57288
8.62169
8.59234
8.51464
8.4213
8.32293
8.25486
8.23598
8.22209
8.21676
8.22027
8.24042
8.26475
8.42977
8.33672
7.91134
7.52982
7.35814
7.3832
7.60809
7.90151
8.08146
8.10678
8.09976
8.13865
8.3508
8.70963
9.06463
9.35711
9.56084
9.64107
9.6351
9.55344
9.4069
9.1428
8.90599
8.906
8.91381
8.99569
9.15068
9.39144
9.75596
10.1614
10.4342
10.3911
9.92555
8.36676
7.28047
7.16863
7.18603
7.33045
7.49089
7.6417
7.80518
7.96117
8.1064
8.23419
8.32586
8.36106
8.38706
8.45613
8.57341
8.71671
8.86193
8.98487
9.08735
9.26321
9.63883
10.0394
10.3587
10.2162
9.40385
8.39405
8.07209
8.09101
8.24291
8.36622
8.422
8.43578
8.45058
8.48429
8.50861
8.47039
8.39248
8.30377
8.21811
8.16039
8.11554
8.10527
8.13197
8.1663
8.18511
8.21482
8.31034
8.19467
7.79275
7.42366
7.29522
7.3174
7.523
7.85449
8.07156
8.0961
8.01326
7.98884
8.10412
8.43714
8.97768
9.46106
9.75733
9.82242
9.78768
9.6621
9.4619
9.16789
8.93974
9.00159
9.0086
9.02418
9.08293
9.22533
9.54492
10.0873
10.5179
10.7182
10.107
8.35662
7.26174
7.10115
7.17214
7.37137
7.55611
7.68368
7.77256
7.83462
7.9211
8.0572
8.23344
8.40422
8.50456
8.57372
8.65206
8.7642
8.91028
9.0774
9.22397
9.40131
9.72032
10.0371
10.2157
10.14
9.47113
8.51757
8.22005
8.22831
8.32724
8.42296
8.48352
8.5231
8.55238
8.56682
8.56916
8.53607
8.45352
8.33789
8.22718
8.13341
8.05965
8.05363
8.12218
8.23126
8.27374
8.2919
8.29083
8.07236
7.66477
7.35648
7.31293
7.32431
7.45015
7.67825
7.88996
7.99356
8.01053
8.0015
8.08821
8.34201
8.73184
9.20109
9.55886
9.70784
9.71823
9.65252
9.48894
9.1864
8.90456
9.05566
9.12284
9.0954
9.06018
9.11378
9.37798
10.0002
10.5823
11.0157
10.2392
8.33802
7.24788
7.0347
7.16296
7.41945
7.62598
7.72535
7.73878
7.74227
7.78538
7.91076
8.13517
8.39812
8.60818
8.71549
8.76175
8.83049
8.96067
9.15703
9.36165
9.55637
9.76312
9.95067
10.0318
10.0391
9.51445
8.65762
8.35633
8.31589
8.37121
8.47195
8.5697
8.64067
8.68843
8.71222
8.70159
8.68019
8.58689
8.43247
8.268
8.12419
8.04939
8.06216
8.17483
8.34242
8.43325
8.42696
8.27678
7.96756
7.54743
7.31729
7.32984
7.38623
7.43638
7.50144
7.6188
7.79265
7.93283
8.08469
8.2557
8.39893
8.56392
8.76998
9.06596
9.35168
9.47362
9.47418
9.37879
9.07258
8.86776
9.03762
9.15706
9.16268
9.0818
9.07303
9.30231
9.93531
10.6188
11.1763
10.3381
8.3539
7.25079
6.99258
7.14389
7.43154
7.66391
7.75692
7.73306
7.6936
7.70192
7.81868
8.04471
8.34115
8.62319
8.79083
8.86829
8.91272
9.01752
9.21731
9.46587
9.67908
9.8275
9.9095
9.92153
9.97771
9.51253
8.75233
8.49437
8.42468
8.44474
8.53876
8.65423
8.7579
8.81234
8.84081
8.84011
8.79139
8.71187
8.55395
8.34656
8.1565
8.06747
8.08762
8.20931
8.39237
8.5532
8.57996
8.31191
7.89805
7.4527
7.26819
7.34049
7.43985
7.40649
7.37789
7.41247
7.56415
7.89162
8.2338
8.44825
8.53047
8.54502
8.60038
8.69919
8.83597
9.03273
9.2021
9.28155
9.01402
)
;

boundaryField
{
    inlet
    {
        type            fixedValue;
        value           uniform 1;
    }
    outlet
    {
        type            zeroGradient;
    }
    bottom
    {
        type            symmetryPlane;
    }
    top
    {
        type            symmetryPlane;
    }
    obstacle
    {
        type            zeroGradient;
    }
    defaultFaces
    {
        type            empty;
    }
}


// ************************************************************************* //
