/*--------------------------------*- C++ -*----------------------------------*\
| =========                 |                                                 |
| \\      /  F ield         | OpenFOAM: The Open Source CFD Toolbox           |
|  \\    /   O peration     | Version:  v1912                                 |
|   \\  /    A nd           | Website:  www.openfoam.com                      |
|    \\/     M anipulation  |                                                 |
\*---------------------------------------------------------------------------*/
FoamFile
{
    version     2.0;
    format      ascii;
    class       volScalarField;
    location    "0.64";
    object      p;
}
// * * * * * * * * * * * * * * * * * * * * * * * * * * * * * * * * * * * * * //

dimensions      [1 -1 -2 0 0 0 0];


internalField   nonuniform List<scalar> 
4800
(
371.461
19.7606
9.90746
9.59698
9.22276
9.15025
8.87239
7.72003
6.24213
5.89563
5.83214
6.00024
6.32077
6.7894
7.42154
8.20972
8.99969
9.65069
9.98214
10.0671
9.84836
9.30452
7.95356
6.43965
6.06823
6.31135
6.80048
7.27614
7.62307
7.85815
8.00508
8.10305
8.20579
8.33006
8.48347
8.65485
8.84447
9.0512
9.19952
9.20542
371.294
19.5653
9.9256
9.67453
9.36309
9.30611
8.93544
7.65341
6.13706
5.80591
5.7812
5.99435
6.35904
6.86962
7.51538
8.24971
8.9711
9.57816
9.89116
10.0026
9.81998
9.32597
7.99324
6.49058
6.17223
6.40676
6.78642
7.18773
7.51559
7.75668
7.92686
8.04542
8.16979
8.3148
8.47828
8.66091
8.86103
9.07446
9.21187
9.17209
371.151
19.2378
9.95174
9.81433
9.57046
9.50058
8.99741
7.54098
5.97226
5.69874
5.75244
6.0201
6.44353
6.9844
7.6101
8.26249
8.89848
9.43411
9.76808
9.92527
9.79339
9.39863
8.10038
6.60458
6.30294
6.47118
6.73332
7.04811
7.34847
7.61978
7.83821
7.99971
8.14248
8.2982
8.47323
8.66733
8.88354
9.11052
9.24267
9.1896
370.872
18.8137
9.97488
9.97421
9.82397
9.73239
9.06511
7.43215
5.80947
5.56201
5.7036
6.04869
6.54611
7.1166
7.71357
8.29299
8.84131
9.29431
9.62823
9.83577
9.77428
9.48274
8.2288
6.72723
6.42927
6.49643
6.68656
6.91499
7.16333
7.4356
7.69911
7.92149
8.10201
8.28145
8.47611
8.68628
8.92498
9.1705
9.30981
9.24063
370.456
18.3367
9.99648
10.1403
10.0763
9.95249
9.12207
7.35128
5.69236
5.43764
5.65044
6.07927
6.64209
7.2294
7.79009
8.30227
8.78605
9.18369
9.50312
9.7446
9.77764
9.60335
8.33939
6.80248
6.50275
6.49244
6.62118
6.79223
7.00872
7.26708
7.54615
7.81815
8.05978
8.27559
8.49363
8.72436
8.98566
9.24243
9.3835
9.29493
369.992
17.8789
10.0349
10.2884
10.2778
10.118
9.17543
7.31369
5.62744
5.35451
5.60183
6.08987
6.69927
7.30023
7.83413
8.32186
8.75538
9.11243
9.42241
9.67191
9.81694
9.72175
8.38455
6.80855
6.5224
6.46812
6.55485
6.70022
6.90055
7.14262
7.42082
7.72798
8.02995
8.29604
8.54638
8.79763
9.06796
9.32728
9.46681
9.36026
369.595
17.556
10.0715
10.3848
10.3964
10.2168
9.21933
7.32118
5.61766
5.33252
5.5835
6.08949
6.70561
7.31655
7.84681
8.33128
8.74471
9.08562
9.39649
9.64526
9.87267
9.78225
8.33876
6.73958
6.45768
6.39788
6.49749
6.64161
6.82897
7.06356
7.35038
7.68375
8.04287
8.37372
8.65704
8.89754
9.14551
9.39991
9.54393
9.43392
369.205
17.4464
10.09
10.4025
10.3956
10.2229
9.25666
7.3765
5.65454
5.37413
5.61807
6.08831
6.68305
7.27877
7.82357
8.31681
8.74109
9.09115
9.42431
9.69988
9.96596
9.77735
8.2244
6.63236
6.33836
6.31674
6.45922
6.61464
6.7991
7.03558
7.33347
7.70611
8.12957
8.5035
8.76533
8.97067
9.19114
9.44246
9.59826
9.52198
368.867
17.6743
10.0935
10.3274
10.2873
10.1434
9.27972
7.47503
5.74263
5.46265
5.66785
6.07308
6.6187
7.20382
7.77615
8.28985
8.74972
9.12449
9.51374
9.80548
10.039
9.70489
8.09106
6.50014
6.20075
6.23044
6.42229
6.61274
6.81677
7.06998
7.40284
7.82956
8.27985
8.61237
8.82344
8.99786
9.20438
9.45413
9.63353
9.63148
368.596
18.0553
10.0878
10.1868
10.093
10.0069
9.29679
7.60369
5.86732
5.57916
5.72555
6.05858
6.54126
7.10176
7.69006
8.24667
8.7588
9.19575
9.62472
9.91783
10.0528
9.592
7.95999
6.39002
6.0805
6.14706
6.38224
6.63481
6.8934
7.1959
7.58731
8.02561
8.39666
8.66223
8.84706
8.99243
9.18525
9.45541
9.66204
9.74097
368.371
18.467
10.0649
10.0427
9.88591
9.83738
9.29057
7.74012
6.01726
5.70582
5.78317
6.05124
6.47063
6.98964
7.57412
8.17403
8.76367
9.29151
9.73474
10
10.007
9.4832
7.87928
6.32457
5.98998
6.06966
6.35163
6.68513
7.04176
7.42937
7.82134
8.16649
8.45695
8.66646
8.80828
8.94888
9.1534
9.4597
9.68284
9.80733
368.328
18.8499
10.0397
9.91152
9.69269
9.66798
9.25495
7.86001
6.16974
5.81568
5.83371
6.05802
6.42182
6.89318
7.45617
8.09704
8.76261
9.38504
9.8122
10.035
9.93406
9.39914
7.86492
6.30133
5.93478
6.01541
6.35353
6.79766
7.26723
7.68165
7.9861
8.24253
8.44036
8.60449
8.74858
8.90628
9.12985
9.46183
9.68545
9.81099
368.484
19.1623
10.0045
9.80933
9.53981
9.52475
9.20527
7.94962
6.29998
5.9039
5.88356
6.08048
6.40293
6.83034
7.36231
8.02163
8.75282
9.44245
9.85599
10.0281
9.86494
9.35483
7.90026
6.32682
5.92355
6.01284
6.4222
6.95913
7.48005
7.84294
8.06724
8.22561
8.37241
8.53034
8.69801
8.88766
9.13405
9.46921
9.66941
9.75983
368.842
19.3871
9.95954
9.73808
9.44384
9.42596
9.15962
8.00309
6.39524
5.96581
5.9356
6.1123
6.40501
6.80539
7.30941
7.96757
8.72571
9.4408
9.84986
9.98695
9.81661
9.34355
7.9708
6.39399
5.95729
6.08816
6.54166
7.11162
7.58266
7.86671
8.04548
8.15872
8.29506
8.46301
8.66611
8.89611
9.15861
9.47401
9.6369
9.66479
369.257
19.5126
9.9148
9.70194
9.40377
9.3829
9.13162
8.01639
6.43476
5.98927
5.95646
6.13452
6.42027
6.80595
7.30095
7.93786
8.6827
9.38227
9.79187
9.9233
9.78264
9.35494
8.06444
6.48881
6.05772
6.2418
6.69333
7.18286
7.56139
7.80268
7.95065
8.06551
8.22122
8.41858
8.66064
8.9218
9.18455
9.45856
9.58283
9.53952
369.694
19.5059
9.87376
9.69201
9.41491
9.38634
9.11982
7.99634
6.42186
5.97765
5.95256
6.14507
6.44727
6.83984
7.3317
7.94869
8.64462
9.30163
9.70344
9.85571
9.75709
9.38784
8.18397
6.63416
6.21687
6.43616
6.79213
7.15269
7.44819
7.66589
7.82087
7.97017
8.15536
8.39278
8.67673
8.94911
9.18509
9.40088
9.49178
9.39699
370.096
19.4225
9.83679
9.7025
9.46924
9.44391
9.14109
7.94964
6.36864
5.93473
5.92935
6.1462
6.4809
6.90001
7.39771
7.9853
8.61703
9.21623
9.61371
9.79362
9.74324
9.44505
8.33122
6.80395
6.38919
6.57096
6.79908
7.0609
7.29058
7.50065
7.6911
7.88233
8.10605
8.38825
8.69627
8.95918
9.14956
9.29004
9.36702
9.26188
370.443
19.2764
9.80676
9.72895
9.55392
9.53745
9.18866
7.8907
6.29061
5.86717
5.88291
6.13688
6.51479
6.97334
7.48534
8.04131
8.6101
9.13798
9.53234
9.75859
9.76053
9.5419
8.4887
6.94376
6.51892
6.5991
6.7543
6.93549
7.13562
7.35774
7.58929
7.82515
8.09093
8.39119
8.68563
8.92379
9.08213
9.16569
9.24942
9.15274
370.717
19.095
9.78762
9.76838
9.65689
9.65048
9.24027
7.81936
6.19913
5.78287
5.81577
6.11002
6.5403
7.04683
7.57951
8.10945
8.62274
9.0975
9.48656
9.76764
9.82586
9.69135
8.60172
7.00329
6.5834
6.57366
6.66537
6.81514
7.0174
7.25325
7.51053
7.78787
8.08561
8.38225
8.64788
8.85645
9.00049
9.09342
9.17233
9.07073
370.898
18.8976
9.77617
9.81485
9.7664
9.7696
9.28078
7.73251
6.09353
5.69489
5.74189
6.07203
6.55028
7.10719
7.6628
8.18073
8.66046
9.10382
9.4945
9.82356
9.94568
9.85923
8.6324
6.983
6.59269
6.50178
6.57908
6.73256
6.94237
7.18403
7.45767
7.7701
8.08542
8.36367
8.59542
8.78699
8.96057
9.09754
9.1529
9.02923
370.983
18.7297
9.76899
9.86166
9.87048
9.88148
9.30063
7.62651
5.98539
5.6163
5.67692
6.03197
6.55011
7.14988
7.72901
8.2503
8.71446
9.14564
9.55886
9.90007
10.1186
9.99124
8.58194
6.90953
6.54396
6.43005
6.52306
6.69342
6.91003
7.15453
7.44471
7.76946
8.07918
8.3358
8.54568
8.74831
8.96519
9.1667
9.20375
9.041
370.917
18.6199
9.76473
9.90255
9.94997
9.96918
9.28482
7.49145
5.87717
5.54896
5.63507
6.00396
6.54837
7.17398
7.78043
8.31829
8.78517
9.21157
9.65488
9.98825
10.2812
10.0534
8.46378
6.81655
6.47018
6.3794
6.49957
6.68503
6.91003
7.16982
7.46053
7.76688
8.053
8.29298
8.50984
8.74249
9.01029
9.27437
9.33539
9.13545
370.705
18.5994
9.76253
9.93524
9.99336
10.004
9.2226
7.32947
5.7727
5.49779
5.61517
5.99846
6.54998
7.18721
7.81374
8.37694
8.85834
9.28314
9.74758
10.077
10.3953
10.0426
8.3038
6.72978
6.40159
6.3555
6.50247
6.70805
6.94449
7.20493
7.48887
7.77603
8.0319
8.26186
8.49795
8.77091
9.09839
9.40595
9.50464
9.29888
370.33
18.6814
9.76181
9.96233
10.0072
10.0019
9.11488
7.14666
5.67719
5.46845
5.61586
6.00943
6.56386
7.20159
7.83986
8.42743
8.92532
9.34261
9.80448
10.1243
10.4285
9.95927
8.12757
6.65787
6.35898
6.35762
6.53188
6.75638
6.99792
7.25134
7.51662
7.781
8.02595
8.26211
8.51852
8.83398
9.20171
9.52194
9.66145
9.45428
369.834
18.8596
9.78564
10.002
9.99335
9.96311
8.97757
6.94978
5.5909
5.46048
5.63981
6.04225
6.59863
7.22874
7.86922
8.47288
8.98082
9.38215
9.81621
10.1097
10.3553
9.79987
7.95572
6.59962
6.35492
6.38904
6.58718
6.8243
7.0693
7.31335
7.55663
7.80236
8.04941
8.29867
8.57354
8.89616
9.26761
9.5821
9.74394
9.54417
369.356
19.1081
9.83291
10.0453
9.96634
9.88293
8.81708
6.75056
5.51195
5.46925
5.6797
6.09841
6.65631
7.27391
7.90737
8.51564
9.02424
9.40142
9.78257
10.0178
10.1789
9.57918
7.81412
6.56347
6.38343
6.44654
6.66285
6.90713
7.14931
7.38227
7.61016
7.84628
8.10025
8.36844
8.64343
8.93608
9.2781
9.57193
9.73061
9.56724
368.947
19.3855
9.88673
10.0972
9.95711
9.77284
8.63574
6.55424
5.44193
5.48651
5.72895
6.17198
6.73114
7.33168
7.95477
8.56019
9.05769
9.4058
9.71144
9.85366
9.92448
9.34305
7.68226
6.53474
6.43048
6.5309
6.75865
7.00264
7.23675
7.45735
7.68009
7.91347
8.17019
8.44386
8.70764
8.95852
9.24691
9.5103
9.64022
9.51438
368.579
19.6893
9.93672
10.1497
9.95685
9.66589
8.45649
6.37444
5.39279
5.49415
5.78981
6.25913
6.81116
7.39192
8.00619
8.60462
9.08036
9.40141
9.62804
9.67774
9.65996
9.09697
7.57459
6.51111
6.48537
6.63137
6.8672
7.11158
7.33527
7.54203
7.75771
7.98911
8.24431
8.50745
8.74948
8.96468
9.19651
9.42265
9.49665
9.38829
368.329
20.0217
9.98243
10.188
9.94303
9.57447
8.30498
6.2361
5.35814
5.49862
5.85951
6.35151
6.88827
7.44641
8.04527
8.62939
9.08157
9.38564
9.5627
9.55773
9.45744
8.87013
7.45887
6.47587
6.48579
6.7135
6.97717
7.23402
7.44639
7.63444
7.83923
8.06432
8.3045
8.54307
8.75689
8.93613
9.12325
9.33659
9.36353
9.24439
368.258
20.3749
10.0186
10.2041
9.91586
9.50767
8.20253
6.15896
5.35055
5.51304
5.92728
6.43788
6.957
7.48997
8.05547
8.61141
9.04669
9.3557
9.51363
9.48648
9.34375
8.72877
7.35191
6.41122
6.45235
6.76752
7.05421
7.34082
7.55504
7.72966
7.91833
8.12747
8.34141
8.5474
8.73105
8.88237
9.04409
9.25863
9.282
9.16084
368.277
20.7343
10.0419
10.1882
9.86826
9.46389
8.1593
6.14557
5.37241
5.54471
5.98732
6.50291
7.006
7.51177
8.03821
8.55722
8.98878
9.32086
9.48856
9.47274
9.31899
8.69099
7.29463
6.32905
6.39941
6.76547
7.10847
7.40957
7.63226
7.80527
7.98269
8.17435
8.36245
8.54218
8.69986
8.84049
8.99708
9.22036
9.25471
9.15591
368.33
21.053
10.0513
10.1419
9.80241
9.43712
8.16185
6.17905
5.41608
5.58842
6.02865
6.53502
7.0321
7.51058
8.0001
8.48779
8.92896
9.29764
9.50183
9.52856
9.38537
8.73787
7.28945
6.27731
6.31408
6.67581
7.07605
7.4209
7.66548
7.85076
8.02142
8.20184
8.37784
8.54165
8.69052
8.83139
8.99144
9.23018
9.28977
9.22088
368.432
21.3014
10.0439
10.074
9.72616
9.41988
8.19624
6.25535
5.48395
5.64235
6.05
6.5409
7.03693
7.49049
7.95292
8.42053
8.88299
9.30139
9.56611
9.65902
9.53559
8.85174
7.30825
6.24446
6.2229
6.527
6.94757
7.35211
7.65787
7.87356
8.04754
8.22071
8.39289
8.55512
8.70974
8.8623
9.03825
9.29711
9.38471
9.31691
368.57
21.4347
10.0312
10.0097
9.66554
9.4162
8.25489
6.36232
5.56067
5.68971
6.04052
6.51701
7.01654
7.46566
7.90917
8.37396
8.86587
9.33559
9.66948
9.83411
9.72554
8.97781
7.3153
6.2283
6.16171
6.38881
6.78166
7.21189
7.5832
7.86272
8.0674
8.23713
8.40856
8.57933
8.75112
8.93285
9.14266
9.41976
9.51344
9.39785
368.715
21.4743
10.0087
9.96282
9.63749
9.42637
8.32541
6.47881
5.63065
5.71068
6.00586
6.46042
6.96969
7.44072
7.88644
8.36972
8.88075
9.39988
9.80502
10.0049
9.89245
9.07957
7.29986
6.22076
6.13902
6.29754
6.63368
7.04498
7.45276
7.79521
8.05503
8.24728
8.42022
8.60648
8.80616
9.03057
9.28543
9.57347
9.64646
9.43265
368.949
21.447
9.98049
9.93372
9.63719
9.44264
8.39517
6.57928
5.69661
5.70441
5.9548
6.37922
6.89433
7.40402
7.89211
8.41266
8.9559
9.50713
9.9409
10.1227
9.99733
9.13901
7.26854
6.21794
6.13026
6.26693
6.54493
6.9073
7.30285
7.67786
7.99488
8.23722
8.42995
8.63535
8.86754
9.13451
9.42995
9.71925
9.75437
9.4247
369.213
21.4163
9.9586
9.91791
9.64694
9.46604
8.45142
6.65515
5.74413
5.69176
5.89274
6.28001
6.79083
7.34852
7.9098
8.50519
9.0842
9.63718
10.0326
10.167
10.0319
9.14373
7.22387
6.21794
6.13927
6.27067
6.52593
6.83623
7.18391
7.54888
7.89632
8.19736
8.43667
8.66309
8.92486
9.22201
9.54422
9.82941
9.82454
9.38443
369.467
21.3895
9.94694
9.91937
9.66578
9.49084
8.4944
6.70883
5.77501
5.67803
5.82964
6.17631
6.6769
7.28454
7.9556
8.63527
9.24672
9.74439
10.0628
10.1555
10.0168
9.10694
7.16924
6.21682
6.15792
6.28959
6.53237
6.82027
7.12749
7.45744
7.80422
8.14066
8.44151
8.7071
8.97487
9.28129
9.61574
9.89799
9.86299
9.33645
369.647
21.366
9.94238
9.9295
9.68653
9.50549
8.5153
6.74088
5.79287
5.66368
5.77629
6.0865
6.57481
7.22607
8.00228
8.76563
9.40351
9.82931
10.0688
10.1189
9.97929
9.05695
7.11242
6.20799
6.1825
6.31777
6.55371
6.82147
7.09725
7.39882
7.73725
8.09555
8.43828
8.7459
9.02813
9.33325
9.65616
9.92489
9.86716
9.28896
369.785
21.3543
9.93931
9.93478
9.69968
9.5172
8.52883
6.75808
5.80287
5.65601
5.74794
6.02866
6.4967
7.17308
8.01747
8.84237
9.51364
9.90406
10.0947
10.118
9.93926
9.00161
7.0679
6.19362
6.18995
6.34215
6.57916
6.8365
7.09091
7.36823
7.69079
8.05286
8.41687
8.76072
9.07591
9.38066
9.68873
9.94192
9.847
9.24066
8.94505
7.65637
6.52285
6.32856
6.2985
6.40191
6.59816
6.84891
7.17022
7.54137
7.90906
8.18038
8.31722
8.3629
8.3981
8.51345
8.82042
9.33537
9.72911
9.8702
9.34427
7.96327
6.94306
6.77446
6.84089
7.08369
7.39368
7.63232
7.74439
7.72666
7.62783
7.52384
7.48087
7.61995
7.98324
8.57744
9.20063
9.6255
9.75795
9.27433
8.3061
7.61353
7.46433
7.42071
7.49536
7.63111
7.74248
7.81784
7.87646
7.93538
8.02135
8.16346
8.37566
8.61648
8.79508
8.80137
8.76226
8.48749
8.01283
7.77893
7.77594
7.8199
7.85256
7.96631
8.1268
8.29174
8.43962
8.56496
8.69834
8.86005
9.12679
9.46283
9.68005
9.67059
9.39529
8.42611
7.47521
7.26742
7.2098
7.36842
8.72354
7.48225
6.50813
6.37862
6.38896
6.52239
6.73177
7.00449
7.33941
7.68347
7.99919
8.22716
8.34844
8.40957
8.48328
8.65215
9.00465
9.49328
9.69596
9.69535
9.01002
7.66425
6.92553
6.8144
6.92178
7.16325
7.43496
7.62597
7.69105
7.67225
7.6219
7.57747
7.6033
7.79859
8.24526
8.82389
9.33642
9.61217
9.6059
8.99928
8.03623
7.51564
7.4185
7.44963
7.55588
7.68558
7.78036
7.84264
7.89993
7.97685
8.09348
8.25028
8.44155
8.65668
8.79796
8.76602
8.72403
8.4169
7.90937
7.72425
7.76469
7.82836
7.9111
8.03816
8.17925
8.32226
8.45267
8.56888
8.68443
8.84884
9.09907
9.37816
9.52152
9.42941
9.07105
8.10926
7.27876
7.1165
7.08733
7.24323
8.6867
7.42428
6.51503
6.41941
6.46168
6.63557
6.89794
7.18667
7.46114
7.70643
7.95426
8.17624
8.33725
8.45255
8.57406
8.78284
9.15074
9.6095
9.75373
9.65592
8.83541
7.45276
6.92692
6.86007
6.97481
7.18508
7.39318
7.5276
7.5977
7.64349
7.67795
7.71115
7.81976
8.06417
8.44731
8.91198
9.3061
9.5702
9.4764
8.79651
7.81904
7.42098
7.35559
7.44547
7.5889
7.72228
7.80676
7.86046
7.92232
8.01252
8.12665
8.27565
8.45491
8.66683
8.81913
8.83708
8.85965
8.41998
7.77035
7.61731
7.66694
7.7953
7.94322
8.08438
8.18805
8.26689
8.35415
8.43595
8.54122
8.7229
8.98791
9.2365
9.3317
9.199
8.80113
7.8449
7.08398
6.963
6.9645
7.1263
8.69945
7.40884
6.55537
6.51122
6.60455
6.83694
7.12739
7.36893
7.54796
7.70557
7.88271
8.10748
8.34142
8.53756
8.72705
8.98938
9.34946
9.68269
9.74847
9.52432
8.58395
7.29069
6.95572
6.91675
7.00393
7.1601
7.31096
7.42957
7.53008
7.63179
7.76278
7.95897
8.17981
8.3847
8.62353
8.97213
9.24727
9.49956
9.3102
8.53773
7.59815
7.33674
7.30668
7.44412
7.62419
7.76883
7.84972
7.90258
7.97009
8.06729
8.17896
8.31267
8.48299
8.69444
8.86186
8.99073
8.95541
8.32147
7.61544
7.46564
7.5663
7.78365
7.99498
8.14461
8.21123
8.23379
8.2609
8.32375
8.44838
8.64529
8.8887
9.07677
9.10829
8.94227
8.50451
7.59223
6.91738
6.83541
6.86541
7.03219
8.74188
7.42572
6.63157
6.62256
6.79951
7.07103
7.32543
7.49421
7.58364
7.67277
7.80821
8.03209
8.32891
8.63967
8.884
9.14863
9.47812
9.69434
9.65747
9.38147
8.34213
7.19637
6.9798
6.94128
6.99313
7.11874
7.25035
7.36679
7.49704
7.72494
8.03014
8.34177
8.53238
8.63348
8.77637
9.00669
9.18447
9.40366
9.14952
8.28618
7.42527
7.26682
7.27226
7.43539
7.64304
7.80802
7.90657
7.97324
8.04445
8.13069
8.21208
8.31414
8.50524
8.77588
8.9844
9.16463
8.97806
8.18549
7.41972
7.2987
7.44521
7.73505
8.00676
8.16921
8.22895
8.22533
8.21417
8.27361
8.40876
8.58363
8.79178
8.9623
8.95027
8.7697
8.31545
7.43512
6.82051
6.76386
6.81629
6.99276
8.79328
7.46152
6.74435
6.77773
7.00333
7.25195
7.4539
7.5496
7.59363
7.64646
7.76217
7.98577
8.31653
8.70343
9.01279
9.27353
9.50349
9.62794
9.52175
9.18468
8.11333
7.14948
6.99473
6.93744
6.98022
7.10329
7.23508
7.36842
7.62209
7.99202
8.38002
8.63302
8.73799
8.80399
8.89096
9.02907
9.13405
9.30296
8.9716
8.04616
7.30979
7.2176
7.24148
7.41784
7.64657
7.85024
7.98623
8.07099
8.13715
8.19294
8.23435
8.33221
8.58117
8.91027
9.15534
9.25871
8.90768
8.00955
7.24954
7.1552
7.31305
7.64155
7.97464
8.16636
8.24018
8.24496
8.24978
8.28081
8.35862
8.54173
8.75683
8.92836
8.8801
8.68845
8.24148
7.38218
6.81787
6.78309
6.87802
7.08525
8.87817
7.5626
6.90359
6.92607
7.13327
7.34119
7.50152
7.58104
7.60892
7.64545
7.75214
7.9751
8.30423
8.71282
9.06916
9.32308
9.44562
9.48563
9.35213
8.96994
7.93387
7.11974
7.00474
6.94215
7.00241
7.13513
7.30606
7.55874
7.91399
8.29488
8.60082
8.75747
8.83653
8.92758
9.01142
9.07686
9.09057
9.17737
8.77257
7.83415
7.2518
7.19617
7.21491
7.39615
7.64816
7.88997
8.08075
8.18281
8.23203
8.24995
8.26556
8.39055
8.70507
9.09433
9.31202
9.27323
8.74228
7.83188
7.1263
7.0415
7.19156
7.50939
7.87859
8.16009
8.29597
8.31928
8.2973
8.30441
8.38692
8.54946
8.77097
8.95948
8.91852
8.72674
8.27535
7.45474
7.02511
7.08015
7.24583
7.50668
9.01423
7.72088
7.01916
7.01119
7.17386
7.36785
7.52332
7.60176
7.63622
7.67593
7.77692
7.98443
8.29681
8.68188
9.03373
9.26628
9.31572
9.29049
9.14418
8.75611
7.80649
7.11523
7.03405
6.98641
7.07295
7.26213
7.53728
7.85577
8.16961
8.44266
8.63639
8.7843
8.89617
9.01582
9.12943
9.1708
9.08268
9.02822
8.53594
7.64807
7.21631
7.19875
7.20967
7.39459
7.65525
7.92523
8.14637
8.27069
8.29276
8.28414
8.32838
8.50261
8.86473
9.25542
9.39132
9.19979
8.60065
7.69756
7.05899
6.97503
7.10531
7.37794
7.75218
8.09907
8.31157
8.40306
8.41734
8.43033
8.50958
8.63546
8.86344
9.07989
9.08953
8.95995
8.55032
7.79435
7.42812
7.4551
7.56297
7.81263
9.16022
7.85259
7.07474
7.04881
7.15593
7.33931
7.50852
7.61487
7.67641
7.73417
7.83668
8.02431
8.29651
8.61779
8.90871
9.14092
9.18397
9.09874
8.94853
8.584
7.73229
7.15013
7.09566
7.08187
7.24964
7.52379
7.82263
8.08169
8.28618
8.45819
8.61411
8.76611
8.91968
9.09438
9.23366
9.26825
9.09648
8.8722
8.26863
7.47946
7.18155
7.2125
7.23753
7.43365
7.6896
7.97713
8.20023
8.29807
8.29237
8.31477
8.42799
8.65677
9.02204
9.36157
9.39018
9.0988
8.51189
7.62016
7.04843
6.9719
7.06161
7.29547
7.65278
8.05169
8.38396
8.54421
8.57745
8.58552
8.62815
8.72713
8.95104
9.17982
9.23961
9.17706
8.80851
8.04142
7.64883
7.63009
7.68947
7.93521
9.27258
7.93871
7.08564
7.04135
7.10394
7.28144
7.48139
7.62787
7.72083
7.80181
7.9096
8.07519
8.29666
8.51954
8.74309
8.96352
9.02679
8.94497
8.80309
8.46244
7.67705
7.18666
7.17629
7.28507
7.50333
7.76556
8.00479
8.19568
8.32273
8.41353
8.53964
8.71309
8.93127
9.17035
9.31855
9.33445
9.10393
8.72796
7.98782
7.28701
7.13629
7.23665
7.33702
7.53831
7.7955
8.02895
8.20308
8.27235
8.27698
8.34309
8.52457
8.82098
9.14119
9.41443
9.38027
9.02364
8.47229
7.58707
7.06251
6.96657
7.0778
7.29526
7.61009
7.98149
8.33231
8.56395
8.64113
8.64127
8.62955
8.73333
8.94706
9.17277
9.26666
9.27628
8.90967
8.11278
7.71769
7.71196
7.75397
7.99686
9.31595
7.97807
7.07918
6.9878
7.03554
7.21546
7.44326
7.63182
7.76573
7.87252
7.98342
8.1227
8.27787
8.42496
8.59364
8.79445
8.89468
8.85231
8.71303
8.40815
7.68824
7.30799
7.32972
7.5021
7.68989
7.91075
8.10068
8.208
8.27937
8.35369
8.48016
8.67798
8.9444
9.2219
9.38381
9.35613
9.09486
8.62115
7.75521
7.08015
7.0719
7.26861
7.49253
7.69348
7.88862
8.03007
8.13574
8.19302
8.25798
8.39706
8.64798
8.95031
9.21407
9.39645
9.34425
8.99625
8.45394
7.55589
7.09241
7.03099
7.16286
7.37918
7.64257
7.91674
8.17534
8.40549
8.5641
8.6264
8.66744
8.76576
8.96509
9.15271
9.21216
9.23857
8.88911
8.13107
7.7375
7.723
7.75694
7.99587
9.30472
7.96939
7.04722
6.91636
6.96592
7.14525
7.38811
7.61318
7.79605
7.93601
8.05187
8.15946
8.24927
8.33846
8.47906
8.66384
8.80248
8.81824
8.70743
8.42905
7.75056
7.41921
7.43565
7.62546
7.78691
7.96776
8.10206
8.18369
8.2306
8.31095
8.45349
8.6697
8.95593
9.24651
9.40879
9.35853
9.06624
8.53374
7.59394
6.92271
7.00899
7.31523
7.66933
7.84638
7.95701
7.99434
8.01072
8.05765
8.20514
8.44168
8.74056
9.01427
9.22291
9.35103
9.30295
9.0268
8.45662
7.57139
7.18092
7.13888
7.25925
7.44913
7.66361
7.85361
8.01138
8.18505
8.3877
8.56098
8.64571
8.74714
8.92645
9.08014
9.143
9.14969
8.80725
8.09547
7.72181
7.69087
7.71764
7.93819
9.25303
7.92565
7.00136
6.85143
6.8977
7.07384
7.32321
7.57356
7.78898
7.96134
8.08542
8.16841
8.21683
8.27487
8.39659
8.58364
8.77334
8.86423
8.78904
8.49492
7.7943
7.45048
7.47034
7.67156
7.82007
7.95489
8.05653
8.12728
8.20371
8.30956
8.45978
8.67304
8.94317
9.2308
9.38212
9.3362
9.02827
8.47817
7.51213
6.86069
6.97581
7.35047
7.75169
7.90249
7.94074
7.89873
7.86952
7.93293
8.12035
8.43149
8.75049
8.97563
9.14557
9.25994
9.25829
9.08961
8.5172
7.64826
7.28011
7.20741
7.2787
7.42678
7.62531
7.80581
7.93926
8.05827
8.2095
8.39589
8.56359
8.72425
8.92364
9.0357
9.08194
9.05561
8.69224
8.00139
7.63926
7.59042
7.61419
7.81705
9.1599
7.86463
6.9507
6.795
6.83663
7.00962
7.261
7.5306
7.78062
7.98436
8.11544
8.17581
8.18717
8.21656
8.33714
8.57049
8.81713
8.96249
8.89041
8.52203
7.77865
7.41307
7.44314
7.63523
7.76485
7.88158
7.98449
8.08801
8.20603
8.34028
8.48784
8.67328
8.90166
9.16344
9.31875
9.29182
9.00045
8.46435
7.50059
6.88483
6.97223
7.31225
7.67595
7.82757
7.83127
7.7783
7.76891
7.87978
8.12041
8.42533
8.68229
8.86056
9.05475
9.2287
9.2766
9.16487
8.5744
7.72261
7.3427
7.24876
7.29684
7.43239
7.59629
7.73076
7.82806
7.91333
8.0292
8.21952
8.4741
8.72388
8.96156
9.07384
9.095
9.01248
8.6018
7.90876
7.54118
7.477
7.50793
7.70087
9.04507
7.79649
6.89828
6.75173
6.79008
6.95692
7.21738
7.4957
7.75589
7.98008
8.11431
8.15545
8.14761
8.18472
8.33797
8.61984
8.90269
9.03239
8.95309
8.53258
7.74747
7.35383
7.35847
7.49894
7.63585
7.79807
7.95106
8.09118
8.22756
8.36931
8.5076
8.65067
8.83417
9.07361
9.23204
9.22334
8.97162
8.47778
7.55544
6.97024
6.97166
7.18541
7.45386
7.62121
7.66861
7.68324
7.75426
7.96097
8.27652
8.53234
8.63523
8.77178
8.98366
9.19731
9.29636
9.20092
8.58492
7.77334
7.42167
7.30094
7.29223
7.38639
7.53015
7.65474
7.75387
7.83503
7.93389
8.10181
8.36101
8.67073
8.98094
9.16181
9.16851
9.00029
8.53167
7.81354
7.43466
7.36534
7.41401
7.60621
8.92637
7.72309
6.84467
6.71878
6.75512
6.93207
7.19448
7.47287
7.73219
7.93948
8.05408
8.09833
8.12392
8.20017
8.38934
8.68665
8.95728
9.0863
8.9861
8.52205
7.67672
7.23671
7.22374
7.33289
7.51171
7.73035
7.9381
8.10751
8.25282
8.37802
8.49085
8.59733
8.74397
8.94987
9.10073
9.10642
8.96505
8.54848
7.67182
7.03331
6.92913
6.99934
7.16213
7.35999
7.53708
7.68692
7.89493
8.22411
8.48316
8.62041
8.69363
8.83702
9.03927
9.22458
9.3089
9.15934
8.51559
7.77121
7.48272
7.35514
7.30659
7.37013
7.49141
7.61312
7.71551
7.80633
7.90212
8.0479
8.27874
8.63267
9.01641
9.23497
9.24715
8.97697
8.44285
7.70669
7.33436
7.28096
7.35067
7.54934
8.81294
7.64289
6.78377
6.67719
6.73936
6.93548
7.21184
7.48999
7.72532
7.88601
7.98177
8.05633
8.13417
8.25241
8.44534
8.72545
8.97134
9.09264
8.97245
8.46002
7.57727
7.10731
7.09737
7.21225
7.43381
7.69462
7.92604
8.1138
8.25692
8.35412
8.42848
8.50575
8.62244
8.78473
8.97269
9.02453
8.98765
8.64897
7.76384
7.04561
6.84536
6.79928
6.92371
7.18489
7.51669
7.87467
8.23556
8.47346
8.5941
8.6753
8.77905
8.94899
9.12915
9.25369
9.26856
9.06718
8.4248
7.71975
7.48609
7.41221
7.37064
7.41311
7.51783
7.62076
7.70927
7.80151
7.91061
8.04734
8.26781
8.62532
9.00206
9.21683
9.224
8.89804
8.32632
7.6126
7.27751
7.24113
7.33428
7.54787
8.70402
7.5438
6.73093
6.65989
6.74772
6.97533
7.26616
7.53038
7.71769
7.8407
7.93835
8.04584
8.16434
8.30772
8.48508
8.74295
8.94441
9.03482
8.90902
8.37681
7.47606
7.01402
6.99374
7.13191
7.39186
7.69183
7.93575
8.11589
8.23056
8.29323
8.33689
8.39165
8.48559
8.63787
8.84381
8.95924
9.00561
8.67359
7.79521
7.01325
6.72297
6.65519
6.80873
7.17911
7.72378
8.24678
8.50847
8.58665
8.62917
8.71077
8.85204
9.05448
9.22279
9.27909
9.20291
8.94497
8.28869
7.60638
7.44835
7.45222
7.44681
7.50743
7.59227
7.6719
7.74705
7.84552
7.97705
8.13444
8.35311
8.63781
8.92099
9.08976
9.04493
8.73934
8.22291
7.57374
7.28521
7.28711
7.39503
7.61799
8.60659
7.44886
6.6949
6.66633
6.79049
7.04615
7.33168
7.54808
7.68806
7.80418
7.91963
8.05347
8.20376
8.35278
8.5079
8.72114
8.89049
8.96445
8.86761
8.31681
7.3899
6.9518
6.92054
7.07657
7.36705
7.70472
7.96215
8.11031
8.18899
8.22527
8.24649
8.28223
8.37142
8.51737
8.73669
8.89044
8.95639
8.61477
7.78536
6.95582
6.6577
6.59543
6.85218
7.39807
8.06308
8.48871
8.62825
8.63453
8.65776
8.74182
8.89921
9.11069
9.28512
9.30435
9.17409
8.86289
8.14955
7.4427
7.34822
7.40559
7.49704
7.60723
7.70063
7.76979
7.84585
7.96091
8.1186
8.30365
8.47737
8.6672
8.85411
8.86442
8.77339
8.58495
8.18738
7.60867
7.36587
7.39687
7.52319
7.79907
8.54188
7.37811
6.70192
6.709
6.86269
7.11679
7.37171
7.5588
7.67641
7.79076
7.92717
8.08955
8.24991
8.36876
8.49157
8.68014
8.84932
8.92089
8.84371
8.27277
7.3249
6.91558
6.88162
7.04322
7.35478
7.72092
7.99167
8.10984
8.16311
8.18082
8.1867
8.22334
8.29521
8.43662
8.66228
8.80887
8.86103
8.53822
7.75896
6.95403
6.6841
6.7046
7.09257
7.69139
8.21689
8.56375
8.67832
8.64524
8.64712
8.72294
8.88643
9.09318
9.28229
9.27966
9.14032
8.83742
8.10401
7.32862
7.17289
7.28461
7.45217
7.62147
7.78732
7.91511
8.01791
8.14607
8.33091
8.50368
8.58972
8.63159
8.67453
8.62635
8.53663
8.4418
8.11923
7.62787
7.49747
7.59428
7.7352
8.02711
8.52189
7.33999
6.75218
6.77555
6.92683
7.16276
7.38757
7.53702
7.66082
7.79234
7.95201
8.12225
8.25685
8.35579
8.47718
8.6671
8.84403
8.90862
8.83625
8.24764
7.28637
6.90516
6.87438
7.03869
7.35505
7.73217
8.01816
8.13531
8.16789
8.17515
8.17117
8.19265
8.24882
8.38268
8.59221
8.72757
8.73316
8.43827
7.77365
7.01759
6.84884
7.01475
7.38392
7.80779
8.23207
8.55906
8.65346
8.62766
8.6194
8.68154
8.81602
8.99263
9.18374
9.20765
9.09345
8.81205
8.11722
7.31872
7.06303
7.08807
7.29898
7.5739
7.81218
8.0271
8.21257
8.38006
8.5321
8.63749
8.62549
8.58726
8.55325
8.49804
8.42484
8.38067
8.14309
7.77052
7.7075
7.78504
7.87877
8.16757
8.55259
7.33255
6.80743
6.83811
6.97455
7.17476
7.37392
7.53267
7.67144
7.82422
7.99654
8.14912
8.25207
8.3448
8.48601
8.69322
8.88565
8.93978
8.8508
8.24731
7.27466
6.91647
6.89407
7.05694
7.37083
7.73971
8.03016
8.16613
8.20024
8.19554
8.18622
8.1855
8.21759
8.32801
8.52616
8.62942
8.58937
8.3961
7.86183
7.2179
7.16742
7.31499
7.52663
7.83114
8.16527
8.43198
8.57662
8.58984
8.58442
8.6134
8.70735
8.8733
9.06229
9.13043
9.03993
8.78566
8.14825
7.3544
7.04548
6.99865
7.13841
7.43194
7.80558
8.15078
8.38874
8.53762
8.6158
8.61489
8.56158
8.52514
8.54473
8.52647
8.48017
8.47765
8.29517
7.91558
7.77493
7.8151
7.8843
8.17071
8.60744
7.33905
6.86163
6.89165
6.98581
7.16913
7.37175
7.54936
7.71317
7.87918
8.04043
8.16337
8.25344
8.35408
8.52746
8.76651
8.97453
9.00256
8.89475
8.27425
7.28223
6.94292
6.93999
7.09795
7.40006
7.74832
8.02205
8.16172
8.20448
8.21313
8.19586
8.17614
8.18559
8.26361
8.43293
8.54629
8.537
8.4463
8.07908
7.58236
7.43946
7.49103
7.56092
7.741
8.00661
8.28164
8.50174
8.57264
8.55945
8.55504
8.61917
8.77383
8.95734
9.0621
8.9892
8.75235
8.17459
7.4071
7.0705
7.02069
7.11647
7.3575
7.7468
8.13655
8.40199
8.51698
8.51503
8.46647
8.43848
8.50447
8.678
8.74136
8.75787
8.71737
8.42232
7.96487
7.77942
7.79376
7.85051
8.11762
8.66166
7.35464
6.90293
6.91529
6.99166
7.1749
7.39161
7.59477
7.78039
7.94459
8.07788
8.18121
8.2757
8.39908
8.60502
8.88397
9.10024
9.09234
8.9634
8.33512
7.3187
6.98454
7.01157
7.15918
7.44801
7.76636
8.00325
8.13687
8.18548
8.18586
8.1615
8.13516
8.13229
8.2021
8.39226
8.56949
8.59447
8.64315
8.3797
7.84191
7.5769
7.53704
7.50236
7.64163
7.8917
8.17295
8.42448
8.56186
8.54708
8.52747
8.56154
8.69122
8.85629
8.97257
8.90938
8.69146
8.19728
7.48814
7.15371
7.12666
7.2313
7.44167
7.71139
7.97918
8.16845
8.23733
8.21844
8.19258
8.23568
8.43058
8.74621
9.02132
9.12073
8.97933
8.53786
7.98808
7.73432
7.71997
7.79129
8.05589
8.6822
7.36217
6.94419
6.92103
7.00524
7.20623
7.44697
7.66881
7.85847
8.00175
8.10646
8.20414
8.32003
8.48359
8.71907
9.02713
9.23131
9.20729
9.04649
8.42199
7.38526
7.04399
7.10056
7.2609
7.52389
7.7878
7.96478
8.05881
8.09282
8.0921
8.07497
8.07247
8.0985
8.21428
8.44688
8.66905
8.78287
8.84833
8.56322
7.96929
7.60715
7.49758
7.4638
7.59006
7.81988
8.08482
8.33328
8.51309
8.54356
8.51777
8.53017
8.61816
8.74587
8.85215
8.79663
8.61713
8.20739
7.57793
7.27679
7.30081
7.41917
7.57152
7.73045
7.85458
7.89165
7.87085
7.85248
7.9039
8.08795
8.48635
8.96146
9.29815
9.36053
9.1844
8.6312
8.03796
7.75021
7.70989
7.7914
8.06054
8.65651
7.33267
6.95375
6.92969
7.04444
7.27334
7.53171
7.75662
7.93038
8.0481
8.1371
8.23918
8.38365
8.58631
8.83558
9.15032
9.33353
9.30707
9.12506
8.51403
7.47512
7.13672
7.21486
7.37494
7.59307
7.78798
7.89057
7.92404
7.92831
7.93674
7.95925
8.01138
8.11391
8.29485
8.58216
8.85361
8.97408
9.00039
8.65349
7.96363
7.56448
7.46262
7.4551
7.57014
7.77136
8.00212
8.22602
8.43179
8.54191
8.51725
8.5208
8.54968
8.63167
8.72142
8.68477
8.56132
8.22955
7.65801
7.42576
7.47514
7.57621
7.68283
7.74148
7.7244
7.64303
7.59475
7.60274
7.6921
7.9798
8.44773
8.94269
9.28406
9.38989
9.21911
8.72124
8.13673
7.85885
7.79609
7.86283
8.13368
8.57618
7.28254
6.95167
6.95241
7.09763
7.34859
7.61544
7.83507
7.9839
8.08766
8.17681
8.2918
8.46116
8.68055
8.91936
9.22159
9.39625
9.37695
9.18471
8.60212
7.58057
7.23708
7.31743
7.44985
7.61378
7.73285
7.77481
7.76961
7.75953
7.78199
7.85838
7.98761
8.15923
8.43118
8.75759
9.02196
9.11611
9.0405
8.63205
7.93489
7.52865
7.45936
7.47453
7.57891
7.74367
7.92733
8.11764
8.33347
8.49997
8.52771
8.51421
8.49139
8.53537
8.61608
8.60902
8.53928
8.27653
7.77313
7.5431
7.56082
7.64365
7.70187
7.69632
7.61077
7.5339
7.51203
7.58
7.74185
8.04296
8.35991
8.68084
8.92255
9.07519
9.02278
8.65868
8.18416
7.97819
7.95311
8.00338
8.26917
8.47269
7.22754
6.93424
6.98608
7.16905
7.43463
7.68825
7.87745
8.01284
8.11617
8.22395
8.36113
8.54107
8.74857
8.9645
9.23603
9.4137
9.40753
9.2211
8.68423
7.69802
7.3148
7.37098
7.44502
7.55156
7.61959
7.63971
7.64998
7.67196
7.72199
7.83257
8.02713
8.28087
8.57505
8.87422
9.11245
9.16008
9.02695
8.60946
7.91465
7.52951
7.49463
7.51706
7.60327
7.73391
7.86925
8.02543
8.222
8.42054
8.536
8.49637
8.4511
8.47317
8.54866
8.57109
8.56391
8.35773
7.87714
7.57987
7.56712
7.59774
7.60035
7.58501
7.57417
7.57716
7.62199
7.76752
8.00542
8.16964
8.31695
8.47923
8.52119
8.57906
8.65838
8.50674
8.16201
8.00958
8.00427
8.0528
8.32897
8.36206
7.19106
6.94275
7.04079
7.22842
7.48495
7.71671
7.88641
8.01559
8.13639
8.27448
8.433
8.6107
8.78479
8.96944
9.20485
9.37825
9.39018
9.23753
8.75895
7.78112
7.32609
7.33699
7.35385
7.41983
7.47834
7.5261
7.5935
7.6803
7.79607
7.95622
8.16404
8.39597
8.6227
8.8731
9.08902
9.12211
8.9686
8.59491
7.92651
7.57112
7.56417
7.55684
7.62424
7.73616
7.84292
7.96331
8.12401
8.32324
8.47561
8.46344
8.42931
8.44494
8.52262
8.57501
8.62849
8.45182
7.95839
7.58345
7.48656
7.40876
7.41458
7.50653
7.62404
7.70932
7.87155
8.10577
8.26115
8.33499
8.35978
8.39652
8.3963
8.35033
8.28737
8.12043
7.88945
7.87804
7.94598
8.03661
8.29499
8.28584
7.16438
6.94575
7.06039
7.23614
7.47231
7.68191
7.84262
7.99009
8.15232
8.33076
8.50886
8.66778
8.80484
8.94814
9.14105
9.3084
9.34634
9.24748
8.80038
7.79029
7.25929
7.23004
7.20227
7.2669
7.35432
7.4603
7.60041
7.79765
8.01701
8.18273
8.31149
8.43315
8.58059
8.78311
8.95696
9.02709
8.93392
8.60999
7.98069
7.65408
7.63486
7.60551
7.66439
7.76822
7.85861
7.93998
8.06022
8.21083
8.35672
8.42514
8.41588
8.452
8.55567
8.62699
8.71552
8.51776
7.96652
7.5124
7.31265
7.21866
7.27937
7.43793
7.6605
7.94891
8.22313
8.36174
8.41602
8.39781
8.40664
8.41967
8.39647
8.34226
8.2375
7.92561
7.54642
7.49841
7.6349
7.82017
8.08356
8.29424
7.17765
6.94367
7.02648
7.18365
7.39581
7.58806
7.75538
7.93828
8.15695
8.38822
8.59149
8.72994
8.82191
8.91274
9.06356
9.23679
9.28603
9.23594
8.77819
7.71926
7.13186
7.07834
7.04679
7.13425
7.28467
7.46313
7.71123
8.01218
8.24893
8.35134
8.40255
8.43269
8.49104
8.62869
8.80881
8.9038
8.88634
8.6062
8.02295
7.72465
7.70017
7.68679
7.74259
7.84342
7.91286
7.95938
8.02261
8.11355
8.22658
8.35683
8.41321
8.49985
8.63567
8.71727
8.76167
8.51345
7.90265
7.37854
7.16944
7.12376
7.22968
7.47529
7.84378
8.21444
8.39253
8.43964
8.43025
8.42295
8.46073
8.53625
8.51414
8.42911
8.27083
7.94316
7.5086
7.33608
7.35589
7.45693
7.67499
8.34224
7.19226
6.93913
6.97007
7.09334
7.27291
7.44566
7.62344
7.84646
8.12582
8.4208
8.65645
8.79488
8.84342
8.88866
8.99452
9.15944
9.20699
9.18947
8.70286
7.61897
7.01289
6.91604
6.93405
7.07509
7.28831
7.56471
7.88935
8.17987
8.37221
8.45697
8.4593
8.42553
8.41809
8.51849
8.69759
8.81329
8.84116
8.56236
7.97656
7.69932
7.70603
7.75573
7.86571
7.97998
8.01806
8.02121
8.02867
8.05234
8.12774
8.26327
8.408
8.56968
8.7272
8.76754
8.7317
8.40447
7.76586
7.25782
7.10781
7.12705
7.30777
7.68532
8.06895
8.2722
8.35056
8.36057
8.35145
8.39839
8.49376
8.6227
8.67636
8.62009
8.39727
7.99085
7.50721
7.29879
7.30104
7.3761
7.55883
8.38508
7.20709
6.94842
6.9238
7.00677
7.15436
7.30331
7.47494
7.71859
8.04938
8.41354
8.70285
8.83282
8.86211
8.87601
8.9535
9.10728
9.14806
9.12741
8.62
7.5262
6.90474
6.82224
6.89015
7.08201
7.37727
7.71468
8.01162
8.24929
8.41281
8.47417
8.45014
8.41065
8.4073
8.50862
8.67597
8.77725
8.78339
8.44749
7.82372
7.57147
7.6115
7.75851
7.96732
8.13115
8.1907
8.15364
8.08686
8.05033
8.0857
8.21108
8.41434
8.62678
8.77337
8.75764
8.5946
8.22189
7.63868
7.20304
7.1346
7.23888
7.57906
7.9333
8.16805
8.26888
8.23814
8.21317
8.24812
8.33933
8.48281
8.63629
8.72416
8.72833
8.56635
8.17726
7.64231
7.38216
7.3517
7.39022
7.56007
8.38677
7.17791
6.92349
6.86724
6.93936
7.08093
7.22772
7.37584
7.59921
7.93205
8.31781
8.65421
8.82251
8.86318
8.87922
8.9444
9.08267
9.11753
9.07599
8.54478
7.47412
6.86622
6.80994
6.91738
7.16909
7.51447
7.8228
8.05566
8.24417
8.37519
8.42739
8.41884
8.42027
8.46896
8.58816
8.7571
8.84617
8.7715
8.31274
7.61441
7.35344
7.4206
7.64203
7.91727
8.17937
8.32328
8.30428
8.20758
8.12481
8.12023
8.23277
8.45411
8.64495
8.73622
8.66836
8.40575
8.05912
7.56189
7.21028
7.24783
7.52832
7.83555
8.06856
8.17594
8.16545
8.14156
8.13296
8.17971
8.27089
8.41125
8.5644
8.67435
8.70305
8.61085
8.31599
7.84343
7.58732
7.52785
7.53108
7.6885
8.31643
7.07857
6.85906
6.81518
6.90386
7.06095
7.22246
7.37454
7.56034
7.82182
8.14201
8.46776
8.715
8.83106
8.88538
8.96841
9.07586
9.09744
9.02599
8.5169
7.49097
6.90163
6.86784
7.02402
7.30994
7.6179
7.85602
8.03448
8.16107
8.26189
8.3398
8.39028
8.45317
8.57716
8.73851
8.91431
8.96925
8.8185
8.28879
7.47991
7.12626
7.13158
7.388
7.76638
8.10499
8.28917
8.3408
8.30029
8.22574
8.21519
8.29998
8.46374
8.61022
8.65396
8.52787
8.24621
7.9578
7.55008
7.33918
7.5428
7.79129
7.9809
8.07257
8.11129
8.11146
8.11706
8.13588
8.16604
8.23258
8.33501
8.45626
8.5577
8.59846
8.56202
8.32676
7.92403
7.73837
7.72662
7.74541
7.91389
8.19295
6.94491
6.76735
6.77394
6.89708
7.08359
7.2632
7.43305
7.60846
7.78403
7.97368
8.20716
8.47484
8.70666
8.86016
8.99411
9.10365
9.12348
9.03046
8.57175
7.57884
6.99249
7.00001
7.16037
7.41385
7.6642
7.83585
7.93854
8.02773
8.13738
8.26486
8.38536
8.51567
8.70075
8.91932
9.09856
9.10887
8.90324
8.33996
7.47184
7.03478
6.94362
7.06674
7.39289
7.80206
8.11245
8.25008
8.26036
8.23195
8.24777
8.3184
8.43048
8.53761
8.55578
8.407
8.15621
7.96962
7.67771
7.69895
7.80741
7.95004
7.98667
8.04806
8.07911
8.12506
8.16778
8.20357
8.22625
8.24666
8.28168
8.37282
8.44298
8.48758
8.47506
8.27975
7.91809
7.76629
7.76849
7.8088
7.99093
8.03857
6.80818
6.65204
6.73456
6.92421
7.14659
7.34926
7.53099
7.67891
7.78235
7.86737
7.98042
8.17246
8.45096
8.7344
8.99555
9.19942
9.24973
9.12097
8.70668
7.73106
7.14342
7.13554
7.25934
7.46063
7.64035
7.76128
7.8357
7.91806
8.03786
8.20383
8.39313
8.58614
8.81986
9.07438
9.25104
9.22095
9.00981
8.45769
7.5629
7.07342
6.96164
6.97465
7.08864
7.31672
7.61983
7.90215
8.06847
8.1285
8.162
8.23744
8.34111
8.43848
8.4861
8.38594
8.22378
8.16648
8.06536
7.96692
7.94031
7.99791
8.00657
8.05865
8.14223
8.22349
8.30481
8.34387
8.33285
8.3045
8.30621
8.34294
8.3867
8.39482
8.35688
8.17098
7.84803
7.72195
7.73267
7.77683
7.95543
7.88456
6.67567
6.52613
6.66586
6.9399
7.23611
7.47253
7.6409
7.74226
7.78327
7.79315
7.83042
7.93218
8.15728
8.50963
8.92017
9.27763
9.43635
9.35217
8.92069
7.94322
7.29176
7.24135
7.29525
7.42262
7.57403
7.68082
7.75753
7.84013
7.96737
8.15662
8.39411
8.65151
8.9178
9.18539
9.33174
9.3049
9.12073
8.62153
7.73761
7.20394
7.07279
7.02986
7.05001
7.08553
7.16
7.31172
7.54132
7.75642
7.89795
7.99506
8.12875
8.29508
8.45119
8.50301
8.54565
8.66401
8.442
8.10514
8.00044
7.99621
8.05299
8.17797
8.30159
8.39898
8.46751
8.48076
8.44784
8.40805
8.39969
8.4131
8.42022
8.38718
8.2868
8.02866
7.66728
7.52957
7.55794
7.61664
7.78978
7.76624
6.58194
6.42987
6.59808
6.94947
7.32501
7.60692
7.74981
7.79051
7.76164
7.71809
7.7057
7.75698
7.93148
8.28746
8.80747
9.28947
9.56667
9.61557
9.12175
8.12686
7.39535
7.28292
7.27389
7.36606
7.5076
7.62691
7.71768
7.81089
7.94163
8.13792
8.40125
8.70186
8.99135
9.2475
9.36417
9.35674
9.20019
8.7625
7.91918
7.36564
7.22433
7.13004
7.0853
7.05575
7.03018
7.02665
7.07315
7.22772
7.44778
7.64982
7.83893
8.09969
8.43314
8.84688
9.11526
9.0362
8.58525
8.13023
7.98245
7.96544
8.08276
8.28883
8.49318
8.62329
8.66165
8.62889
8.56622
8.51872
8.50161
8.50599
8.49634
8.42933
8.27878
7.98412
7.5587
7.33715
7.32918
7.37318
7.53372
7.69045
6.51932
6.35893
6.5406
6.93867
7.36753
7.69413
7.84381
7.83109
7.75653
7.68062
7.6375
7.66
7.80285
8.12761
8.65783
9.26998
9.68181
9.8042
9.28299
8.26958
7.47231
7.31224
7.26412
7.33656
7.46297
7.57844
7.67285
7.77312
7.91117
8.11814
8.40652
8.73758
9.04886
9.28889
9.38474
9.40169
9.26343
8.86305
8.04771
7.49204
7.3461
7.23254
7.1457
7.04776
6.96251
6.91416
6.90033
6.93513
7.02668
7.17423
7.43751
7.91748
8.58229
9.27622
9.61532
9.40523
8.78957
8.21065
7.96665
7.94286
8.16085
8.45592
8.69321
8.80632
8.78701
8.72002
8.65575
8.6257
8.61989
8.62389
8.5875
8.47509
8.29471
7.96844
7.50466
7.25188
7.21133
7.21281
7.35643
)
;

boundaryField
{
    inlet
    {
        type            fixedValue;
        value           uniform 1;
    }
    outlet
    {
        type            zeroGradient;
    }
    bottom
    {
        type            symmetryPlane;
    }
    top
    {
        type            symmetryPlane;
    }
    obstacle
    {
        type            zeroGradient;
    }
    defaultFaces
    {
        type            empty;
    }
}


// ************************************************************************* //
