/*--------------------------------*- C++ -*----------------------------------*\
| =========                 |                                                 |
| \\      /  F ield         | OpenFOAM: The Open Source CFD Toolbox           |
|  \\    /   O peration     | Version:  v1912                                 |
|   \\  /    A nd           | Website:  www.openfoam.com                      |
|    \\/     M anipulation  |                                                 |
\*---------------------------------------------------------------------------*/
FoamFile
{
    version     2.0;
    format      ascii;
    class       volScalarField;
    location    "1.2";
    object      p;
}
// * * * * * * * * * * * * * * * * * * * * * * * * * * * * * * * * * * * * * //

dimensions      [1 -1 -2 0 0 0 0];


internalField   nonuniform List<scalar> 
4800
(
1018.5
57.0027
7.84896
6.72515
5.39242
5.22722
5.36319
5.62193
5.92575
6.29437
6.7427
7.26868
7.85738
8.49401
9.19843
9.99626
10.874
11.6071
11.9181
11.9336
11.7449
11.5374
10.9924
9.01558
6.97296
6.69512
6.70024
6.79961
6.90889
7.0122
7.15816
7.39981
7.79711
8.28928
8.7789
9.20503
9.55858
9.79646
9.94992
10.0709
1018.43
56.7032
7.8279
6.65921
5.35077
5.17639
5.30397
5.57616
5.90519
6.30405
6.77427
7.31744
7.93207
8.60319
9.31296
10.0596
10.8298
11.4427
11.7403
11.8133
11.7261
11.5989
11.0141
8.94942
6.86964
6.5702
6.5833
6.7332
6.90447
7.06818
7.25731
7.52997
7.85256
8.21729
8.59744
8.96941
9.33317
9.65743
9.87216
10.0449
1018.88
56.3205
7.74041
6.49714
5.25911
5.07952
5.21351
5.53065
5.90632
6.34644
6.84852
7.4195
8.06186
8.75448
9.46272
10.1372
10.7586
11.2075
11.4784
11.6459
11.7342
11.7355
11.0943
8.88121
6.72147
6.40763
6.46342
6.67349
6.921
7.17423
7.43064
7.65746
7.86184
8.08961
8.34891
8.67627
9.06619
9.48078
9.82581
10.0198
1019.7
55.7227
7.59992
6.26923
5.16159
4.96543
5.11459
5.47051
5.90775
6.40629
6.96368
7.57316
8.22573
8.90574
9.57631
10.1786
10.6902
11.0251
11.2855
11.512
11.7161
11.8076
11.1242
8.78294
6.55818
6.24112
6.34759
6.64687
7.00116
7.3151
7.54389
7.68307
7.80669
7.92674
8.11248
8.39015
8.77314
9.24648
9.69625
9.98502
1020.8
54.8595
7.37726
5.97335
5.06683
4.86562
5.04669
5.42008
5.90902
6.48258
7.1145
7.75766
8.39293
9.02527
9.62689
10.1612
10.5764
10.885
11.1551
11.451
11.6921
11.7865
11.0779
8.69003
6.43332
6.13247
6.31126
6.68218
7.07111
7.35724
7.51518
7.61876
7.697
7.7995
7.94761
8.17122
8.51482
8.99059
9.50307
9.91034
1021.16
53.8085
7.11777
5.68607
4.99156
4.81583
5.02179
5.40148
5.92323
6.56619
7.26271
7.92937
8.54498
9.12113
9.6404
10.1019
10.4952
10.8281
11.1351
11.4346
11.6753
11.6768
10.979
8.63352
6.3664
6.11437
6.34549
6.71784
7.05924
7.27951
7.40968
7.50413
7.60076
7.71233
7.83746
8.0182
8.30096
8.71493
9.23619
9.74444
1019.88
52.759
6.88581
5.46832
4.93382
4.81504
5.03828
5.42171
5.95881
6.63934
7.36102
8.05109
8.66549
9.17843
9.62172
10.0456
10.4492
10.8197
11.147
11.4256
11.6326
11.5399
10.9112
8.65357
6.3724
6.16315
6.40038
6.7119
6.97066
7.13641
7.26051
7.38724
7.52338
7.65663
7.78638
7.92472
8.11762
8.43169
8.89168
9.4682
1018.2
52.5227
6.75902
5.38741
4.91364
4.85648
5.08669
5.47047
6.00915
6.67639
7.39468
8.09876
8.71494
9.20258
9.62296
10.0313
10.4472
10.8425
11.16
11.3909
11.5503
11.4296
10.9028
8.73932
6.45348
6.23165
6.42145
6.65687
6.84518
6.98006
7.13086
7.30498
7.47934
7.63198
7.7568
7.86272
7.98821
8.19511
8.54751
9.08492
1018.7
52.6883
6.71233
5.42004
4.96413
4.93296
5.17267
5.55827
6.0674
6.67584
7.35736
8.05057
8.67457
9.19764
9.64621
10.0719
10.5024
10.89
11.1665
11.3266
11.4624
11.3718
10.9646
8.90309
6.57453
6.28811
6.3924
6.55708
6.70806
6.86312
7.04998
7.26018
7.46233
7.63063
7.75343
7.8342
7.91101
8.04169
8.28425
8.70094
1017.71
52.1815
6.81441
5.5389
5.08589
5.03343
5.28182
5.65307
6.10955
6.6504
7.2697
7.92768
8.57236
9.16588
9.68837
10.1657
10.6047
10.9604
11.1652
11.2684
11.4192
11.3891
11.1294
9.11856
6.67394
6.31394
6.29944
6.4417
6.61264
6.79714
7.00564
7.23577
7.45826
7.64056
7.76701
7.83285
7.88081
7.9724
8.13373
8.44791
1018.47
52.5161
7.02088
5.7686
5.22257
5.14562
5.3831
5.72448
6.12716
6.60928
7.1675
7.78366
8.43554
9.09244
9.71064
10.2594
10.7116
11.0294
11.1764
11.2656
11.4344
11.5063
11.3507
9.31161
6.73314
6.25201
6.19786
6.3696
6.56874
6.76955
6.98477
7.21691
7.44487
7.63753
7.77782
7.84934
7.87877
7.94555
8.07314
8.32481
1017.71
53.7337
7.29129
6.04508
5.32354
5.24705
5.45955
5.77671
6.14689
6.58089
7.08526
7.65714
8.29117
8.97934
9.67921
10.3073
10.8085
11.1041
11.2249
11.345
11.5143
11.714
11.5483
9.42722
6.74896
6.17443
6.14471
6.34564
6.563
6.76784
6.97574
7.19096
7.40642
7.60643
7.77263
7.86951
7.89951
7.94299
8.04496
8.25982
1016.27
54.8928
7.50996
6.28623
5.37289
5.324
5.50449
5.81049
6.16232
6.56773
7.03598
7.56974
8.17221
8.85528
9.59904
10.2928
10.8508
11.181
11.3313
11.5246
11.7061
11.9682
11.6714
9.46472
6.74308
6.13915
6.14408
6.35692
6.58181
6.78299
6.96949
7.15184
7.34621
7.55567
7.74886
7.87754
7.92605
7.95476
8.03037
8.20496
1014.52
55.5826
7.64111
6.45155
5.40117
5.36046
5.51608
5.81679
6.16624
6.56724
7.02277
7.53153
8.10432
8.7589
9.49448
10.2126
10.8326
11.257
11.4961
11.7425
11.9797
12.17
11.6735
9.49261
6.76939
6.14534
6.17382
6.39473
6.62165
6.80762
6.95994
7.10377
7.27826
7.49259
7.70763
7.86935
7.94739
7.97353
8.02721
8.15728
1012.73
55.8534
7.68999
6.52092
5.39213
5.35556
5.49854
5.78666
6.13762
6.55562
7.02294
7.52836
8.08565
8.70944
9.39808
10.0951
10.7588
11.3249
11.6981
11.995
12.2234
12.2536
11.6402
9.56297
6.83464
6.17722
6.21962
6.44525
6.66852
6.83274
6.95044
7.06502
7.21959
7.42966
7.66107
7.8505
7.96033
8.00003
8.03792
8.13102
1013.3
55.9323
7.68761
6.5112
5.34603
5.30226
5.457
5.74058
6.09803
6.52464
7.00836
7.53624
8.09686
8.69687
9.32933
9.98552
10.6695
11.3393
11.8732
12.2146
12.3792
12.2298
11.6333
9.67812
6.91959
6.22114
6.27544
6.49806
6.70983
6.85298
6.94985
7.04626
7.18017
7.37125
7.60359
7.82558
7.97366
8.03378
8.06235
8.12146
1013.53
55.8887
7.6877
6.44815
5.26701
5.20149
5.37053
5.66942
6.03941
6.47465
6.97148
7.52275
8.11172
8.70128
9.29096
9.91769
10.6221
11.3657
11.9921
12.3584
12.4187
12.1757
11.657
9.80574
7.00217
6.27139
6.32848
6.5423
6.73834
6.87281
6.96866
7.0555
7.16632
7.32012
7.54096
7.78951
7.98713
8.07271
8.10349
8.13698
1013.9
55.8364
7.6506
6.39374
5.19525
5.08568
5.23221
5.55365
5.94071
6.39395
6.91118
7.48496
8.09042
8.69834
9.27711
9.89751
10.6213
11.4334
12.0631
12.4162
12.3489
12.1074
11.6996
9.92078
7.0724
6.32401
6.37398
6.57691
6.76222
6.90118
7.00781
7.09053
7.17536
7.2939
7.48691
7.74395
7.99534
8.12136
8.16497
8.18941
1013.16
55.8762
7.62162
6.34393
5.14935
5
5.09104
5.40831
5.80253
6.27529
6.81634
7.41012
8.03293
8.65005
9.27005
9.92969
10.6988
11.5324
12.1322
12.3957
12.2771
12.0592
11.7388
9.98065
7.10494
6.37055
6.41415
6.60781
6.79026
6.94018
7.05862
7.1426
7.20831
7.29755
7.45023
7.69083
7.97287
8.18307
8.25728
8.28596
1012.36
55.9657
7.60226
6.289
5.11686
4.94685
5.01068
5.30346
5.67787
6.14351
6.69105
7.29067
7.91802
8.55816
9.23252
9.98908
10.8501
11.6628
12.1969
12.3087
12.2151
12.0503
11.8048
10.0008
7.10311
6.41314
6.45278
6.64262
6.82808
6.98894
7.11771
7.207
7.26591
7.33388
7.44931
7.65529
7.93539
8.22409
8.38539
8.43271
1012.74
56.3156
7.61345
6.23361
5.1035
4.89562
4.97201
5.25625
5.62282
6.07156
6.58282
7.14337
7.7383
8.38797
9.14658
10.055
11.0283
11.8102
12.238
12.2447
12.2073
12.0826
11.857
9.97919
7.07796
6.45432
6.48967
6.68046
6.87247
7.04451
7.18625
7.28629
7.34882
7.40594
7.49273
7.66058
7.91374
8.22899
8.49864
8.60618
1013.85
56.7392
7.66831
6.19781
5.10064
4.86492
4.96085
5.25162
5.62174
6.06233
6.54818
7.03813
7.55352
8.16717
8.99486
10.0564
11.1354
11.911
12.2618
12.2338
12.2713
12.1426
11.9343
9.91876
7.03868
6.48914
6.52037
6.71401
6.91188
7.09483
7.2552
7.3736
7.44406
7.49682
7.57069
7.70471
7.93261
8.24338
8.56432
8.75042
1014.87
56.931
7.75213
6.20305
5.12181
4.86609
4.97923
5.28645
5.6656
6.09607
6.55274
6.99981
7.44873
7.99237
8.82358
9.95482
11.1125
11.9167
12.2557
12.267
12.3757
12.2473
11.9964
9.82192
6.99005
6.51166
6.54282
6.74043
6.94386
7.13518
7.31321
7.45765
7.54709
7.60368
7.67219
7.78553
7.99701
8.28551
8.58949
8.81273
1017.07
56.9189
7.91844
6.29203
5.17708
4.90623
5.03028
5.35143
5.73625
6.15153
6.56764
6.9792
7.42001
7.95857
8.72556
9.77543
10.8757
11.7153
12.1735
12.335
12.4675
12.3661
12.0244
9.71471
6.9476
6.52407
6.56645
6.7681
6.971
7.163
7.35135
7.52153
7.64158
7.71664
7.79148
7.89873
8.08143
8.32288
8.57435
8.78306
1019.39
56.9359
8.12185
6.43703
5.26276
4.98822
5.10457
5.43271
5.80927
6.20018
6.58975
6.99749
7.46329
8.03694
8.75287
9.59422
10.4954
11.3284
11.9668
12.361
12.5284
12.4883
12.0387
9.61885
6.91876
6.52643
6.58842
6.79474
6.99361
7.18166
7.37377
7.5614
7.7178
7.82793
7.91856
8.02353
8.16921
8.34715
8.5298
8.7189
1020.83
56.8851
8.29879
6.57906
5.35313
5.07592
5.19378
5.51439
5.86057
6.21547
6.59601
7.03632
7.56888
8.2033
8.87369
9.48778
10.116
10.8294
11.6044
12.2301
12.5786
12.6067
12.0296
9.54019
6.91386
6.52689
6.60748
6.81723
7.0087
7.1852
7.37221
7.57596
7.76877
7.92169
8.04007
8.13809
8.2357
8.33881
8.47156
8.67699
1020.85
56.8444
8.40996
6.66448
5.42262
5.16536
5.27848
5.57114
5.8755
6.20364
6.59083
7.08849
7.71581
8.41419
9.02137
9.48103
9.9015
10.4276
11.1789
11.9624
12.464
12.6767
11.9977
9.50248
6.93272
6.53864
6.62837
6.84034
7.02283
7.18259
7.351
7.56064
7.79348
7.99251
8.13302
8.21499
8.25735
8.30728
8.43929
8.70415
1020.15
56.6561
8.37832
6.64332
5.44302
5.21257
5.32033
5.58337
5.85261
6.16899
6.59138
7.17632
7.89729
8.61994
9.14127
9.51246
9.82785
10.2109
10.802
11.507
12.2435
12.6154
11.9571
9.52629
6.98736
6.5621
6.64643
6.85578
7.02108
7.16238
7.32023
7.53825
7.79841
8.02793
8.16268
8.22123
8.24548
8.29784
8.48289
8.81132
1018.63
56.3268
8.21606
6.52465
5.42042
5.21261
5.31474
5.5503
5.803
6.1342
6.62031
7.30707
8.10019
8.77906
9.232
9.57613
9.86267
10.1715
10.5745
11.0226
11.8261
12.3842
11.9279
9.58802
7.06037
6.5951
6.66636
6.87438
7.03201
7.15972
7.30669
7.52053
7.77987
8.01326
8.14955
8.20552
8.24717
8.35754
8.60342
8.99011
1016.76
56.0291
7.96984
6.33019
5.363
5.16612
5.27874
5.49312
5.75366
6.12653
6.71241
7.4954
8.29892
8.89384
9.31459
9.6532
9.96743
10.2381
10.4841
10.7625
11.3676
12.0494
11.8732
9.6553
7.1328
6.63571
6.68953
6.89975
7.05841
7.17873
7.31189
7.50612
7.74308
7.96328
8.10945
8.19825
8.3017
8.48991
8.80932
9.22551
1014.78
55.8133
7.65464
6.10253
5.28959
5.08919
5.21618
5.44104
5.74415
6.20209
6.88671
7.70699
8.45156
8.98888
9.40534
9.76037
10.1014
10.3517
10.5071
10.6827
11.0384
11.6623
11.7494
9.69537
7.16916
6.6708
6.71539
6.93205
7.10045
7.21622
7.33256
7.49319
7.68941
7.89007
8.07212
8.2418
8.44002
8.71297
9.0734
9.43227
1013.2
55.5475
7.34736
5.88714
5.20462
5.00464
5.1592
5.42282
5.79793
6.36321
7.10006
7.87337
8.5404
9.06687
9.50357
9.88405
10.224
10.4736
10.5932
10.7021
10.8702
11.3079
11.4943
9.64004
7.16925
6.70272
6.72223
6.93739
7.12677
7.2576
7.36113
7.47746
7.62518
7.81836
8.0749
8.37656
8.6807
9.0173
9.31879
9.54359
1013.19
55.3431
7.09664
5.72146
5.12125
4.9456
5.13568
5.46145
5.93892
6.5742
7.28973
7.97511
8.59351
9.13285
9.59789
9.99866
10.3313
10.5887
10.7342
10.8034
10.8522
11.0481
11.1378
9.45263
7.13011
6.70783
6.71201
6.91913
7.11731
7.25965
7.35991
7.44904
7.57203
7.80352
8.1535
8.57445
9.0106
9.32419
9.4853
9.55278
1013.04
54.8758
6.90815
5.62107
5.04199
4.92015
5.16652
5.58165
6.13837
6.77399
7.4122
8.03603
8.63779
9.18896
9.67273
10.0875
10.4302
10.7126
10.8925
10.9491
10.9457
10.8931
10.7717
9.13927
7.01951
6.6615
6.70255
6.87416
7.05696
7.19091
7.28776
7.38755
7.54803
7.8447
8.29721
8.85988
9.3148
9.51349
9.5508
9.54081
1014.57
54.415
6.82802
5.5952
4.99071
4.93935
5.26421
5.76763
6.33875
6.9146
7.49736
8.09296
8.69321
9.25916
9.75264
10.1738
10.5217
10.8143
11.0355
11.1159
11.0758
10.8585
10.476
8.74565
6.82029
6.55598
6.69975
6.82948
6.96535
7.05291
7.14602
7.28817
7.54939
7.97101
8.53167
9.08056
9.44048
9.54999
9.55435
9.52619
1017.74
54.2692
6.81291
5.65809
4.98867
5.03424
5.4228
5.95778
6.48311
7.00227
7.54044
8.12791
8.72651
9.29565
9.79332
10.2302
10.6042
10.9133
11.1527
11.2573
11.2035
10.9114
10.3278
8.38629
6.54361
6.38755
6.6445
6.79501
6.86605
6.91988
7.01946
7.22891
7.61002
8.12299
8.66327
9.09845
9.33846
9.4539
9.49563
9.49495
1020.15
54.4394
6.84711
5.80465
5.05277
5.19634
5.6015
6.08252
6.55551
7.05271
7.5874
8.16278
8.75017
9.32053
9.83483
10.3015
10.7007
11.0091
11.234
11.3426
11.2996
11.0208
10.3053
8.16301
6.27236
6.17275
6.45415
6.70075
6.80137
6.8592
7.00272
7.28523
7.71035
8.19962
8.6264
8.88601
9.08225
9.21969
9.31843
9.40599
1020.62
54.6122
6.85973
5.9815
5.20434
5.3644
5.73961
6.13479
6.59478
7.10471
7.63879
8.19347
8.76122
9.33194
9.87883
10.3824
10.8009
11.0938
11.2814
11.3784
11.3529
11.1524
10.3565
8.0524
6.1027
5.94618
6.15761
6.47292
6.73666
6.9422
7.16731
7.50146
7.87263
8.19781
8.4257
8.58725
8.73048
8.88706
9.07227
9.28469
1020.3
54.7249
6.85441
6.15866
5.38718
5.49872
5.82426
6.14984
6.61519
7.13513
7.67068
8.20912
8.76028
9.33374
9.91725
10.4585
10.892
11.1625
11.3023
11.3784
11.3589
11.263
10.4486
8.0174
6.02765
5.77199
5.89474
6.23266
6.63816
7.02914
7.4608
7.81169
8.06358
8.20288
8.25984
8.32516
8.42626
8.60446
8.86488
9.18204
1020.08
54.8005
6.80119
6.24426
5.49186
5.58187
5.89706
6.17608
6.62463
7.14674
7.68948
8.2261
8.77232
9.34252
9.94169
10.5035
10.9528
11.2188
11.3202
11.3704
11.3265
11.2732
10.5031
8.02016
6.00208
5.67406
5.73457
6.03844
6.50018
7.12102
7.65948
8.06822
8.23765
8.21545
8.16455
8.1687
8.25487
8.42186
8.69746
9.09051
10.1948
10.3613
10.5126
10.6693
10.8381
11.0552
11.4811
12.2382
13.0368
12.9501
11.441
8.03511
6.65643
6.53832
6.69493
6.99055
7.2971
7.56577
7.68257
7.6775
7.61274
7.54478
7.52445
7.619
7.9254
8.49077
9.13749
9.60013
9.8488
9.87552
9.792
9.70253
9.66594
9.66544
9.68352
9.74575
9.84983
10.004
10.18
10.2487
10.2902
10.0245
8.9643
7.95972
7.73052
7.60576
7.59557
7.67867
7.84873
8.06581
8.29034
8.43465
8.45206
8.39708
8.39352
8.53105
8.80951
9.19247
9.52695
9.68715
9.74439
9.88215
10.186
10.6286
11.1291
11.4126
11.4585
10.6404
8.98622
8.00208
7.70401
7.67484
7.85427
8.20965
8.6071
8.81888
8.80809
8.63905
8.40223
8.40625
10.2171
10.4032
10.6067
10.8075
10.9838
11.2044
11.5862
12.1317
12.5196
12.2733
10.6505
7.67993
6.70265
6.6361
6.82253
7.12518
7.40314
7.58805
7.66175
7.62659
7.58589
7.57464
7.60627
7.78533
8.15722
8.643
9.17542
9.56371
9.76381
9.7852
9.75497
9.71447
9.70119
9.71297
9.75561
9.84452
9.96488
10.0837
10.2311
10.2621
10.223
9.76979
8.64198
7.84555
7.71331
7.63449
7.66722
7.76657
7.9356
8.14638
8.33033
8.4171
8.41745
8.41245
8.46618
8.63284
8.92936
9.28295
9.57787
9.73102
9.85552
10.0604
10.3896
10.8115
11.216
11.3391
11.103
10.1665
8.74586
8.03985
7.8973
7.9081
8.10436
8.32853
8.45358
8.50397
8.48705
8.44122
8.33409
8.34125
10.2158
10.4073
10.5996
10.7936
11.0165
11.2661
11.6107
12.1302
12.3468
12.0243
10.3042
7.59409
6.80936
6.79688
6.98023
7.22572
7.41147
7.50989
7.54969
7.56324
7.59592
7.65613
7.81202
8.06086
8.34712
8.64957
8.97806
9.33543
9.5761
9.69753
9.74238
9.75838
9.7732
9.79632
9.84837
9.91285
9.97788
10.0781
10.22
10.257
10.1722
9.57193
8.34439
7.73991
7.6769
7.6653
7.7532
7.87349
8.02013
8.15555
8.23629
8.29794
8.3645
8.45706
8.56698
8.74771
9.01653
9.27321
9.50893
9.72899
9.93857
10.1751
10.5242
10.9332
11.2233
11.1512
10.7703
9.86801
8.62902
8.09551
8.07687
8.24839
8.35807
8.33987
8.27365
8.24375
8.18641
8.24173
8.26626
8.29067
10.1888
10.381
10.5796
10.7853
11.0225
11.2905
11.6327
11.9953
11.9787
11.4909
9.99105
7.69695
6.98433
7.01957
7.14079
7.28773
7.35828
7.39293
7.45185
7.54633
7.6663
7.86493
8.1145
8.30684
8.43228
8.55985
8.73343
9.04235
9.37758
9.62329
9.75283
9.81489
9.86564
9.9079
9.95961
10.0075
10.0714
10.1736
10.2726
10.3117
10.0931
9.24496
8.03153
7.65897
7.66914
7.7491
7.88332
8.0084
8.08929
8.09827
8.11867
8.2006
8.35554
8.55342
8.7286
8.90659
9.08617
9.24508
9.45404
9.74748
10.0933
10.412
10.748
11.0301
11.0632
10.7984
10.4166
9.52991
8.45839
8.24166
8.35708
8.47093
8.40243
8.28702
8.17435
8.10696
8.08881
8.18835
8.27152
8.30333
10.1445
10.3269
10.5078
10.7059
10.976
11.2877
11.5885
11.7322
11.5386
11.0092
9.93428
8.04251
7.21372
7.22787
7.22685
7.26214
7.28245
7.30523
7.40465
7.58177
7.84933
8.15791
8.37034
8.43054
8.42642
8.43021
8.53751
8.77388
9.14222
9.49203
9.72916
9.86937
9.96629
10.0295
10.0652
10.097
10.1863
10.2956
10.338
10.3565
9.95177
8.84846
7.75885
7.58706
7.66451
7.85094
8.0208
8.10798
8.08218
8.02747
8.02778
8.13954
8.37811
8.6654
8.90444
9.03044
9.09829
9.21453
9.45004
9.83536
10.2809
10.6241
10.9189
10.9935
10.8472
10.5548
10.1368
9.33413
8.41999
8.31972
8.37831
8.38169
8.30211
8.17619
8.09541
8.08614
8.13402
8.2735
8.37314
8.42955
10.0655
10.2077
10.4002
10.6325
10.923
11.1867
11.3321
11.2704
10.993
10.6456
10.0284
8.48606
7.42761
7.35072
7.24482
7.22155
7.22733
7.27641
7.42109
7.70986
8.10335
8.39679
8.49947
8.45524
8.38232
8.34957
8.41398
8.60131
8.92797
9.33847
9.68657
9.92204
10.0671
10.1341
10.1568
10.1968
10.3454
10.465
10.4304
10.3756
9.72303
8.43178
7.56712
7.52565
7.67893
7.93964
8.12929
8.14933
8.06055
7.97335
7.98324
8.14441
8.43085
8.78979
9.06127
9.11793
9.13067
9.23034
9.50186
9.97218
10.4604
10.7665
10.9143
10.8074
10.7041
10.4383
10.0765
9.23682
8.33067
8.10514
8.1077
8.12291
8.13791
8.1082
8.10672
8.14509
8.25344
8.4378
8.51937
8.55939
9.9241
10.0686
10.287
10.5225
10.7664
10.9176
10.9109
10.7867
10.6025
10.4863
10.1925
8.86849
7.5815
7.38144
7.21379
7.18192
7.20432
7.30461
7.52184
7.91275
8.28431
8.51519
8.52612
8.4564
8.37166
8.33453
8.3591
8.50656
8.79521
9.21185
9.63431
9.94394
10.1193
10.1885
10.2268
10.3163
10.5346
10.6484
10.5544
10.3453
9.41959
8.05603
7.4733
7.48935
7.71709
8.00654
8.16681
8.13909
8.0346
7.95723
7.99654
8.20406
8.52901
8.89398
9.14941
9.20109
9.21306
9.33232
9.6344
10.0906
10.5231
10.719
10.7295
10.6445
10.4674
10.4186
10.0879
9.18123
8.13536
7.7956
7.77927
7.86151
7.99822
8.13866
8.20923
8.28775
8.40059
8.57747
8.67909
8.74232
9.61159
9.87097
10.1205
10.3039
10.4268
10.4524
10.3972
10.3688
10.3839
10.4441
10.2864
9.07841
7.63628
7.32438
7.15349
7.16622
7.24071
7.40691
7.70212
8.07064
8.35977
8.53075
8.5203
8.45728
8.38684
8.35338
8.36399
8.47425
8.72494
9.11952
9.56957
9.9183
10.1052
10.1847
10.2712
10.4561
10.7363
10.8415
10.7098
10.2714
9.07594
7.7947
7.45711
7.52693
7.78162
8.02115
8.12067
8.09728
8.01847
7.99327
8.07739
8.30624
8.62821
8.94919
9.17021
9.2965
9.3779
9.54495
9.83352
10.1912
10.4529
10.5653
10.5026
10.37
10.39
10.3858
10.0338
9.06836
8.04595
7.66197
7.56517
7.68362
7.92135
8.16281
8.34376
8.46254
8.55122
8.66847
8.75816
8.84136
9.18978
9.57886
9.84272
9.97246
10.0023
9.98437
9.97695
10.0826
10.2513
10.3965
10.2611
9.11486
7.58749
7.21696
7.11634
7.19233
7.34701
7.58228
7.8685
8.12314
8.36376
8.49294
8.50949
8.47372
8.4315
8.40739
8.41705
8.50438
8.71974
9.06722
9.50144
9.85523
10.0513
10.1446
10.2678
10.5558
10.9242
11.0388
10.8359
10.1739
8.75732
7.68172
7.5182
7.63025
7.84118
7.97972
8.0284
8.0347
8.03696
8.08302
8.21241
8.43863
8.71988
8.94476
9.16791
9.40759
9.62146
9.84583
10.0328
10.1536
10.2254
10.2123
10.2291
10.2621
10.3071
10.2702
9.90605
9.02659
7.93855
7.5683
7.48774
7.64602
7.90526
8.17509
8.37936
8.52796
8.61983
8.72535
8.856
8.97911
8.84535
9.2622
9.54851
9.66252
9.66239
9.65002
9.72142
9.90347
10.116
10.2654
10.1038
9.01068
7.46868
7.08595
7.09167
7.24993
7.4947
7.75337
7.95383
8.11455
8.24822
8.39435
8.49608
8.52637
8.51117
8.49555
8.50296
8.57863
8.76469
9.05487
9.42919
9.76917
9.98192
10.1092
10.2841
10.6407
11.0095
11.1231
10.8636
10.02
8.52006
7.75019
7.67255
7.75464
7.8659
7.92239
7.94445
7.98928
8.10013
8.23134
8.39739
8.59218
8.77772
8.95498
9.2106
9.55418
9.8804
10.0316
10.0293
9.9539
9.81317
9.85323
9.94309
10.1167
10.2201
10.1778
9.87579
8.8818
7.83767
7.57009
7.5415
7.69487
7.92424
8.14285
8.33904
8.48519
8.60194
8.73682
8.91035
9.09423
8.65628
9.04628
9.34319
9.4594
9.46722
9.48048
9.59399
9.79961
9.99617
10.0763
9.82973
8.83333
7.33716
6.98618
7.0845
7.33898
7.63373
7.83439
7.93079
7.99957
8.10097
8.26163
8.44514
8.56533
8.6109
8.6153
8.62035
8.67935
8.82828
9.066
9.36845
9.68505
9.93159
10.119
10.3434
10.7166
11.0072
11.0252
10.7149
9.69631
8.35389
7.9564
7.93204
7.92055
7.9222
7.9112
7.9213
8.02368
8.21275
8.44298
8.62958
8.76405
8.8743
9.04216
9.32536
9.67637
9.93229
10.0042
9.84201
9.5826
9.39663
9.3873
9.69638
10.0109
10.2073
10.2089
9.71668
8.72986
7.79535
7.63262
7.64906
7.78791
7.96475
8.11031
8.24053
8.38989
8.56175
8.73628
8.92172
9.13882
8.55742
8.92101
9.21018
9.34406
9.36105
9.40381
9.54194
9.74935
9.88185
9.83354
9.55457
8.66612
7.25582
6.92508
7.08876
7.42071
7.68383
7.79366
7.81188
7.83296
7.92704
8.10016
8.32802
8.53453
8.64754
8.69981
8.72907
8.77437
8.88091
9.06785
9.31969
9.62289
9.91858
10.1834
10.455
10.7823
10.9581
10.8411
10.4431
9.17992
8.18831
8.11936
8.23524
8.18107
8.08292
8.00023
8.00286
8.15815
8.43201
8.7344
8.92093
9.00133
9.08086
9.23193
9.4552
9.66714
9.7855
9.72066
9.49871
9.20893
9.04885
9.2202
9.66412
10.0391
10.2465
10.1341
9.57649
8.6268
7.80844
7.73807
7.78424
7.87444
7.96136
8.03712
8.13169
8.28325
8.47186
8.65459
8.85392
9.09448
8.47753
8.81402
9.10544
9.25611
9.32455
9.40377
9.54368
9.7188
9.75644
9.66283
9.38405
8.57461
7.23225
6.92059
7.11336
7.43762
7.633
7.68459
7.65731
7.67136
7.75401
7.92456
8.17519
8.44254
8.61968
8.70851
8.76351
8.80958
8.88581
9.02959
9.26014
9.56716
9.92158
10.2571
10.5783
10.832
10.8784
10.6241
9.99295
8.54023
8.0077
8.09556
8.30413
8.36113
8.29913
8.21162
8.22836
8.41531
8.72319
9.05611
9.25307
9.30987
9.35085
9.39414
9.43772
9.48035
9.47189
9.33569
9.09284
8.9599
9.04479
9.29722
9.70313
10.0695
10.1829
10.0368
9.54186
8.55006
7.85064
7.83048
7.90276
7.93706
7.96958
8.0076
8.08198
8.21355
8.38206
8.56878
8.75018
8.98243
8.40456
8.70254
8.98763
9.20695
9.34293
9.45624
9.56514
9.66066
9.6727
9.58111
9.32482
8.57949
7.30535
6.9942
7.13259
7.40673
7.54447
7.55693
7.54181
7.55229
7.6184
7.76992
8.01168
8.30868
8.5699
8.6841
8.74135
8.77819
8.83228
8.94688
9.17034
9.49457
9.90234
10.2914
10.6332
10.8457
10.776
10.4172
9.33595
7.82767
7.66788
7.87729
8.11127
8.2885
8.38273
8.42239
8.47992
8.65953
8.92719
9.19761
9.37499
9.44933
9.45714
9.38499
9.27674
9.18438
9.04303
8.90675
8.92566
9.06997
9.21387
9.43152
9.68974
9.98501
10.1099
10.0537
9.56393
8.521
7.8972
7.87774
7.94044
7.97283
8.00075
8.029
8.08606
8.18952
8.33584
8.48587
8.6345
8.85389
8.33219
8.59173
8.87995
9.1864
9.40464
9.53161
9.58529
9.61483
9.64095
9.58421
9.38267
8.69168
7.45794
7.0706
7.15
7.34645
7.45285
7.48681
7.48579
7.50012
7.55711
7.68186
7.88999
8.16837
8.46948
8.65782
8.71039
8.73605
8.77665
8.87614
9.0844
9.4096
9.83457
10.2288
10.5626
10.7677
10.6639
10.1754
8.6356
7.25921
7.11208
7.28148
7.63965
8.00153
8.25879
8.45971
8.60937
8.78835
9.00094
9.1697
9.31078
9.39083
9.37924
9.23399
9.02149
8.83806
8.74821
8.86277
9.11825
9.30892
9.44505
9.45451
9.60956
9.87362
10.0587
10.0771
9.60904
8.51393
7.90834
7.86773
7.90164
7.98107
8.0517
8.08471
8.13425
8.21981
8.32671
8.42632
8.52875
8.72852
8.27456
8.51399
8.82367
9.18627
9.47967
9.60202
9.6098
9.60919
9.67966
9.68924
9.56012
8.9223
7.61981
7.11806
7.16289
7.29194
7.41779
7.48714
7.50802
7.52782
7.57845
7.68592
7.86782
8.12273
8.41494
8.64947
8.71666
8.73731
8.77279
8.86509
9.05698
9.35139
9.73552
10.0911
10.3671
10.578
10.4699
9.83186
8.06375
6.98882
6.71804
6.6635
6.86179
7.29272
7.84897
8.30713
8.6106
8.75625
8.83119
8.92725
9.05159
9.13743
9.13561
8.99819
8.8084
8.7139
8.82925
9.10165
9.37916
9.52435
9.46152
9.44604
9.56193
9.82729
10.0069
10.1136
9.62627
8.4606
7.88147
7.80746
7.85235
7.98829
8.1146
8.16457
8.19479
8.24065
8.30988
8.4001
8.49145
8.68733
8.25145
8.48191
8.81848
9.21046
9.53181
9.64944
9.64417
9.66825
9.83175
9.88952
9.87153
9.20808
7.75552
7.15406
7.17437
7.29228
7.45785
7.55809
7.59983
7.62877
7.67607
7.77237
7.944
8.18306
8.45846
8.70501
8.81023
8.84679
8.8873
8.98414
9.16383
9.3931
9.69148
9.99216
10.1577
10.2296
10.1848
9.39628
7.71875
6.90427
6.57387
6.45672
6.48051
6.67561
7.11441
7.76747
8.25208
8.45415
8.41966
8.39174
8.44026
8.56571
8.69681
8.73606
8.7606
8.88676
9.09858
9.34867
9.51464
9.5261
9.47053
9.44308
9.60718
9.87885
10.0312
10.1521
9.54526
8.33391
7.82456
7.759
7.82714
7.9821
8.13296
8.23722
8.26901
8.29225
8.34814
8.44037
8.53981
8.74035
8.2795
8.50657
8.8517
9.23555
9.55218
9.68692
9.71664
9.82345
10.0714
10.2259
10.2709
9.46839
7.88105
7.21734
7.21736
7.34813
7.54468
7.68588
7.75536
7.79339
7.83895
7.92425
8.07813
8.30001
8.5629
8.81811
8.96379
9.01494
9.07052
9.17993
9.36334
9.57033
9.79353
10.0046
10.053
9.95698
9.83373
9.00449
7.55902
6.85719
6.52193
6.40932
6.45439
6.61698
6.88167
7.27556
7.70917
7.96522
7.9836
7.93411
7.90201
7.9777
8.20929
8.52711
8.87314
9.17465
9.37376
9.44156
9.47745
9.45942
9.43312
9.47777
9.71814
10.0012
10.1155
10.1505
9.38778
8.16853
7.761
7.729
7.824
7.97961
8.12979
8.24267
8.32201
8.37914
8.45101
8.55491
8.66297
8.87582
8.35804
8.56494
8.88334
9.22581
9.52437
9.72775
9.86425
10.0716
10.4257
10.6341
10.6313
9.69159
8.01059
7.32535
7.30113
7.45279
7.67028
7.85064
7.94908
7.99568
8.04116
8.11624
8.24439
8.43523
8.67414
8.93013
9.12202
9.20703
9.28182
9.39634
9.57471
9.75748
9.95093
10.1186
10.1001
9.9321
9.60953
8.7259
7.45254
6.82062
6.59751
6.51795
6.57606
6.72492
6.93314
7.16026
7.41831
7.66616
7.78082
7.77712
7.75396
7.78713
7.99996
8.43538
8.92808
9.25722
9.38318
9.38423
9.34996
9.35644
9.41058
9.55394
9.86848
10.1425
10.1544
10.0148
9.12874
7.97974
7.6948
7.6868
7.79932
7.95363
8.09012
8.21043
8.33681
8.45892
8.57909
8.70249
8.81304
9.03401
8.48897
8.65136
8.89441
9.16705
9.47902
9.80493
10.0833
10.4028
10.7983
10.9877
10.8923
9.89543
8.15187
7.45155
7.41358
7.5604
7.78404
7.98564
8.12047
8.19156
8.2448
8.30974
8.4092
8.55917
8.75894
9.00156
9.24473
9.40512
9.51231
9.61747
9.73076
9.85197
10.0217
10.2258
10.2956
10.1571
9.64278
8.64615
7.38378
6.7871
6.73447
6.75452
6.82388
6.93109
7.03991
7.13244
7.2603
7.47356
7.66061
7.77764
7.79572
7.87726
8.08424
8.41049
8.79115
9.06736
9.17082
9.18889
9.18559
9.23052
9.38707
9.67471
10.0022
10.2585
10.2313
9.87441
8.89264
7.8145
7.62554
7.62048
7.72792
7.87878
8.01395
8.15939
8.3259
8.49309
8.65779
8.80041
8.91759
9.14199
8.64689
8.73172
8.86582
9.09536
9.45893
9.89117
10.3719
10.7394
11.1141
11.2678
11.0444
10.053
8.27789
7.57997
7.52605
7.65181
7.86339
8.0726
8.24491
8.35018
8.4096
8.46174
8.53376
8.64376
8.80636
9.03428
9.3029
9.54411
9.69147
9.7805
9.7941
9.8129
9.95351
10.1842
10.4046
10.393
9.93775
8.83333
7.38621
6.7767
6.80842
6.99182
7.10444
7.1467
7.12408
7.09953
7.15426
7.31187
7.59494
7.85906
8.06583
8.21517
8.32161
8.43944
8.58496
8.76278
8.92447
8.97371
9.01161
9.10085
9.29843
9.63003
10.0197
10.2886
10.2431
9.76033
8.71661
7.7288
7.57892
7.56699
7.66402
7.80571
7.94001
8.09294
8.28218
8.48201
8.65718
8.80387
8.9226
9.13791
8.78626
8.79372
8.85539
9.09723
9.49536
10.0679
10.6211
10.9929
11.3237
11.419
11.1252
10.1667
8.38348
7.68376
7.60886
7.71598
7.90883
8.10971
8.2936
8.44153
8.52412
8.57316
8.62335
8.69911
8.83076
9.04739
9.33309
9.6112
9.78919
9.83522
9.76364
9.70625
9.79188
10.0226
10.3545
10.4601
10.1579
9.23721
7.59184
6.80854
6.86778
7.10366
7.30787
7.3215
7.20696
7.09897
7.08361
7.23193
7.61283
8.11315
8.491
8.62187
8.57082
8.50956
8.5092
8.58864
8.74111
8.86965
8.9577
9.0607
9.26149
9.63587
9.99868
10.1631
10.1856
9.72629
8.60779
7.70841
7.57311
7.58683
7.67458
7.77995
7.89202
8.041
8.21291
8.39856
8.54513
8.65693
8.73758
8.9181
8.8756
8.87256
8.92758
9.19047
9.63607
10.2266
10.759
11.1232
11.4403
11.5283
11.2025
10.2413
8.44076
7.74067
7.64342
7.73789
7.9138
8.10181
8.28481
8.4624
8.59558
8.66378
8.70302
8.75468
8.86393
9.06412
9.3427
9.61189
9.76939
9.77386
9.65122
9.54943
9.58642
9.81231
10.2065
10.4443
10.2976
9.60426
8.01748
6.91583
6.93932
7.17259
7.37933
7.40953
7.306
7.1652
7.17083
7.38462
7.81093
8.33857
8.72864
8.88789
8.80072
8.67579
8.61095
8.66435
8.78483
8.95537
9.13092
9.25566
9.39105
9.67768
10.0244
10.1726
10.1054
9.55833
8.40009
7.71557
7.66755
7.75148
7.82346
7.88324
7.94619
8.03559
8.14478
8.24551
8.32208
8.3894
8.45375
8.61991
8.90463
8.98279
9.10149
9.37654
9.81375
10.3013
10.782
11.1257
11.4764
11.604
11.2973
10.2606
8.44289
7.76933
7.66763
7.75536
7.91584
8.08679
8.26039
8.44576
8.61839
8.72335
8.77991
8.82579
8.91647
9.09296
9.32695
9.54821
9.6752
9.63689
9.5071
9.40864
9.41825
9.63296
10.032
10.3357
10.3258
9.85774
8.53674
7.19658
7.12514
7.30947
7.5013
7.54834
7.51831
7.51173
7.62642
7.80387
8.02112
8.31806
8.68736
8.93175
8.99982
8.90196
8.83838
8.86554
9.0111
9.23316
9.4548
9.58763
9.66758
9.824
10.0392
10.1226
10.0534
9.51115
8.37285
7.85029
7.82374
7.89349
8.04679
8.15754
8.20241
8.14456
8.13978
8.13523
8.14066
8.18456
8.25737
8.42468
8.92084
9.11874
9.34946
9.63925
9.9917
10.3369
10.6586
11.022
11.452
11.6399
11.3714
10.2265
8.40799
7.78791
7.69689
7.78311
7.92863
8.07959
8.24136
8.42612
8.61867
8.76244
8.8523
8.91214
8.98819
9.1137
9.29159
9.41337
9.49119
9.47849
9.40918
9.35818
9.36817
9.52429
9.79403
10.1684
10.2732
10.0489
9.12324
7.7854
7.60433
7.76577
7.96913
8.12681
8.22338
8.25527
8.20155
8.1025
8.05619
8.16917
8.45664
8.81343
9.05025
9.10359
9.05719
9.08611
9.20666
9.41763
9.63804
9.78991
9.85036
9.94968
10.0673
10.1135
9.99487
9.39351
8.3123
8.02712
8.13446
8.31847
8.4895
8.54461
8.46205
8.38946
8.25583
8.14007
8.09789
8.12774
8.1992
8.38095
8.9681
9.29424
9.6305
9.88841
10.1015
10.2659
10.5005
10.9169
11.423
11.6577
11.3894
10.1524
8.35945
7.81516
7.74147
7.82679
7.95703
8.08795
8.23632
8.41886
8.6235
8.80423
8.92424
8.99781
9.05953
9.11153
9.19756
9.25524
9.30712
9.36924
9.40694
9.4021
9.38933
9.41374
9.60695
10.0225
10.2143
10.3706
9.87631
8.56114
8.12473
8.21972
8.46032
8.69739
8.82175
8.78831
8.57426
8.32292
8.16345
8.109
8.22881
8.55816
8.9279
9.16833
9.19959
9.20771
9.32124
9.53477
9.77773
9.9576
10.0416
10.1808
10.2716
10.2057
9.9917
9.29153
8.18572
7.91051
8.07758
8.37886
8.68097
8.83944
8.80558
8.64921
8.45811
8.36214
8.32216
8.34062
8.40109
8.60112
9.08087
9.51042
9.86318
10.0391
10.1104
10.1972
10.4147
10.86
11.384
11.6472
11.3559
10.0541
8.31073
7.8624
7.81051
7.89116
8.00788
8.12008
8.25528
8.43286
8.64551
8.85336
8.99841
9.07466
9.08302
9.06693
9.08286
9.07938
9.16069
9.33083
9.468
9.47073
9.39969
9.34869
9.52295
9.93797
10.386
10.8862
10.4271
9.04068
8.36977
8.34694
8.53962
8.78368
8.96234
8.96893
8.81317
8.51092
8.22595
8.07547
8.0967
8.29984
8.69739
9.04476
9.21753
9.25279
9.32164
9.51198
9.77108
10.0008
10.1168
10.2904
10.3436
10.3316
10.1231
9.2752
8.09248
7.72185
7.76938
7.97947
8.27762
8.56187
8.80669
8.92236
8.91243
8.89253
8.88585
8.94699
9.07581
9.34213
9.25316
9.71521
9.9921
10.0968
10.1008
10.1566
10.3855
10.8374
11.3277
11.6039
11.2967
9.9368
8.26738
7.91887
7.88974
7.97293
8.08034
8.17489
8.29767
8.47182
8.67927
8.87435
9.01984
9.09453
9.07409
9.0037
8.93752
8.93522
9.08838
9.33421
9.51194
9.49328
9.38405
9.36204
9.52364
10.0828
10.7412
11.1666
10.6099
9.23676
8.4355
8.33609
8.4642
8.67611
8.84912
8.94508
8.90031
8.71436
8.39043
8.17366
8.10014
8.18749
8.43591
8.81043
9.12528
9.23311
9.28604
9.4063
9.61271
9.87967
10.1299
10.3866
10.4388
10.4273
10.1462
9.25021
8.12071
7.75146
7.7177
7.77463
7.88083
8.06879
8.41168
8.81474
9.20431
9.47016
9.6545
9.79026
9.88143
10.1266
9.45269
9.85866
10.0359
10.0821
10.0925
10.1589
10.418
10.8515
11.2644
11.5104
11.1932
9.76745
8.23691
7.9953
7.98073
8.07074
8.17164
8.25405
8.36742
8.5199
8.7021
8.87877
9.00428
9.05203
8.99248
8.89364
8.81846
8.86355
9.05741
9.32381
9.47989
9.46143
9.40521
9.42179
9.73232
10.3892
10.9315
11.1762
10.6205
9.32888
8.44461
8.30083
8.34656
8.50581
8.64736
8.76825
8.83226
8.80053
8.64295
8.39334
8.22802
8.1809
8.27604
8.56306
8.9249
9.21092
9.25537
9.28178
9.4069
9.67963
10.0572
10.4232
10.5485
10.5273
10.1716
9.19335
8.06025
7.66466
7.55743
7.59751
7.7326
7.95067
8.16491
8.52557
8.93608
9.3372
9.68436
9.90629
10.0175
10.2281
9.63379
9.90374
9.98983
10.0417
10.1124
10.2215
10.5002
10.9144
11.2159
11.358
11.018
9.48995
8.19091
8.05531
8.07994
8.18481
8.28294
8.35313
8.43115
8.55831
8.69877
8.81891
8.88862
8.89139
8.83538
8.77519
8.75984
8.84007
9.02915
9.23161
9.35116
9.43628
9.48455
9.66848
10.0827
10.5989
10.8936
11.0585
10.5395
9.27469
8.30221
8.14851
8.1386
8.24862
8.37551
8.52605
8.70401
8.83834
8.87085
8.71208
8.46316
8.29189
8.25848
8.39725
8.75671
9.09916
9.25519
9.21723
9.25462
9.48681
9.93121
10.3977
10.6392
10.6056
10.1312
9.08713
7.98622
7.61341
7.51973
7.59554
7.75929
7.96683
8.21124
8.41168
8.61015
8.84602
9.09058
9.34984
9.55195
9.75892
9.70544
9.85173
9.92927
10.033
10.1744
10.3648
10.6224
10.9969
11.1965
11.2015
10.7429
9.09966
8.07026
8.0368
8.13194
8.27345
8.3599
8.41604
8.48733
8.56431
8.61212
8.63485
8.64387
8.64904
8.66127
8.69859
8.76645
8.86543
8.95633
9.06364
9.22523
9.4361
9.70251
10.0286
10.3232
10.6605
10.7889
10.6915
10.3056
9.12178
8.1352
8.00194
7.98039
8.07442
8.20014
8.35497
8.57207
8.8268
8.99072
8.99223
8.77796
8.51593
8.37238
8.39759
8.61398
8.97708
9.22258
9.21223
9.20206
9.3868
9.81028
10.2947
10.579
10.6059
9.98757
8.91441
7.9305
7.63058
7.58836
7.70414
7.90724
8.13186
8.33388
8.47439
8.58245
8.67292
8.76757
8.86139
8.96279
9.1281
9.67179
9.77218
9.9005
10.0803
10.2885
10.5356
10.8079
11.1017
11.193
11.1152
10.3941
8.5949
7.86443
7.93287
8.10903
8.28722
8.3917
8.45824
8.4859
8.47274
8.42031
8.36038
8.34506
8.4024
8.52387
8.66632
8.76575
8.80194
8.8394
8.9578
9.16277
9.53144
9.96827
10.2619
10.4018
10.5673
10.5363
10.3467
10.1037
9.03263
8.07479
7.93254
7.92037
8.00689
8.12742
8.2687
8.47078
8.7396
9.01309
9.15872
9.08869
8.82664
8.60553
8.52503
8.59054
8.81595
9.08881
9.25075
9.25202
9.40594
9.73016
10.1371
10.3846
10.3898
9.75946
8.75756
7.9341
7.71613
7.73753
7.89488
8.12908
8.35393
8.50707
8.55348
8.55124
8.54564
8.54403
8.59031
8.67767
8.81484
9.61464
9.70523
9.88652
10.1461
10.4408
10.7061
11.0025
11.2422
11.2197
11.0229
9.9016
7.97221
7.47776
7.62379
7.89228
8.16364
8.34874
8.43338
8.42177
8.32834
8.22358
8.16894
8.17524
8.26564
8.43087
8.59885
8.68956
8.7323
8.81051
8.94633
9.2455
9.70551
10.0965
10.3287
10.3571
10.3347
10.3132
10.1619
9.98655
9.01172
8.07294
7.90858
7.91234
7.99944
8.11934
8.24847
8.41613
8.65886
8.93757
9.17501
9.27524
9.15493
8.92094
8.74051
8.66294
8.71197
8.9336
9.20495
9.41644
9.55248
9.74766
9.93213
10.0362
10.0027
9.5002
8.64098
7.95378
7.78398
7.86901
8.08119
8.31891
8.52187
8.63219
8.65851
8.64906
8.63358
8.62724
8.65691
8.7023
8.82503
9.56355
9.6656
9.89263
10.2252
10.578
10.8638
11.1364
11.3379
11.203
10.8618
9.22995
7.34763
7.02938
7.10678
7.37838
7.74349
8.07282
8.25994
8.29223
8.21762
8.12179
8.07023
8.08509
8.18115
8.33094
8.4846
8.61372
8.73125
8.85499
9.07073
9.43481
9.81272
10.1144
10.2372
10.1661
10.1411
10.1967
10.0752
9.91269
9.01429
8.0828
7.89499
7.9176
8.00975
8.13965
8.26636
8.40122
8.57013
8.79966
9.07468
9.30822
9.38886
9.23602
9.00616
8.79766
8.71353
8.82474
9.15971
9.52921
9.76399
9.82336
9.80343
9.68164
9.54334
9.1877
8.55667
7.98985
7.88612
8.0123
8.20287
8.39015
8.54713
8.64368
8.73111
8.80018
8.84081
8.87251
8.92068
8.96538
9.09426
9.54936
9.66808
9.91071
10.2676
10.6372
10.941
11.1634
11.2978
11.115
10.5093
8.4453
6.91101
6.73974
6.74914
6.95145
7.2432
7.64418
7.97156
8.14589
8.12325
8.05714
8.03305
8.06905
8.15073
8.26405
8.39804
8.56661
8.75762
8.99707
9.30062
9.59348
9.86379
9.99768
10.0012
9.99819
10.0794
10.174
10.0615
9.88426
9.01966
8.0794
7.87161
7.91821
8.0181
8.16603
8.29676
8.40291
8.50418
8.65269
8.90282
9.21905
9.45743
9.46804
9.22843
8.97204
8.80524
8.84514
9.159
9.60445
9.8749
9.86373
9.63483
9.32249
9.14042
8.94089
8.54101
8.14066
8.04107
8.08238
8.20622
8.35123
8.48482
8.63193
8.77846
8.91609
9.05275
9.16405
9.24801
9.31354
9.46271
9.53562
9.66097
9.91435
10.2699
10.5988
10.8838
11.0989
11.1371
10.904
9.94838
7.75958
6.65819
6.58871
6.63835
6.80795
7.03741
7.3128
7.64875
7.90603
8.02507
8.05515
8.06858
8.10289
8.16459
8.25451
8.39817
8.59481
8.87498
9.20847
9.47446
9.67204
9.74901
9.76045
9.81034
9.93692
10.0972
10.2035
10.0966
9.87808
9.0214
8.04873
7.83103
7.90342
8.01869
8.18393
8.32733
8.41881
8.47465
8.56282
8.75132
9.05911
9.38353
9.54173
9.45046
9.16546
9.00474
9.00708
9.23923
9.62999
9.82251
9.77325
9.45328
9.08341
8.89395
8.79368
8.60037
8.30265
8.12102
8.12073
8.14015
8.27344
8.44099
8.60233
8.75656
8.91566
9.10271
9.29735
9.46172
9.57826
9.75543
9.51663
9.66807
9.90728
10.1833
10.435
10.6875
10.9283
10.9091
10.6119
9.41224
7.30405
6.52857
6.51561
6.61824
6.79319
6.98941
7.17698
7.35979
7.5954
7.83451
8.02541
8.15097
8.19949
8.25017
8.33607
8.48689
8.73718
9.05897
9.34181
9.54031
9.58184
9.55991
9.58866
9.71356
9.9379
10.1449
10.2593
10.1611
9.88154
9.00489
7.98846
7.77564
7.86337
8.01742
8.19736
8.3508
8.44248
8.48614
8.53985
8.67321
8.90511
9.20588
9.45256
9.53507
9.43948
9.30614
9.29817
9.39222
9.55799
9.64927
9.571
9.33347
9.0049
8.82816
8.81901
8.69285
8.36325
8.14325
8.087
8.10084
8.2574
8.44997
8.61483
8.7578
8.91078
9.09145
9.29261
9.48626
9.63629
9.8303
9.49849
9.69259
9.87646
10.0265
10.1947
10.4246
10.7216
10.7306
10.4181
9.07024
7.04809
6.42587
6.47101
6.64235
6.83094
6.97999
7.09146
7.17687
7.32055
7.56241
7.86009
8.11873
8.32039
8.43681
8.55623
8.72744
8.9494
9.18931
9.37006
9.42144
9.41547
9.41695
9.49001
9.65198
9.91108
10.1656
10.3164
10.243
9.90206
8.98892
7.90985
7.70932
7.80991
8.01396
8.21376
8.3638
8.45696
8.51816
8.57368
8.66042
8.80439
9.00895
9.26919
9.5178
9.68603
9.70834
9.67214
9.57785
9.43192
9.34226
9.24781
9.13321
9.04075
8.97116
8.93133
8.73834
8.33409
8.08716
8.06234
8.13417
8.29298
8.48449
8.64705
8.77301
8.90234
9.0496
9.21235
9.38055
9.53713
9.73694
9.50583
9.74139
9.85898
9.91451
10.0202
10.2462
10.6181
10.6848
10.3577
8.87157
6.87184
6.35452
6.44254
6.68086
6.89299
7.00627
7.04442
7.07649
7.16537
7.34515
7.64599
8.00112
8.31204
8.61762
8.87163
9.03268
9.1528
9.21672
9.23742
9.25256
9.30168
9.39019
9.49671
9.64582
9.89694
10.1842
10.3824
10.3485
9.92375
8.96456
7.8521
7.64473
7.76587
8.023
8.23623
8.37043
8.46389
8.55419
8.63415
8.69576
8.75744
8.87088
9.10286
9.46235
9.82341
10.0263
9.99587
9.75145
9.36872
9.04285
8.95833
8.98101
9.12554
9.18749
9.07291
8.73528
8.24158
7.99128
8.05967
8.22722
8.3792
8.53049
8.64849
8.73485
8.82633
8.93288
9.05807
9.2102
9.36725
9.56721
9.51118
9.80697
9.9132
9.93239
9.98577
10.2038
10.5939
10.6933
10.3558
8.78269
6.79426
6.31192
6.41779
6.69513
6.93899
7.04406
7.03517
7.02422
7.08651
7.23549
7.46322
7.82725
8.32419
8.77967
9.11887
9.31643
9.31174
9.22168
9.14773
9.13377
9.18377
9.29914
9.43998
9.61684
9.86073
10.1516
10.3778
10.4018
9.96778
8.9574
7.82626
7.58958
7.72538
8.0028
8.2464
8.3765
8.46481
8.57173
8.6815
8.73297
8.73739
8.77522
8.98406
9.3915
9.89247
10.2451
10.2607
9.89709
9.35572
8.84928
8.66155
8.82894
9.16259
9.37106
9.25078
8.72924
8.17476
7.91642
8.01965
8.24185
8.4661
8.5959
8.65586
8.70524
8.76759
8.8524
8.9625
9.09759
9.24112
9.43417
)
;

boundaryField
{
    inlet
    {
        type            fixedValue;
        value           uniform 1;
    }
    outlet
    {
        type            zeroGradient;
    }
    bottom
    {
        type            symmetryPlane;
    }
    top
    {
        type            symmetryPlane;
    }
    obstacle
    {
        type            zeroGradient;
    }
    defaultFaces
    {
        type            empty;
    }
}


// ************************************************************************* //
