/*--------------------------------*- C++ -*----------------------------------*\
| =========                 |                                                 |
| \\      /  F ield         | OpenFOAM: The Open Source CFD Toolbox           |
|  \\    /   O peration     | Version:  v1912                                 |
|   \\  /    A nd           | Website:  www.openfoam.com                      |
|    \\/     M anipulation  |                                                 |
\*---------------------------------------------------------------------------*/
FoamFile
{
    version     2.0;
    format      ascii;
    class       surfaceScalarField;
    location    "1";
    object      phi;
}
// * * * * * * * * * * * * * * * * * * * * * * * * * * * * * * * * * * * * * //

dimensions      [1 0 -1 0 0 0 0];
oriented        oriented;


internalField   nonuniform List<scalar> 
1920
(
-0.000481358
0.000462133
-0.000681555
0.000186016
-0.000884882
0.000192123
-0.00107201
0.000176723
-0.00120113
0.000121485
-0.00124972
4.44213e-05
-0.00108916
-0.000169273
-0.000645951
-0.00045091
0.000155646
-0.000808424
-0.00124474
-0.000251923
0.000696145
-0.00038376
0.000303994
-0.000440329
0.000237498
-0.00047744
0.000203914
-0.00027406
-9.05819e-05
5.65282e-05
-0.000296962
0.000453749
-0.000571948
0.00101246
-0.00101751
0.00166787
-0.00147355
-0.00217747
-4.57684e-05
0.000727195
-0.000165143
0.000412267
-0.000187504
0.000253311
-6.5019e-06
1.7243e-05
0.000233979
-0.000335067
0.000540318
-0.000607569
0.00105841
-0.00109269
0.00180666
-0.00177272
0.00257369
-0.00225504
-0.00304046
3.60527e-05
0.000678164
9.96904e-06
0.000427768
8.79232e-05
0.000167305
0.000289752
-0.000190267
0.000489287
-0.000540067
0.00100951
-0.00113164
0.00171754
-0.00180784
0.00252156
-0.00259171
0.0033408
-0.00309313
-0.00397608
5.66942e-05
0.000609426
9.02822e-05
0.000384153
0.000233468
1.67822e-05
0.000460276
-0.000424445
0.000904991
-0.000988841
0.0015614
-0.0017962
0.00239609
-0.00265645
0.00331362
-0.00352852
0.0042952
-0.0040999
-0.00500763
5.39046e-05
0.000543033
0.000192617
0.000234081
0.000460814
-0.000260562
0.000919885
-0.000887937
0.00170199
-0.00178131
0.00279174
-0.0028992
0.00395304
-0.00384074
0.00511161
-0.00471434
0.00624539
-0.00526538
-0.0060812
9.16662e-05
0.000439365
0.000378883
-6.35218e-05
0.000879994
-0.000771853
0.00183303
-0.00185405
0.00321034
-0.00317891
0.00468406
-0.00440257
0.00606375
-0.00525601
0.00739126
-0.00607806
0.00862256
-0.00653864
-0.00719751
0.000521028
-0.000101693
0.00116353
-0.000716822
0.00236004
-0.00198765
0.00417153
-0.00368932
0.00609481
-0.00513896
0.00783752
-0.00618816
0.00944588
-0.00691396
0.0108325
-0.00751349
0.0120625
-0.00782336
-0.00827899
0.00143936
-0.00156097
0.00333578
-0.00263869
0.0060262
-0.00472038
0.0085756
-0.00629564
0.0107091
-0.00733457
0.0125139
-0.00805718
0.0140413
-0.00850874
0.0153107
-0.0088408
0.0164646
-0.00904068
-0.00924339
0.00420469
-0.00579535
0.00887981
-0.00735563
0.0126184
-0.00852223
0.0154676
-0.00922046
0.0176412
-0.00958561
0.0192976
-0.00978837
0.0205842
-0.00987164
0.0215555
-0.00987279
0.0223721
-0.00992754
-0.00984464
0.0304411
-0.00352087
-0.032852
0.0302103
-0.00726165
0.0301427
-0.00858475
0.0301611
-0.00935964
0.0301388
-0.00966858
0.0300003
-0.00974227
0.0298573
-0.00981435
0.0296977
-0.00977608
0.0296283
-0.00992997
-0.00977042
0.0554013
-0.00142863
-0.0577328
0.0515767
-0.00362522
0.0480013
-0.00515801
0.0448435
-0.00633131
0.0422899
-0.00721776
0.0403336
-0.00786989
0.0388503
-0.00840113
0.0377209
-0.00869502
0.0368143
-0.00907599
-0.0090359
0.0655716
0.00408663
-0.0712451
0.0603964
0.00141243
0.0560563
-0.000905976
0.0527218
-0.00306616
0.0500744
-0.00460919
0.0479163
-0.00573985
0.046097
-0.00659869
0.0445491
-0.00715292
0.0431655
-0.00770502
-0.00783536
0.0769345
0.0097507
-0.0826585
0.0721564
0.00615768
0.0679449
0.00327747
0.0638964
0.000950459
0.0603583
-0.00106688
0.0573535
-0.00272285
0.0547213
-0.0039446
0.0524303
-0.00483803
0.050381
-0.00564694
-0.006079
0.0869543
0.0156621
-0.0928575
0.0816875
0.0114457
0.0769256
0.00807355
0.0726233
0.00529759
0.0686053
0.00300166
0.0648247
0.00108982
0.0614404
-0.000528017
0.058667
-0.00204237
0.0562215
-0.00320571
-0.00401134
0.0944774
0.0213344
-0.100116
0.0892081
0.0167303
0.0843674
0.0129274
0.0799421
0.00973566
0.0758814
0.00707651
0.0721789
0.0048144
0.068768
0.00290022
0.0655097
0.00124303
0.0624083
-8.90738e-05
-0.00149272
0.100607
0.0264946
-0.105773
0.0955947
0.0217099
0.0908321
0.0176447
0.0864006
0.0141321
0.0822771
0.0111668
0.078479
0.00858996
0.0749346
0.00642646
0.0716807
0.00448878
0.0686828
0.00288932
0.0013535
0.105624
0.031103
-0.110274
0.100979
0.0262768
0.0964218
0.0220806
0.0920559
0.0183591
0.0879303
0.0151556
0.0840814
0.0123122
0.0804949
0.00989163
0.0772147
0.00768657
0.0741434
0.00586242
0.00407596
0.109653
0.0352242
-0.113863
0.105414
0.0304251
0.101181
0.0262046
0.0970819
0.0223501
0.0931357
0.0189922
0.0894188
0.0159271
0.0859137
0.0132962
0.0826887
0.0108415
0.0796742
0.00881318
0.00677045
0.113706
0.0390627
-0.117701
0.109652
0.0343053
0.105588
0.0300713
0.101613
0.0261173
0.0978118
0.022621
0.0942031
0.01938
0.090839
0.0165516
0.0877179
0.0138929
0.0848174
0.0116649
0.00941159
0.240234
0.0469126
-0.248883
0.231731
0.0420468
0.223447
0.0376767
0.215405
0.0335213
0.207748
0.0297507
0.200493
0.026192
0.193687
0.0230107
0.187397
0.0199738
0.181502
0.0174061
0.014749
0.249549
0.0540487
-0.257027
0.242626
0.0486671
0.236152
0.0439901
0.229897
0.0396121
0.223884
0.0356826
0.218088
0.0319828
0.212449
0.0286727
0.20708
0.0254881
0.201815
0.0227967
0.0199832
0.27854
0.0643684
-0.288014
0.270237
0.057841
0.26287
0.0523158
0.25606
0.0472724
0.249656
0.0428924
0.243528
0.0388176
0.23751
0.0352572
0.231734
0.031815
0.225963
0.0289807
0.0259403
0.327899
0.0772315
-0.338731
0.316959
0.0703615
0.306573
0.0641555
0.29685
0.0582584
0.287787
0.0531231
0.27927
0.0483066
0.271051
0.0441564
0.263338
0.0401238
0.255796
0.0368884
0.0333219
0.356239
0.0838581
-0.362331
0.347901
0.0794408
0.338583
0.074502
0.328874
0.0690641
0.319213
0.0638881
0.309746
0.0587392
0.300499
0.0541053
0.291667
0.0495217
0.283104
0.0457894
0.0416225
0.364979
0.0896345
-0.370431
0.360621
0.0839275
0.355681
0.0798278
0.349064
0.0763644
0.341414
0.0723563
0.333055
0.067816
0.324346
0.0633352
0.315648
0.0586521
0.307122
0.0546005
0.0500092
0.371973
0.0813276
-0.364302
0.369935
0.0856646
0.364761
0.0847367
0.360715
0.079837
0.356306
0.0767602
0.350648
0.0739033
0.344179
0.0703004
0.337064
0.0661477
0.329856
0.0620141
0.0574377
0.353703
0.0561746
-0.333622
0.364282
0.072036
0.370625
0.077402
0.369315
0.0801899
0.368584
0.0765688
0.366218
0.0753443
0.363051
0.0728397
0.361281
0.0672521
0.360622
0.0619381
0.0569824
0.292136
0.0114641
-0.248247
0.328731
0.0215485
0.354955
0.0451091
0.369534
0.0626071
0.379265
0.0642366
0.389207
0.0619316
0.398948
0.0603735
0.407278
0.0561572
0.416768
0.0495597
0.0434419
0.229824
-0.219142
0.248162
0.289623
0.34444
0.394756
0.442548
0.490633
0.533424
0.568039
0.31947
0.054556
-0.0474046
-0.327332
0.311582
0.05211
-0.0446785
0.303584
0.0497189
-0.0421605
0.295434
0.0472656
-0.0396758
0.287283
0.0448725
-0.0373257
0.279196
0.0424422
-0.0350069
0.271276
0.0400811
-0.0327921
0.263575
0.0377093
-0.0306041
0.256094
0.0354582
-0.0285379
0.0330514
-0.0263651
0.332014
0.06598
-0.341176
0.322636
0.0630324
0.314069
0.0597968
0.305875
0.0568552
0.297655
0.054258
0.289264
0.051576
0.280793
0.0488841
0.272569
0.0459103
0.264621
0.0432167
0.0403788
0.421889
0.104531
-0.460138
0.396779
0.0890991
0.379027
0.0788881
0.362855
0.0750378
0.347302
0.0719988
0.333048
0.0680555
0.320106
0.0633107
0.308724
0.0582652
0.298096
0.0545074
0.050938
0.379085
0.0296735
-0.310134
0.394652
0.0701433
0.395509
0.0766098
0.391345
0.0782967
0.385367
0.0774896
0.37761
0.0756437
0.369527
0.0720651
0.359694
0.0696452
0.349262
0.0668968
0.0634118
0.268163
0.00583845
-0.246178
0.320358
0.0132069
0.363937
0.0296447
0.379406
0.059561
0.38514
0.0694975
0.387569
0.0722883
0.382285
0.0766496
0.375708
0.0760131
0.368938
0.0739637
0.0703485
0.2242
0.00111039
-0.219765
0.233957
0.00248761
0.255906
0.00553613
0.300311
0.0116432
0.339668
0.0224973
0.361168
0.0464881
0.370535
0.0639522
0.375667
0.069473
0.376046
0.0725751
0.075532
0.213102
0.000226181
-0.212296
0.214849
0.000464271
0.219028
0.000945355
0.227505
0.0021884
0.2441
0.00466529
0.276409
0.00974708
0.314837
0.0177408
0.347874
0.0317346
0.358956
0.0579632
0.0678464
0.210631
4.68212e-05
-0.210467
0.21094
9.0154e-05
0.211681
0.000160094
0.213306
0.000346698
0.217042
0.00072463
0.224763
0.00168396
0.236948
0.00357245
0.258389
0.00721479
0.299859
0.0137962
0.0244896
0.210113
8.46343e-06
-0.210078
0.210178
1.57191e-05
0.210296
2.75367e-05
0.210548
5.52055e-05
0.211098
0.000106251
0.212367
0.000236948
0.215182
0.000514782
0.220724
0.0011785
0.230016
0.00261051
0.00547114
0.210022
-0.210014
0.210036
0.210061
0.210107
0.2102
0.210398
0.210846
0.211867
0.214129
0.0884723
0.0271008
-0.115841
0.0708025
0.0174506
0.0586097
0.0120391
0.0499526
0.00853299
0.0437651
0.00608188
0.0393545
0.00431337
0.0362963
0.00296575
0.0343063
0.00190074
0.0332012
0.00101711
0.000261348
0.106812
0.0372887
-0.117197
0.0948446
0.0292268
0.0843239
0.0223807
0.0759043
0.0167793
0.0695446
0.0122742
0.0649654
0.00872718
0.0618158
0.00594918
0.0597571
0.0037968
0.0584843
0.0021286
0.000859153
0.117906
0.0394496
-0.120194
0.11327
0.033727
0.107425
0.0280903
0.101184
0.0228773
0.0950651
0.0182518
0.0893209
0.0143298
0.0840705
0.0110639
0.0793315
0.00840674
0.0750532
0.00628413
0.00455708
0.121512
0.0403842
-0.122535
0.119142
0.0360127
0.115571
0.0315871
0.111152
0.0272215
0.106218
0.0231153
0.10111
0.0193685
0.0960421
0.0160664
0.0912156
0.0131726
0.0867242
0.0107223
0.00857665
0.12392
0.0412498
-0.124824
0.122261
0.0376397
0.119834
0.0340006
0.116719
0.0303278
0.113074
0.0267579
0.109089
0.0233533
0.104937
0.0202161
0.100779
0.0173323
0.0967117
0.0147879
0.0124346
0.125446
0.0421135
-0.126317
0.124097
0.0389825
0.12225
0.0358595
0.119914
0.0326821
0.11714
0.0295588
0.114023
0.0264959
0.110664
0.0236041
0.107166
0.0208523
0.10362
0.0183583
0.015954
0.126952
0.0432105
-0.128013
0.125677
0.0402917
0.124118
0.0374538
0.122245
0.034596
0.12005
0.0318007
0.117564
0.0290273
0.114834
0.0263773
0.111911
0.0238007
0.108869
0.0214207
0.0190502
0.128809
0.0442675
-0.129888
0.127559
0.0415473
0.126093
0.0389482
0.124401
0.0363179
0.122495
0.0337523
0.120371
0.0311911
0.118067
0.0287309
0.115585
0.0263137
0.112977
0.0240516
0.02175
0.132071
0.0459414
-0.133935
0.130294
0.0431709
0.128562
0.0405585
0.126792
0.0379825
0.124935
0.0355343
0.122947
0.0331085
0.120847
0.0307891
0.118613
0.0285015
0.116281
0.026351
0.0241239
0.135176
-0.136699
0.13361
0.131967
0.130215
0.128388
0.126438
0.124398
0.122246
0.120004
0.115936
0.0088432
-0.124873
0.110754
0.00508914
0.107692
0.00297076
0.105851
0.00173735
0.104853
0.000904698
0.104531
0.000177292
0.105132
-0.000683127
0.106874
-0.00187078
0.11022
-0.00345504
-0.00568474
0.113146
0.00820423
-0.112547
0.112245
0.00593418
0.111463
0.00369073
0.111148
0.0019686
0.111369
0.000596134
0.112048
-0.000607033
0.113095
-0.00183387
0.114418
-0.003279
0.115916
-0.00505509
-0.00704449
0.117322
0.00735853
-0.116517
0.117771
0.00544079
0.11786
0.00353663
0.117908
0.00184798
0.118068
0.000348315
0.118368
-0.000994579
0.118817
-0.00237464
0.119352
-0.00389623
0.119847
-0.00562983
-0.00745853
0.120606
0.0066794
-0.119984
0.121015
0.00497858
0.121197
0.00329277
0.121274
0.00170335
0.121331
0.000216787
0.121491
-0.00123215
0.121744
-0.0027028
0.122035
-0.00426091
0.122313
-0.00597228
-0.00773558
0.123772
0.00610436
-0.123277
0.124139
0.00455079
0.124365
0.002998
0.124504
0.00150673
0.124603
5.88473e-05
0.124694
-0.00138294
0.124791
-0.00285317
0.12486
-0.00438026
0.124873
-0.00602066
-0.0077192
0.127285
0.00556471
-0.126858
0.127541
0.00420972
0.127627
0.00282628
0.127598
0.00147523
0.127486
0.000100151
0.127293
-0.00123626
0.127068
-0.00266574
0.126839
-0.00417622
0.126587
-0.00578966
-0.00746523
0.131558
0.00520735
-0.131372
0.131546
0.00409058
0.131315
0.00294717
0.130954
0.00178154
0.130454
0.000593409
0.12992
-0.000694153
0.129424
-0.00214421
0.128931
-0.00365436
0.128473
-0.00530033
-0.00697625
0.136833
0.00530175
-0.13711
0.136288
0.00445811
0.13541
0.00361257
0.134332
0.00264375
0.133258
0.00143637
0.132523
-0.00014567
0.131638
-0.00140121
0.13085
-0.00296671
0.130227
-0.00475196
-0.00671096
0.142933
0.00644657
-0.144009
0.141526
0.0059869
0.140185
0.00508339
0.139071
0.00388585
0.137966
0.00255654
0.136622
0.00118113
0.135383
-0.000331776
0.134848
-0.00262687
0.134385
-0.00453166
-0.00646988
0.149882
-0.15516
0.0117056
0.146117
0.00986638
0.143661
0.0076274
0.141954
0.00563936
0.140683
0.00376525
0.139851
0.00185602
0.139594
-0.00020324
0.138623
-0.00170504
0.137488
-0.00350805
-0.00577622
0.161515
0.00676267
-0.169231
0.1616
-0.00127593
0.144046
0.0141737
0.123336
0.0206345
0.102089
0.0212119
0.0825258
0.0199588
0.0653382
0.0175944
0.046659
0.0186847
0.0246427
0.021517
0.0239729
0.136619
0.0303532
-0.161011
0.103304
0.0280586
0.0888235
0.0282629
0.0800194
0.0295438
0.0707162
0.030652
0.0612627
0.0295737
0.0496603
0.0292594
0.0359436
0.0321117
0.019409
0.0374112
0.0426902
0.137124
0.0386873
-0.150839
0.105389
0.0619089
0.082856
0.0504248
0.0662248
0.0459851
0.0532689
0.0435372
0.0414294
0.0413932
0.0303791
0.0401796
0.0202454
0.041765
0.0103135
0.0467502
0.0523551
0.102093
0.0677936
-0.133712
0.0957129
0.0692421
0.08002
0.0660873
0.0631997
0.0629225
0.0481828
0.0585583
0.0344758
0.0550716
0.0229683
0.051545
0.0135075
0.0508201
0.00624835
0.0535568
0.0580123
0.0951545
0.0908733
-0.117621
0.0840557
0.0808611
0.0723099
0.0782608
0.0603804
0.0752598
0.0460151
0.0729976
0.0331116
0.0680091
0.0210997
0.0634462
0.0114567
0.0601077
0.00477512
0.0599157
0.0622984
0.0939117
0.0985144
-0.100956
0.0815085
0.0936663
0.0697963
0.0904131
0.0579357
0.0874968
0.0466246
0.084323
0.0342617
0.080281
0.0221002
0.0754499
0.0117485
0.070163
0.00458557
0.0668579
0.0664768
0.0930591
0.109871
-0.10456
0.0816644
0.105215
0.0707144
0.101521
0.0597458
0.0985
0.0485467
0.095255
0.0370227
0.0914869
0.0251233
0.0870575
0.0138983
0.081088
0.00550308
0.075103
0.0716528
0.100194
0.12234
-0.113549
0.0874406
0.117693
0.0760296
0.112742
0.0652339
0.10904
0.0541882
0.105852
0.0429108
0.102359
0.0312759
0.0983562
0.019121
0.092985
0.00848807
0.085613
0.0798497
0.111381
0.137615
-0.127709
0.0972663
0.131473
0.0845572
0.125094
0.0733865
0.119928
0.0626608
0.116143
0.0519445
0.112827
0.0405695
0.109552
0.0279436
0.105405
0.0147481
0.0986999
0.0943192
0.124825
-0.14316
0.112137
0.0998229
0.0880778
0.0770854
0.0664191
0.0558594
0.0446747
0.0307688
0.168001
-4.13007e-07
0.168003
-2.1765e-06
0.168009
-7.45835e-06
0.168024
-1.68711e-05
0.168061
-4.32483e-05
0.168129
-7.73148e-05
0.16828
-0.000190922
0.168535
-0.000301026
0.168799
-0.000462361
-0.000609429
0.168
-5.04021e-07
0.168
-2.78086e-06
0.167998
-9.30908e-06
0.167996
-2.04986e-05
0.167982
-4.81209e-05
0.167948
-7.40582e-05
0.167798
-0.00013182
0.167406
-6.48105e-05
0.165603
0.000971491
0.00408916
0.167999
-8.36932e-07
0.168
-4.76684e-06
0.167998
-1.49213e-05
0.167995
-3.24121e-05
0.167962
-6.63332e-05
0.167923
-0.000108049
0.167507
-3.6799e-05
0.166565
0.000379122
0.163213
0.0034699
0.0116574
0.167999
-7.71066e-07
0.167997
-5.28325e-06
0.167984
-1.18987e-05
0.167964
-3.05835e-05
0.167873
-2.73914e-05
0.167649
4.86757e-06
0.167032
0.00035788
0.164892
0.00198346
0.1578
0.0106958
0.0312495
0.167998
-7.23721e-07
0.167993
-4.15979e-06
0.167975
-9.22006e-06
0.167925
-1.12203e-05
0.167793
2.30299e-05
0.16744
0.000192944
0.166434
0.00100062
0.163176
0.00464502
0.151327
0.0206713
0.0587047
0.167998
-3.23003e-07
0.167991
-1.39448e-06
0.167968
6.39435e-07
0.167907
1.94769e-05
0.167748
0.000109974
0.167316
0.000472615
0.166073
0.00192277
0.162132
0.00808339
0.146671
0.0342794
0.0994119
0.167997
1.75113e-07
0.16799
1.60709e-06
0.167968
1.09927e-05
0.167906
5.18686e-05
0.167744
0.000203719
0.167324
0.000748255
0.166134
0.00279967
0.162593
0.0111849
0.148054
0.0467458
0.138262
0.167997
5.32366e-07
0.167991
4.27373e-06
0.16797
2.06631e-05
0.167913
8.05181e-05
0.16777
0.000283505
0.167405
0.000973688
0.166444
0.00348934
0.16342
0.013541
0.151619
0.0563149
0.172471
0.167997
1.11396e-06
0.16799
7.66725e-06
0.167966
3.24408e-05
0.167904
0.00011397
0.16775
0.000371331
0.167376
0.0012026
0.16649
0.00410261
0.163987
0.0153023
0.156416
0.061444
0.197124
0.167996
2.78065e-06
0.167982
1.75313e-05
0.167938
6.17895e-05
0.167835
0.000182848
0.167616
0.000510733
0.167205
0.00144555
0.166498
0.00442507
0.166108
0.0152619
0.166117
0.0582567
0.215339
0.251997
3.20926e-06
0.251988
1.97057e-05
0.251963
6.53913e-05
0.251916
0.000178675
0.251853
0.000455399
0.251887
0.00115685
0.25267
0.00311767
0.257281
0.00970789
0.276817
0.0362583
0.140591
0.34035
0.251999
2.52217e-06
0.251996
1.55521e-05
0.251985
5.17169e-05
0.251965
0.000140843
0.251933
0.000354419
0.25193
0.000871377
0.252274
0.00219173
0.254767
0.00605589
0.268104
0.0209931
0.0811944
0.319861
0.252001
1.395e-06
0.252003
8.64888e-06
0.252009
2.88651e-05
0.252031
7.85805e-05
0.252093
0.000196578
0.25227
0.000475754
0.252832
0.00114952
0.254971
0.00288503
0.26621
0.00804204
0.0274988
0.316337
0.252001
5.03257e-07
0.252005
3.15123e-06
0.252016
1.06014e-05
0.25205
2.89157e-05
0.252135
7.21735e-05
0.252348
0.000173334
0.252885
0.000411217
0.254341
0.000984451
0.259013
0.00245265
0.006931
0.278184
0.252001
1.37177e-07
0.252003
8.58761e-07
0.252009
2.88192e-06
0.252025
7.81377e-06
0.252068
1.93131e-05
0.252172
4.56775e-05
0.252425
0.000105896
0.253052
0.00024385
0.254677
0.000565415
0.00137004
0.259717
0.252001
3.17198e-08
0.252002
1.9874e-07
0.252003
6.65465e-07
0.252008
1.79387e-06
0.252021
4.3829e-06
0.252051
1.02127e-05
0.252121
2.31069e-05
0.252286
5.17925e-05
0.252682
0.00011382
0.000257051
0.25365
0.252001
7.27125e-09
0.252001
4.5375e-08
0.252001
1.51175e-07
0.252003
4.05709e-07
0.252005
9.85878e-07
0.252012
2.28272e-06
0.252027
5.11888e-06
0.25206
1.1361e-05
0.252136
2.45988e-05
5.47334e-05
0.252297
0.252001
1.56726e-09
0.252001
9.8292e-09
0.252001
3.29007e-08
0.252001
8.83855e-08
0.252002
2.14787e-07
0.252004
4.96124e-07
0.252007
1.11202e-06
0.252015
2.4558e-06
0.252032
5.31701e-06
1.18535e-05
0.25207
0.252001
2.91525e-10
0.252001
1.81534e-09
0.252001
6.02558e-09
0.252001
1.60541e-08
0.252001
3.86455e-08
0.252001
8.81245e-08
0.252002
1.94766e-07
0.252004
4.20457e-07
0.252007
8.98577e-07
1.72711e-06
0.252019
0.252001
0.252001
0.252001
0.252001
0.252001
0.252001
0.252001
0.252002
0.252002
0.252004
0.348165
0.00421186
0.349786
0.00888444
0.349019
0.0091584
0.347096
0.00777664
0.344678
0.00583436
0.341679
0.00405436
0.337899
0.00193979
0.334273
0.000145176
0.330801
-0.00193734
-0.00356799
0.334711
-0.0170199
0.348538
-0.00808885
0.359945
-0.00159682
0.365529
0.00420809
0.367215
0.00831776
0.362686
0.0137759
0.358592
0.0123485
0.353958
0.0101996
0.348124
0.00878068
0.00700613
0.317846
-0.0211578
0.326607
-0.0200673
0.340239
-0.0193203
0.356515
-0.0179547
0.374349
-0.0175839
0.393948
-0.0155851
0.413093
-0.0146533
0.430025
-0.0123297
0.447201
-0.012033
-0.00927763
0.278644
-0.0222249
0.27998
-0.0221726
0.282026
-0.022069
0.28472
-0.0217294
0.287577
-0.0213998
0.291076
-0.0208074
0.295339
-0.0203776
0.299928
-0.0196549
0.30546
-0.0194724
-0.018113
0.257734
-0.0204134
0.255678
-0.020308
0.253493
-0.020182
0.251731
-0.0201809
0.249858
-0.0199414
0.248619
-0.0199185
0.24731
-0.019608
0.24681
-0.0196067
0.245778
-0.0191674
-0.018989
0.249904
-0.0167023
0.246214
-0.0166682
0.242606
-0.0166219
0.238961
-0.0166118
0.235517
-0.0165581
0.232058
-0.0165543
0.228835
-0.0164681
0.225564
-0.0164735
0.222637
-0.0163513
-0.0163083
0.248171
-0.0125835
0.244075
-0.0125796
0.240017
-0.0125733
0.235959
-0.0125674
0.231945
-0.0125589
0.227924
-0.0125518
0.223975
-0.0125386
0.220002
-0.0125296
0.216137
-0.012509
-0.0125016
0.247884
-0.00839746
0.243699
-0.00839722
0.239521
-0.00839635
0.235346
-0.00839545
0.231178
-0.00839401
0.227016
-0.00839303
0.222865
-0.00839081
0.21872
-0.00838911
0.214592
-0.00838582
-0.00838352
0.247821
-0.00419954
0.243622
-0.00419952
0.239424
-0.00419944
0.235228
-0.00419933
0.231032
-0.00419918
0.226838
-0.004199
0.222645
-0.00419876
0.218454
-0.00419848
0.214265
-0.00419809
-0.00419768
0.247804
0.243605
0.239405
0.235206
0.231007
0.226807
0.222609
0.21841
0.214212
)
;

boundaryField
{
    inlet
    {
        type            calculated;
        value           nonuniform List<scalar> 
20
(
-0.168
-0.168
-0.168
-0.167999
-0.167999
-0.167998
-0.167998
-0.167998
-0.167998
-0.167998
-0.251998
-0.251999
-0.252
-0.252001
-0.252001
-0.252001
-0.252001
-0.252001
-0.252001
-0.252001
)
;
    }
    outlet
    {
        type            calculated;
        value           nonuniform List<scalar> 
30
(
0.00138676
0.00258637
0.00341567
0.00425309
0.00529712
0.00728574
0.00969767
0.0130963
0.0173777
0.0229212
0.0295067
0.0360467
0.0419569
0.0486231
0.0541393
0.0599022
0.0658125
0.0713532
0.0769214
0.0821761
0.176165
0.196782
0.220359
0.248702
0.275069
0.298969
0.322519
0.359726
0.426301
0.599511
)
;
    }
    top
    {
        type            symmetryPlane;
        value           uniform 0;
    }
    bottom
    {
        type            symmetryPlane;
        value           uniform 0;
    }
    empty
    {
        type            empty;
        value           nonuniform 0();
    }
    wall
    {
        type            calculated;
        value           uniform 0;
    }
}


// ************************************************************************* //
