/*--------------------------------*- C++ -*----------------------------------*\
| =========                 |                                                 |
| \\      /  F ield         | OpenFOAM: The Open Source CFD Toolbox           |
|  \\    /   O peration     | Version:  v1912                                 |
|   \\  /    A nd           | Website:  www.openfoam.com                      |
|    \\/     M anipulation  |                                                 |
\*---------------------------------------------------------------------------*/
FoamFile
{
    version     2.0;
    format      ascii;
    class       volScalarField;
    location    "1.02";
    object      T;
}
// * * * * * * * * * * * * * * * * * * * * * * * * * * * * * * * * * * * * * //

dimensions      [0 0 0 1 0 0 0];


internalField   nonuniform List<scalar> 
4800
(
11.0229
9.58134
9.10033
9.63634
9.54664
9.11357
8.95604
9.199
9.65759
10.194
10.7358
11.2409
11.7061
12.1424
12.5746
13.0293
13.5056
13.9884
14.4662
14.9285
15.262
15.4429
15.5347
15.3272
14.3271
13.8115
14.0151
14.3055
14.6184
14.8954
15.1312
15.3497
15.5857
15.8562
16.1667
16.51
16.8664
17.2304
17.616
17.998
11.0255
9.58284
9.09622
9.628
9.53971
9.12139
8.96716
9.2597
9.71001
10.1881
10.6866
11.1811
11.6492
12.1064
12.5696
13.0442
13.527
14.0046
14.467
14.8995
15.2304
15.4373
15.5714
15.3585
14.3542
13.8427
14.0198
14.2954
14.6001
14.8897
15.1453
15.3808
15.6227
15.8906
16.1919
16.5237
16.8844
17.2674
17.6745
18.109
11.0286
9.58403
9.08671
9.61314
9.52591
9.13126
8.98985
9.32817
9.73494
10.1496
10.603
11.0816
11.5748
12.074
12.5781
13.0758
13.5616
14.0267
14.4626
14.8488
15.185
15.4438
15.6446
15.414
14.3901
13.8796
14.0105
14.283
14.5925
14.902
15.1856
15.4447
15.6935
15.955
16.2472
16.5761
16.9409
17.3494
17.8186
18.3251
11.0326
9.58485
9.07087
9.59619
9.50689
9.12813
9.01808
9.37021
9.73096
10.1158
10.5251
10.9754
11.4804
12.0238
12.5702
13.0946
13.5882
14.0453
14.451
14.8008
15.147
15.4533
15.7211
15.4837
14.448
13.944
14.0296
14.2931
14.6095
14.9279
15.2372
15.5234
15.7857
16.0505
16.3442
16.6795
17.0868
17.5732
18.1067
18.6335
11.0377
9.58566
9.05429
9.58164
9.49018
9.10732
9.026
9.37482
9.71123
10.075
10.4621
10.8955
11.3966
11.9635
12.5513
13.1038
13.5959
14.0512
14.4368
14.7628
15.1241
15.4663
15.781
15.5359
14.5036
14.0141
14.0718
14.3292
14.6494
14.9733
15.2951
15.6059
15.8978
16.1878
16.5111
16.9001
17.3693
17.8916
18.4218
18.9171
11.0427
9.58655
9.04082
9.5757
9.47462
9.06729
9.01307
9.33438
9.66604
10.0237
10.414
10.8526
11.3483
11.9047
12.5008
13.0753
13.5808
14.0412
14.4282
14.753
15.1168
15.4884
15.8179
15.5634
14.5397
14.0712
14.1367
14.3999
14.7223
15.0476
15.3753
15.7104
16.0459
16.3946
16.7851
17.2308
17.7154
18.2101
18.6737
19.1152
11.047
9.58964
9.03818
9.58045
9.46035
9.01386
8.98367
9.25582
9.59163
9.96514
10.3776
10.8341
11.3352
11.8789
12.4507
13.0167
13.5368
14.01
14.4142
14.7588
15.1367
15.5204
15.8355
15.5817
14.5665
14.1307
14.2225
14.4991
14.8237
15.1525
15.4921
15.8563
16.2487
16.6728
17.1219
17.5798
18.0329
18.4619
18.877
19.281
11.0498
9.59791
9.0511
9.59265
9.44099
8.95524
8.93755
9.16777
9.5157
9.91422
10.3566
10.8362
11.3451
11.8787
12.4177
12.9529
13.4704
13.9599
14.399
14.7852
15.1795
15.5606
15.8448
15.5857
14.5763
14.188
14.3249
14.6211
14.9526
15.2893
15.6487
16.0536
16.5084
16.99
17.459
17.8927
18.2945
18.671
19.0315
19.4076
11.0507
9.61145
9.07652
9.60497
9.41277
8.90641
8.88588
9.09648
9.46066
9.88314
10.3518
10.8498
11.3666
11.8868
12.4027
12.91
13.4151
13.9092
14.3751
14.8123
15.2283
15.5971
15.8488
15.573
14.5681
14.2395
14.4309
14.7517
15.0996
15.4559
15.8484
16.3004
16.8023
17.3042
17.7526
18.1443
18.4775
18.8106
19.1735
19.558
11.0511
9.62614
9.10082
9.60652
9.38182
8.87793
8.84431
9.05339
9.4345
9.87456
10.3593
10.8733
11.3933
11.8993
12.3952
12.8945
13.3946
13.8862
14.3605
14.8276
15.2565
15.6157
15.8566
15.5527
14.5522
14.2967
14.5442
14.8858
15.2575
15.6472
16.0823
16.5749
17.0927
17.5736
17.9791
18.3016
18.6176
18.9616
19.3393
19.7245
11.0499
9.63598
9.11451
9.59978
9.35754
8.8661
8.81777
9.03818
9.43266
9.88205
10.3768
10.902
11.421
11.9177
12.4054
12.9039
13.4095
13.8996
14.3749
14.84
15.2637
15.619
15.8741
15.5437
14.5402
14.3521
14.6481
15.0162
15.421
15.8525
16.3276
16.8392
17.3419
17.7743
18.1199
18.4356
18.769
19.1319
19.5134
19.8953
11.0487
9.6391
9.11379
9.59319
9.34231
8.86362
8.80653
9.04272
9.447
9.90389
10.4082
10.9353
11.4511
11.9462
12.4369
12.9412
13.4523
13.9525
14.4253
14.8707
15.278
15.6225
15.9026
15.5505
14.5369
14.4001
14.7278
15.1358
15.5823
16.0551
16.5535
17.0568
17.5198
17.9104
18.2479
18.5774
18.929
19.3033
19.6829
20.0609
11.0468
9.63584
9.11092
9.58979
9.34053
8.86576
8.80966
9.0623
9.47843
9.94475
10.4526
10.9758
11.4886
11.9884
12.491
13.0058
13.5242
14.0319
14.5086
14.9312
15.3251
15.6555
15.9534
15.5715
14.5382
14.4388
14.7856
15.2369
15.7285
16.2332
16.7342
17.2109
17.6413
18.0326
18.3867
18.7316
19.094
19.4714
19.8439
20.2136
11.0467
9.62885
9.10525
9.60489
9.35698
8.87464
8.82271
9.09829
9.52682
10.0009
10.5087
11.0262
11.5383
12.0466
12.5648
13.0936
13.6203
14.1344
14.6089
15.0112
15.4049
15.7295
16.0303
15.6102
14.5446
14.4713
14.8353
15.3229
15.8486
16.3666
16.8481
17.3002
17.7357
18.1494
18.5332
18.8987
19.2689
19.6402
19.9974
20.3482
11.0462
9.61809
9.09801
9.62388
9.38066
8.88867
8.84225
9.14654
9.58693
10.066
10.5724
11.0862
11.6021
12.1211
12.6539
13.1957
13.731
14.2494
14.7187
15.1111
15.5053
15.8254
16.1199
15.6634
14.5656
14.508
14.8896
15.3991
15.937
16.4491
16.9109
17.3487
17.8015
18.2633
18.6902
19.0804
19.4542
19.8102
20.1413
20.4646
11.045
9.60537
9.08339
9.62852
9.39929
8.90724
8.85975
9.2006
9.65151
10.1336
10.6386
11.1521
11.6751
12.2062
12.7503
13.2976
13.8362
14.3573
14.8268
15.2258
15.6273
15.9424
16.2043
15.7254
14.6081
14.5637
14.975
15.4812
16.0036
16.4884
16.9295
17.3689
17.8477
18.3578
18.8495
19.2732
19.6453
19.9809
20.2819
20.5748
11.0448
9.59424
9.06621
9.61721
9.40528
8.92782
8.86589
9.24723
9.71146
10.1978
10.7016
11.216
11.7469
12.289
12.8389
13.3849
13.921
14.447
14.9281
15.347
15.7629
16.0668
16.2902
15.7975
14.6599
14.6342
15.0788
15.583
16.078
16.522
16.9408
17.3813
17.8849
18.4399
18.9917
19.4611
19.8368
20.1519
20.426
20.6866
11.0437
9.58613
9.05721
9.60414
9.40959
8.9476
8.87035
9.2662
9.75817
10.2549
10.7575
11.2704
11.8041
12.352
12.903
13.4467
13.9811
14.5173
15.0238
15.473
15.8935
16.178
16.3691
15.8778
14.7284
14.7151
15.183
15.6946
16.168
16.5727
16.9686
17.407
17.9184
18.4999
19.1027
19.6289
20.0175
20.3156
20.5634
20.7901
11.0402
9.58038
9.06201
9.59944
9.4276
8.97737
8.8606
9.25181
9.78594
10.3005
10.8052
11.3106
11.8357
12.3796
12.9297
13.4765
14.0212
14.5704
15.1117
15.598
16.0141
16.279
16.4491
15.9722
14.8127
14.7995
15.2867
15.8064
16.2545
16.6413
17.0284
17.4577
17.9584
18.5415
19.1692
19.7524
20.1736
20.465
20.6859
20.8709
11.034
9.57726
9.07745
9.60606
9.46443
9.01661
8.8346
9.2248
9.77599
10.334
10.8426
11.3364
11.843
12.378
12.9271
13.4813
14.0395
14.6098
15.1874
15.7047
16.1084
16.3662
16.5434
16.0917
14.9131
14.8885
15.3897
15.9169
16.3524
16.7281
17.115
17.5384
18.011
18.5719
19.1964
19.8023
20.2909
20.5923
20.7909
20.9331
11.0279
9.57613
9.10182
9.62209
9.51158
9.06041
8.80805
9.18302
9.74645
10.3449
10.8637
11.3475
11.8359
12.3572
12.9021
13.4664
14.0432
14.6376
15.2382
15.7651
16.1706
16.4406
16.6476
16.2351
15.0364
14.9831
15.4908
16.022
16.4535
16.829
17.215
17.6317
18.0813
18.5969
19.1833
19.801
20.3358
20.6835
20.8826
20.9967
11.0212
9.57413
9.1255
9.63938
9.55242
9.09891
8.80165
9.1323
9.70448
10.3208
10.868
11.3416
11.8138
12.3182
12.8599
13.4384
14.0385
14.6452
15.249
15.7801
16.1914
16.5006
16.7528
16.3906
15.1767
15.0752
15.5835
16.1069
16.5504
16.9389
17.3256
17.7311
18.1598
18.6304
19.1607
19.747
20.3104
20.7389
20.9383
21.0409
11.0148
9.56979
9.13823
9.64921
9.57995
9.13291
8.81355
9.09294
9.64857
10.2727
10.8475
11.3106
11.775
12.2739
12.8214
13.4163
14.0274
14.6314
15.227
15.757
16.1901
16.5427
16.8481
16.5411
15.3179
15.1515
15.6457
16.1666
16.6393
17.0466
17.437
17.8353
18.2455
18.6711
19.1431
19.664
20.2215
20.6974
20.9625
21.0558
11.0097
9.56391
9.13997
9.65423
9.60302
9.16129
8.84049
9.08442
9.60189
10.2091
10.7865
11.2578
11.7305
12.2359
12.797
13.4021
14.0137
14.6084
15.184
15.6999
16.1645
16.5632
16.9256
16.668
15.4507
15.2087
15.6702
16.1945
16.7014
17.1431
17.5363
17.9316
18.3301
18.7275
19.1376
19.589
20.0773
20.5577
20.9139
21.0605
11.0075
9.55732
9.13177
9.65322
9.61516
9.17939
8.86984
9.10235
9.58402
10.1332
10.6871
11.1916
11.6841
12.2104
12.7849
13.3909
13.9922
14.5714
15.1157
15.6116
16.1012
16.5524
16.9724
16.76
15.5628
15.2552
15.6603
16.1915
16.7174
17.2042
17.6294
18.018
18.4014
18.7799
19.1486
19.5329
19.9402
20.3637
20.7518
21.0133
11.0064
9.54948
9.11688
9.65057
9.6196
9.18572
8.89773
9.13978
9.57064
10.0513
10.5721
11.1072
11.6441
12.2005
12.7847
13.3816
13.9641
14.5279
15.0381
15.5072
16.0118
16.5013
16.9778
16.8133
15.6428
15.2836
15.6212
16.1445
16.6879
17.2143
17.6927
18.0879
18.4551
18.8111
19.159
19.4948
19.8317
20.1815
20.5423
20.8841
11.0061
9.53801
9.09263
9.64722
9.61602
9.17332
8.92324
9.18455
9.54823
9.96695
10.4574
11.0129
11.6033
12.1972
12.7877
13.372
13.9401
14.4787
14.9492
15.3985
15.907
16.4243
16.9565
16.8219
15.6879
15.2952
15.558
16.052
16.5996
17.1578
17.6933
18.1237
18.4794
18.8144
19.1395
19.451
19.7514
20.0546
20.3753
20.7223
11.0071
9.52348
9.05996
9.64004
9.5995
9.14114
8.94193
9.21914
9.52094
9.89176
10.3578
10.9251
11.5583
12.1895
12.7873
13.3586
13.9154
14.4239
14.8577
15.2816
15.7914
16.3339
16.9131
16.8016
15.6996
15.2825
15.4792
15.9366
16.4628
17.0188
17.5852
18.0893
18.448
18.7638
19.0712
19.3746
19.6695
19.9643
20.2749
20.6171
11.0085
9.50787
9.01953
9.61948
9.57459
9.10216
8.95111
9.23404
9.49044
9.83684
10.2872
10.8589
11.5155
12.1726
12.7775
13.3406
13.8785
14.3524
14.7591
15.1567
15.669
16.2289
16.8449
16.7407
15.662
15.2307
15.3746
15.7902
16.2773
16.8016
17.3659
17.9101
18.3206
18.628
18.9247
19.2293
19.533
19.8653
20.2241
20.5706
11.0107
9.49567
8.97928
9.58928
9.54764
9.07369
8.95164
9.2367
9.47197
9.81115
10.2489
10.8185
11.4814
12.1471
12.7512
13.308
13.8215
14.2593
14.6394
15.0188
15.5341
16.1118
16.7455
16.6162
15.545
15.1087
15.2119
15.5795
16.0177
16.4946
17.0231
17.5683
18.0425
18.3805
18.681
19.0024
19.3563
19.7315
20.0996
20.418
11.0166
9.49135
8.95343
9.56634
9.53165
9.06038
8.94429
9.2384
9.47235
9.80573
10.2349
10.7953
11.4522
12.1131
12.7083
13.2502
13.7339
14.1385
14.4967
14.8657
15.3781
15.9852
16.5976
16.4044
15.3209
14.8877
14.968
15.294
15.6743
16.0838
16.5516
17.0798
17.5967
18.0089
18.3614
18.707
19.0704
19.4388
19.7871
20.0879
11.0179
9.49222
8.95019
9.55755
9.52132
9.05401
8.93415
9.23432
9.47347
9.80821
10.2312
10.7808
11.4234
12.0706
12.6486
13.169
13.6189
13.9926
14.3331
14.7024
15.2161
15.8329
16.3796
16.0975
14.9971
14.5723
14.6431
14.9373
15.2709
15.6105
16.0085
16.4874
17.0258
17.5483
17.9524
18.2951
18.6143
18.9309
19.2508
19.5592
11.0173
9.49749
8.95905
9.55038
9.50789
9.05099
8.91623
9.21951
9.47328
9.81142
10.2325
10.7706
11.3926
12.0175
12.5709
13.0635
13.4835
13.8312
14.1583
14.5408
15.0512
15.6488
16.0831
15.7105
14.6006
14.1907
14.2589
14.5368
14.8428
15.137
15.4615
15.8924
16.4228
16.9754
17.4415
17.7611
18.0209
18.2719
18.5609
18.8753
11.0169
9.50948
8.98095
9.54803
9.50449
9.06653
8.90175
9.2041
9.47674
9.81929
10.2376
10.7595
11.3556
11.9505
12.4795
12.9413
13.3345
13.6605
13.9831
14.389
14.8898
15.4387
15.7234
15.283
14.1792
13.7903
13.8622
14.1368
14.4317
14.7097
15.0042
15.3764
15.8427
16.3582
16.8239
17.1489
17.3931
17.6052
17.851
18.1643
11.0162
9.52663
9.01631
9.55464
9.51631
9.10116
8.89443
9.18965
9.4844
9.8363
10.2504
10.7483
11.3077
11.8644
12.3706
12.8069
13.185
13.5016
13.8297
14.2646
14.7549
15.2151
15.3526
14.8712
13.7826
13.4215
13.5079
13.7851
14.0813
14.3693
14.6623
14.9755
15.3422
15.7602
16.1766
16.5328
16.7882
16.995
17.2266
17.5387
11.0161
9.54792
9.06069
9.56929
9.5355
9.14024
8.88948
9.17052
9.49563
9.86033
10.2704
10.736
11.2457
11.7574
12.2407
12.6655
13.0454
13.3848
13.7352
14.1746
14.6286
14.9985
15.0279
14.5257
13.4584
13.1359
13.2371
13.5133
13.8257
14.1364
14.43
14.6972
14.9623
15.2633
15.5982
15.9445
16.2604
16.5314
16.7647
17.0666
11.016
9.56947
9.10509
9.58554
9.55324
9.17123
8.88457
9.1473
9.5079
9.88952
10.2952
10.7241
11.1762
11.6372
12.0969
12.5294
12.9306
13.3154
13.7031
14.1265
14.4998
14.774
14.7604
14.2503
13.2274
12.9559
13.0798
13.3592
13.6816
13.9965
14.2757
14.5095
14.7132
14.9238
15.17
15.4654
15.8012
16.1415
16.4683
16.7759
11.0146
9.58556
9.13937
9.59743
9.56229
9.18914
8.87494
9.12391
9.51652
9.91987
10.3196
10.7136
11.1104
11.523
11.9598
12.4109
12.8555
13.3014
13.7213
14.1055
14.3715
14.5311
14.5536
14.0663
13.0898
12.8742
13.037
13.3102
13.6179
13.9114
14.1692
14.3763
14.5452
14.7088
14.8983
15.1413
15.4536
15.8272
16.2384
16.6414
11.0125
9.59557
9.16229
9.60635
9.56617
9.19885
8.86603
9.10523
9.52183
9.94506
10.3414
10.7068
11.0619
11.4351
11.8517
12.3227
12.8221
13.3278
13.7765
14.0938
14.2668
14.3416
14.4112
13.9616
13.0504
12.8715
13.0619
13.3141
13.5959
13.8655
14.0982
14.291
14.454
14.5983
14.7598
14.9692
15.2517
15.6358
16.0945
16.5789
11.0119
9.59968
9.17136
9.61306
9.57087
9.20119
8.85385
9.08619
9.51523
9.95028
10.3524
10.706
11.0378
11.3885
11.7862
12.2619
12.8083
13.3633
13.8265
14.1178
14.2267
14.2429
14.3106
13.9034
13.0607
12.9005
13.1003
13.3565
13.6275
13.8729
14.0835
14.2649
14.4206
14.5598
14.7109
14.9033
15.1655
15.5437
16.0251
16.5663
18.4717
19.0519
19.794
20.5813
21.3676
21.9707
22.1404
21.9865
20.7367
19.7117
19.7752
20.0027
20.2474
20.4172
20.4849
20.5017
20.515
20.5366
20.6034
20.746
20.9509
21.1534
21.2583
21.2547
21.1911
21.144
21.175
21.3335
21.6092
21.9455
22.2374
22.4025
22.4561
22.4147
22.1621
21.4788
20.4122
20.0827
20.0926
20.1118
20.1413
20.1331
20.0858
20.0448
20.057
20.1169
20.196
20.2501
20.2439
20.1585
19.9698
19.6688
19.3533
19.2097
19.2356
19.4088
19.6078
19.7439
19.7008
19.2236
18.4148
17.9465
17.8615
18.0739
18.4434
18.7545
18.9368
18.9931
18.9342
18.8518
18.8104
18.8072
18.8378
18.887
18.928
18.9528
18.9746
19.0167
19.1013
19.3178
18.6477
19.2804
20.0008
20.6953
21.3605
21.7648
21.8072
21.6453
20.446
19.6499
19.7706
19.9954
20.2287
20.3877
20.4566
20.4824
20.511
20.5554
20.6385
20.7902
20.9814
21.1413
21.2146
21.2045
21.1763
21.1767
21.2418
21.4542
21.7445
22.0391
22.2493
22.3801
22.4156
22.2665
21.9376
21.1719
20.2379
20.0119
20.0339
20.0472
20.0648
20.0372
19.9784
19.9401
19.9509
19.9964
20.0318
20.042
20.0051
19.9173
19.8245
19.7516
19.6566
19.4951
19.4132
19.4711
19.5673
19.6165
19.4958
19.0208
18.3229
18.0032
18.0286
18.2069
18.4484
18.6932
18.8676
18.9326
18.9517
18.9327
18.9161
18.9364
18.979
19.0327
19.0728
19.0957
19.1139
19.151
19.2305
19.4335
18.8832
19.49
20.0826
20.6652
21.2418
21.6555
21.7748
21.528
20.275
19.5775
19.7076
19.9346
20.17
20.3276
20.4008
20.4442
20.4957
20.5639
20.6548
20.769
20.8941
20.9864
21.0454
21.0914
21.1398
21.2027
21.3406
21.5259
21.7376
21.9088
22.1106
22.2797
22.3087
22.1507
21.8032
20.9178
20.0448
19.8891
19.8922
19.9176
19.9355
19.9146
19.8685
19.8338
19.8192
19.8059
19.794
19.792
19.7958
19.7951
19.803
19.826
19.8451
19.8069
19.6944
19.5794
19.5132
19.4574
19.3153
18.914
18.3388
18.174
18.214
18.2832
18.3956
18.546
18.735
18.8917
19.0032
19.0709
19.1061
19.1388
19.1971
19.2701
19.3355
19.3625
19.3614
19.3631
19.4339
19.6159
19.1544
19.6745
20.1371
20.6383
21.1472
21.5151
21.6698
21.362
20.1671
19.5153
19.6238
19.835
20.0569
20.215
20.3112
20.3809
20.4558
20.5393
20.6083
20.6583
20.687
20.7292
20.8015
20.9037
21.0592
21.2425
21.407
21.5065
21.5886
21.6591
21.8524
22.0748
22.149
22.0326
21.5762
20.5547
19.8039
19.6714
19.6665
19.7053
19.7375
19.7346
19.7028
19.6591
19.6288
19.6157
19.6188
19.6399
19.6742
19.7127
19.7629
19.8347
19.9183
19.9745
19.9295
19.7442
19.4988
19.3061
19.148
18.82
18.4462
18.3565
18.3597
18.374
18.4005
18.4579
18.6051
18.8551
19.0846
19.2471
19.3052
19.3462
19.4027
19.4693
19.5398
19.5969
19.6536
19.7337
19.8834
20.0411
19.3693
19.7918
20.1751
20.5909
21.0778
21.4403
21.6234
21.3046
20.157
19.4707
19.5162
19.6881
19.8919
20.0612
20.1861
20.2935
20.3796
20.4395
20.459
20.4406
20.417
20.4247
20.5085
20.7295
21.0231
21.2675
21.3622
21.3681
21.3438
21.3524
21.5357
21.8035
21.94
21.855
21.2582
20.1389
19.5511
19.4134
19.4186
19.4659
19.5202
19.5486
19.5531
19.5423
19.5102
19.4796
19.4774
19.5107
19.5715
19.6346
19.7016
19.7895
19.8986
20.0214
20.0087
19.843
19.5397
19.2672
19.0908
18.7981
18.5427
18.4652
18.4501
18.419
18.425
18.465
18.5697
18.7791
19.079
19.3168
19.4441
19.4752
19.4942
19.5334
19.5839
19.6644
19.7738
19.9447
20.218
20.4776
19.5214
19.885
20.2075
20.5631
21.0389
21.419
21.6381
21.3408
20.221
19.4668
19.4318
19.5348
19.7001
19.8731
20.0304
20.1681
20.2622
20.2723
20.242
20.1888
20.1384
20.1474
20.3165
20.63
20.9655
21.1624
21.1769
21.1222
21.0659
21.081
21.2578
21.5082
21.6865
21.5865
20.8402
19.7252
19.3208
19.2048
19.2266
19.2823
19.3577
19.4339
19.4804
19.4825
19.436
19.396
19.3929
19.4258
19.487
19.5577
19.6318
19.7186
19.8304
19.9679
20.0122
19.9101
19.6683
19.4034
19.1525
18.7931
18.5464
18.5064
18.5021
18.4878
18.4941
18.5362
18.5999
18.7374
18.9703
19.2443
19.4508
19.5322
19.5322
19.5408
19.5676
19.6363
19.7791
19.9883
20.2709
20.5527
19.6476
19.966
20.2529
20.5735
21.0371
21.436
21.7089
21.4328
20.3454
19.4718
19.3575
19.4096
19.525
19.6682
19.8227
19.968
20.0633
20.0646
20.0036
19.9445
19.9196
20.0079
20.2423
20.5555
20.8163
20.9181
20.9021
20.8412
20.8042
20.8605
21.0424
21.2473
21.4328
21.2758
20.3956
19.3951
19.1254
19.0467
19.0924
19.1724
19.2721
19.3744
19.4385
19.4275
19.3883
19.3462
19.3294
19.3503
19.4057
19.4886
19.5862
19.6742
19.7646
19.9094
20.0176
20.0473
20.01
19.8849
19.3825
18.7818
18.5037
18.4898
18.5144
18.5606
18.594
18.6229
18.6637
18.7295
18.8488
19.0558
19.3153
19.4735
19.5017
19.4829
19.4951
19.5748
19.7574
19.9868
20.2728
20.5552
19.7646
20.0683
20.3367
20.6372
21.0818
21.4772
21.7843
21.5439
20.4766
19.4806
19.3009
19.3017
19.3905
19.5045
19.6147
19.7269
19.8074
19.8153
19.7827
19.7631
19.8193
19.9784
20.2105
20.4254
20.5677
20.6299
20.6273
20.5956
20.5923
20.6833
20.8856
21.04
21.1942
20.9346
19.9528
19.1589
18.9765
18.955
19.0261
19.1252
19.2333
19.3322
19.3875
19.3826
19.3476
19.3013
19.2707
19.2788
19.3358
19.4351
19.5496
19.6574
19.7524
19.9086
20.1715
20.4444
20.5321
20.4394
19.7491
18.7825
18.4488
18.4535
18.5287
18.6296
18.6912
18.6966
18.691
18.705
18.7614
18.891
19.083
19.2831
19.3875
19.4107
19.4616
19.5553
19.7249
19.9488
20.2153
20.4762
19.9081
20.2053
20.465
20.7508
21.1564
21.5211
21.8239
21.6271
20.5859
19.4905
19.2592
19.2232
19.2858
19.3713
19.436
19.4842
19.5355
19.5826
19.6221
19.693
19.8294
19.9987
20.144
20.2553
20.3249
20.367
20.3989
20.414
20.4399
20.5549
20.768
20.868
20.9524
20.5647
19.5332
18.9826
18.8779
18.8978
18.9866
19.0869
19.1862
19.2696
19.3187
19.3223
19.2971
19.2536
19.2225
19.2316
19.296
19.4106
19.555
19.7009
19.8483
20.083
20.4227
20.7568
20.8178
20.6911
19.9558
18.862
18.4345
18.4413
18.5372
18.6634
18.7415
18.7495
18.7262
18.7006
18.7004
18.7441
18.8474
19.0202
19.2146
19.3809
19.4925
19.5854
19.7184
19.9018
20.1276
20.3373
20.0736
20.3764
20.6318
20.8934
21.2258
21.5419
21.8161
21.6665
20.6703
19.5023
19.224
19.1626
19.1989
19.236
19.2499
19.2614
19.3109
19.403
19.555
19.732
19.8917
19.9885
20.0495
20.0763
20.101
20.156
20.2279
20.296
20.3485
20.4756
20.6785
20.7274
20.7016
20.1483
19.1513
18.8338
18.8121
18.8635
18.9616
19.0489
19.1229
19.178
19.2216
19.2419
19.2374
19.2166
19.2051
19.228
19.3139
19.4878
19.7031
19.8947
20.0575
20.2562
20.5323
20.8686
20.9516
20.7633
20.0303
18.9379
18.4826
18.4428
18.537
18.6654
18.761
18.7791
18.7628
18.7208
18.6792
18.6547
18.6868
18.8117
19.0503
19.2994
19.4991
19.6424
19.7513
19.8725
20.0662
20.243
20.2485
20.5576
20.8053
21.0321
21.2848
21.5399
21.7525
21.6463
20.7231
19.5177
19.2036
19.113
19.1207
19.1195
19.1019
19.1061
19.1777
19.3239
19.5746
19.8065
19.9315
19.9512
19.9238
19.9081
19.9282
20.0077
20.1176
20.2317
20.3132
20.445
20.6066
20.5946
20.432
19.7057
18.8278
18.6852
18.7606
18.8436
18.9397
19.0053
19.0432
19.0719
19.11
19.1519
19.1814
19.2026
19.2252
19.3011
19.4697
19.6856
19.8817
20.0296
20.1589
20.3288
20.5801
20.8896
20.9369
20.7464
20.0584
18.9781
18.5493
18.4822
18.5463
18.6581
18.7519
18.8099
18.7904
18.7492
18.6812
18.6208
18.615
18.7225
18.9254
19.2389
19.5175
19.6711
19.7672
19.8505
20.0368
20.1944
20.4152
20.7197
20.9532
21.149
21.3375
21.5305
21.6476
21.5702
20.7306
19.5377
19.1971
19.0679
19.0508
19.0389
19.0264
19.0545
19.1494
19.3645
19.6373
19.8258
19.8924
19.8603
19.7946
19.766
19.8064
19.9128
20.0582
20.2134
20.3178
20.4387
20.5419
20.4524
20.1495
19.2914
18.5597
18.5339
18.6925
18.8213
18.9106
18.9524
18.961
18.9705
19.0051
19.0643
19.1393
19.2207
19.334
19.5113
19.6811
19.8193
19.9328
20.0499
20.191
20.3476
20.5523
20.7665
20.7888
20.6177
20.0021
18.9868
18.5906
18.5336
18.5849
18.6616
18.7501
18.8017
18.8155
18.7614
18.6918
18.6426
18.6442
18.726
18.9094
19.1877
19.4562
19.6212
19.7209
19.8225
20.0162
20.158
20.5608
20.855
21.0735
21.2438
21.3854
21.5312
21.5374
21.454
20.6925
19.5439
19.1792
19.0382
19.009
19.0113
19.0233
19.0797
19.2276
19.4592
19.6475
19.7704
19.7882
19.7283
19.6729
19.6665
19.724
19.8497
20.022
20.2179
20.3588
20.4337
20.4697
20.3
19.8789
18.9606
18.3583
18.3911
18.5887
18.7841
18.8729
18.8961
18.8889
18.8861
18.9233
19.0096
19.1505
19.3462
19.5671
19.7165
19.7854
19.841
19.9188
20.027
20.1556
20.2774
20.4371
20.5681
20.5929
20.4534
19.8704
18.944
18.6145
18.5742
18.6335
18.704
18.7678
18.8018
18.7951
18.7584
18.7181
18.707
18.7312
18.8162
18.9763
19.1676
19.3347
19.4706
19.5924
19.746
19.9746
20.1086
20.6804
20.9647
21.1735
21.3206
21.4221
21.5245
21.474
21.3157
20.6062
19.5092
19.1358
19.0434
19.0069
19.0317
19.0798
19.1877
19.3597
19.514
19.628
19.6659
19.6539
19.6237
19.5994
19.601
19.6668
19.8028
19.9899
20.2111
20.3943
20.424
20.3884
20.1411
19.6409
18.7342
18.2231
18.2727
18.4887
18.7252
18.8305
18.8435
18.8302
18.8308
18.8862
19.0301
19.2722
19.5583
19.7327
19.7924
19.8152
19.8246
19.8642
19.933
20.0182
20.1324
20.3191
20.4478
20.4488
20.3207
19.7406
18.8713
18.6056
18.597
18.6804
18.757
18.7968
18.7954
18.7613
18.726
18.7391
18.7966
18.8726
18.9776
19.079
19.1815
19.2357
19.2988
19.4222
19.6096
19.8561
19.9733
20.7784
21.0575
21.2589
21.3804
21.447
21.507
21.4336
21.201
20.5071
19.4458
19.0807
19.0837
19.0589
19.1161
19.2138
19.3386
19.4503
19.5344
19.5543
19.566
19.5712
19.5698
19.5656
19.5797
19.6387
19.7719
19.9646
20.1896
20.384
20.4058
20.3037
19.9907
19.4562
18.6205
18.1629
18.2072
18.418
18.6643
18.7846
18.7976
18.7917
18.8168
18.9191
19.1408
19.4448
19.6725
19.7763
19.7943
19.7816
19.7718
19.7756
19.8205
19.904
20.0346
20.2553
20.3949
20.3548
20.2058
19.6104
18.7954
18.6018
18.6052
18.7114
18.787
18.7961
18.7778
18.7243
18.697
18.7314
18.8508
19.0258
19.1439
19.1664
19.1312
19.1147
19.1513
19.2717
19.4749
19.7335
19.8266
20.869
21.1395
21.3253
21.419
21.4591
21.482
21.3988
21.1206
20.4337
19.3816
19.0587
19.0968
19.1951
19.294
19.3842
19.4553
19.4989
19.4876
19.4952
19.5169
19.545
19.5696
19.578
19.594
19.6448
19.7627
19.9454
20.1506
20.3243
20.3536
20.2123
19.8623
19.3603
18.5959
18.1573
18.1983
18.3807
18.6066
18.7395
18.7696
18.7854
18.8615
19.0369
19.2962
19.516
19.6602
19.7383
19.7525
19.7325
19.7064
19.6953
19.737
19.8284
19.9801
20.2198
20.3624
20.2868
20.0969
19.4762
18.7375
18.5948
18.6138
18.7065
18.7897
18.775
18.7343
18.7013
18.6993
18.7663
18.9546
19.145
19.2398
19.2062
19.1118
19.058
19.0851
19.1949
19.3915
19.6133
19.6698
20.9526
21.1966
21.3599
21.4317
21.4587
21.4567
21.3668
21.0697
20.4039
19.3619
19.0667
19.165
19.3813
19.4952
19.5271
19.5248
19.4804
19.4621
19.4755
19.5196
19.574
19.6098
19.6289
19.6463
19.6898
19.7834
19.9239
20.0882
20.2118
20.2423
20.1043
19.7749
19.3418
18.6368
18.2004
18.2126
18.353
18.5406
18.6929
18.7724
18.8371
18.9812
19.1979
19.3863
19.5098
19.5874
19.6378
19.6669
19.6676
19.6511
19.6387
19.676
19.7689
19.9372
20.1844
20.3221
20.2359
19.9999
19.3504
18.6825
18.5849
18.6247
18.6961
18.7448
18.7198
18.6993
18.7082
18.7632
18.9099
19.0511
19.1572
19.2254
19.1888
19.1138
19.073
19.1069
19.2074
19.3776
19.5891
19.6333
21.0159
21.2188
21.3627
21.4194
21.4434
21.4357
21.3465
21.0482
20.4177
19.3989
19.1224
19.2732
19.5008
19.62
19.6176
19.5403
19.4764
19.4633
19.4967
19.5633
19.6386
19.6879
19.71
19.7357
19.7798
19.8375
19.9053
19.9904
20.0509
20.075
19.9843
19.7413
19.3872
18.7435
18.2729
18.2299
18.3152
18.4616
18.6408
18.8002
18.9675
19.1561
19.3125
19.4115
19.4422
19.4685
19.5193
19.5815
19.6151
19.6187
19.6167
19.6455
19.7301
19.8969
20.1441
20.2772
20.2003
19.9217
19.2496
18.6381
18.5697
18.6209
18.66
18.6827
18.6765
18.7036
18.7575
18.9118
19.0556
19.1135
19.1442
19.1308
19.1254
19.1361
19.1456
19.185
19.2873
19.4467
19.6506
19.6849
21.0487
21.2116
21.3364
21.3816
21.4057
21.4218
21.3486
21.071
20.4945
19.4959
19.1927
19.3171
19.5336
19.6781
19.6573
19.5716
19.501
19.4976
19.549
19.6329
19.7195
19.7822
19.815
19.8516
19.8764
19.8984
19.8879
19.8723
19.8694
19.9085
19.9001
19.7876
19.4967
18.8778
18.3368
18.2372
18.2587
18.3886
18.61
18.8748
19.1498
19.302
19.3772
19.3664
19.353
19.366
19.4248
19.5132
19.5825
19.6068
19.6132
19.6337
19.7034
19.8564
20.0961
20.2158
20.1682
19.8579
19.1859
18.6043
18.5407
18.5722
18.5912
18.6333
18.6705
18.7347
18.8655
19.0205
19.1175
19.135
19.0865
19.0308
19.0511
19.1371
19.2322
19.3054
19.4148
19.5718
19.754
19.773
21.063
21.1848
21.2794
21.3215
21.3664
21.436
21.386
21.1558
20.6332
19.6159
19.2236
19.3111
19.5282
19.6801
19.6966
19.629
19.5749
19.5769
19.6256
19.7079
19.7978
19.874
19.9235
19.9633
19.9703
19.94
19.8558
19.7652
19.7417
19.8078
19.8737
19.8785
19.6165
18.9888
18.3908
18.2134
18.2001
18.3537
18.6216
19.0111
19.2753
19.3903
19.3773
19.3226
19.2827
19.2908
19.3473
19.4486
19.5532
19.6078
19.6188
19.6245
19.6719
19.8119
20.0262
20.1229
20.1219
19.8119
19.1433
18.5777
18.4848
18.4888
18.5301
18.6213
18.7094
18.826
18.9691
19.0535
19.0919
19.0776
19.0084
18.9777
19.0159
19.1235
19.2695
19.4139
19.5478
19.7017
19.8702
19.8777
21.0753
21.1446
21.2094
21.2625
21.3516
21.473
21.466
21.3203
20.8
19.7326
19.2521
19.2821
19.4728
19.6674
19.748
19.7291
19.6977
19.6894
19.7199
19.7835
19.8657
19.9509
20.0142
20.0683
20.0527
19.9615
19.8267
19.7115
19.6916
19.7674
19.8928
19.9589
19.7064
19.0649
18.4083
18.1819
18.1769
18.3513
18.7061
19.1114
19.3373
19.4409
19.3818
19.297
19.2544
19.2573
19.3045
19.3999
19.5181
19.604
19.6239
19.6163
19.6387
19.7573
19.9365
20.0163
20.0674
19.7792
19.1034
18.5489
18.4083
18.3905
18.4846
18.6418
18.7919
18.9344
19.0348
19.0624
19.0267
18.9818
18.9567
18.9704
19.0309
19.1639
19.3384
19.4904
19.6363
19.7944
19.945
19.9398
21.0844
21.1113
21.1564
21.2326
21.3613
21.5273
21.5891
21.5226
20.9524
19.8308
19.2546
19.2556
19.4246
19.6643
19.8291
19.8805
19.8575
19.8341
19.8326
19.8641
19.9301
20.0158
20.1033
20.1645
20.1333
20.004
19.8541
19.74
19.7319
19.8112
19.9505
20.0197
19.7619
19.0974
18.4096
18.1809
18.2044
18.4251
18.7987
19.1315
19.3348
19.3998
19.3572
19.299
19.2663
19.2677
19.2982
19.3701
19.479
19.5799
19.6168
19.6011
19.6189
19.7109
19.8523
19.9219
20.0033
19.7421
19.0698
18.5182
18.337
18.3139
18.4499
18.6629
18.8865
19.0068
19.0298
18.9843
18.9232
18.9098
18.9365
19.0008
19.1158
19.2483
19.3737
19.5169
19.6471
19.7998
19.9319
19.9213
21.0896
21.105
21.1489
21.2576
21.4294
21.6285
21.7409
21.6994
21.0735
19.9323
19.3099
19.2668
19.4199
19.6772
19.9107
20.0301
20.0217
19.9843
19.9479
19.9448
19.9927
20.0806
20.186
20.2423
20.2053
20.0827
19.9529
19.8613
19.8657
19.9328
20.0288
20.0624
19.7712
19.1112
18.4273
18.233
18.3081
18.5766
18.8485
19.0751
19.2383
19.31
19.3398
19.3283
19.3127
19.3036
19.3166
19.3621
19.4402
19.5293
19.5917
19.5965
19.6236
19.6932
19.7983
19.8503
19.9097
19.6674
19.0423
18.5067
18.3174
18.296
18.4507
18.7174
18.9432
19.0226
18.9856
18.9129
18.8732
18.911
18.9724
19.0841
19.2053
19.3039
19.3928
19.4887
19.5873
19.7468
19.8789
19.8684
21.1087
21.1413
21.2111
21.3462
21.5646
21.7802
21.8936
21.8283
21.1794
20.0332
19.4134
19.3342
19.4699
19.7175
19.9865
20.1446
20.1627
20.1158
20.0576
20.0291
20.0645
20.1499
20.2584
20.3058
20.26
20.1662
20.0677
20.0132
20.0259
20.0742
20.103
20.0715
19.7693
19.147
18.4869
18.371
18.5078
18.7043
18.8578
18.9659
19.0791
19.1967
19.2992
19.3807
19.4002
19.3898
19.3765
19.3813
19.4168
19.4809
19.5493
19.601
19.6482
19.7039
19.773
19.7928
19.7717
19.5369
19.005
18.5211
18.3533
18.3507
18.5212
18.764
18.9411
18.9709
18.9182
18.8787
18.8884
18.9685
19.0834
19.1679
19.2448
19.3047
19.3633
19.4141
19.5051
19.6312
19.7686
19.7652
21.1465
21.2155
21.3178
21.4918
21.7303
21.9253
22.0139
21.9087
21.2758
20.1411
19.5537
19.4571
19.5696
19.7877
20.0154
20.1838
20.2399
20.2015
20.1518
20.1247
20.1503
20.2216
20.3077
20.3452
20.3116
20.2507
20.1841
20.1486
20.1584
20.189
20.1659
20.085
19.8072
19.2474
18.6576
18.5954
18.6775
18.7732
18.8245
18.8558
18.9237
19.0528
19.2141
19.3522
19.4584
19.5115
19.4944
19.4508
19.4328
19.4598
19.5206
19.6003
19.6886
19.7338
19.7575
19.7149
19.5946
19.3674
18.9739
18.5749
18.4461
18.464
18.5965
18.7638
18.8507
18.8701
18.874
18.896
18.9594
19.075
19.1935
19.2511
19.2858
19.2935
19.3122
19.3399
19.4223
19.5215
19.6019
19.5724
21.1191
21.2716
21.4502
21.6447
21.8492
22.0208
22.0832
21.965
21.3648
20.2479
19.703
19.6029
19.6655
19.8303
19.9982
20.154
20.2447
20.2497
20.237
20.2247
20.2388
20.28
20.3331
20.3712
20.3758
20.3544
20.3137
20.279
20.2626
20.2457
20.2095
20.1353
19.9295
19.4531
18.9522
18.7832
18.7942
18.7632
18.7667
18.7832
18.8272
18.9172
19.0701
19.2602
19.4281
19.5578
19.6306
19.5803
19.5031
19.4773
19.5244
19.6106
19.717
19.7549
19.7283
19.6082
19.4071
19.1995
18.9319
18.6609
18.5891
18.6096
18.6607
18.6989
18.7264
18.7727
18.8524
18.9737
19.0891
19.2103
19.3039
19.3192
19.3069
19.2908
19.2718
19.2958
19.3295
19.3336
19.303
19.2188
21.0647
21.3348
21.5466
21.7267
21.8961
22.0436
22.1049
22.0001
21.4119
20.3314
19.8344
19.7333
19.7533
19.8393
19.9509
20.0726
20.2007
20.2922
20.3223
20.3326
20.3252
20.3395
20.3736
20.401
20.4179
20.425
20.4056
20.3528
20.3043
20.2594
20.2639
20.2338
20.2036
19.8388
19.2387
18.9331
18.8277
18.7548
18.7395
18.7492
18.773
18.8257
18.9266
19.0942
19.3169
19.5191
19.6519
19.7059
19.6292
19.5563
19.5713
19.6483
19.7355
19.7537
19.6732
19.4911
19.2524
19.0776
18.9087
18.7694
18.7341
18.7383
18.6653
18.629
18.6469
18.7228
18.8846
19.0768
19.2393
19.3287
19.3669
19.3777
19.3601
19.3088
19.2769
19.2265
19.1593
19.1176
19.1113
19.0546
20.9922
21.3229
21.5452
21.7106
21.8704
22.0108
22.0948
22.0195
21.4245
20.3559
19.8966
19.7867
19.7945
19.8318
19.8845
19.9706
20.1131
20.2733
20.3965
20.4478
20.4369
20.4101
20.3906
20.391
20.4241
20.4553
20.4495
20.3864
20.3131
20.2848
20.3639
20.4151
20.6121
20.3008
19.5043
19.0558
18.8583
18.7642
18.7393
18.7346
18.7431
18.7792
18.8568
18.9735
19.1403
19.3698
19.5802
19.7044
19.7439
19.6973
19.6849
19.7266
19.7563
19.7278
19.5972
19.3866
19.1585
19.0332
18.9373
18.8526
18.7999
18.7956
18.6764
18.6099
18.6345
18.7543
18.9558
19.1889
19.3484
19.4347
19.448
19.4514
19.4259
19.3685
19.2802
19.1308
19.0272
19.0057
19.0524
19.0185
20.8984
21.189
21.404
21.5647
21.7343
21.9038
22.0345
21.989
21.3851
20.318
19.8984
19.7802
19.7855
19.8076
19.8131
19.8679
19.9988
20.224
20.4144
20.5264
20.526
20.4589
20.3865
20.3746
20.4194
20.464
20.4582
20.3892
20.3278
20.376
20.5352
20.7438
20.9775
20.6956
19.8
19.1471
18.9076
18.8053
18.7751
18.7547
18.743
18.7653
18.8392
18.9507
19.0807
19.211
19.3971
19.6116
19.7584
19.8469
19.8746
19.8483
19.7823
19.682
19.52
19.3212
19.1433
19.0805
19.0189
18.8867
18.806
18.773
18.6992
18.6642
18.7168
18.8636
19.0789
19.2705
19.3935
19.4663
19.5145
19.5018
19.4882
19.4106
19.2275
19.0468
18.9735
18.9867
19.0029
18.9507
20.692
20.9267
21.121
21.2807
21.4812
21.7123
21.8834
21.8421
21.2148
20.2004
19.8598
19.7555
19.7555
19.764
19.7562
19.789
19.911
20.143
20.4021
20.5573
20.5506
20.47
20.3865
20.3588
20.3946
20.4482
20.4688
20.4376
20.431
20.541
20.8123
21.0458
21.2004
20.9449
20.0672
19.251
18.9964
18.89
18.8467
18.8034
18.7709
18.7825
18.8554
18.9662
19.0849
19.1631
19.2527
19.4519
19.7154
19.9095
20.0208
19.9864
19.8561
19.6681
19.4757
19.32
19.2307
19.2052
19.1391
18.9144
18.7551
18.7107
18.7299
18.7981
18.8999
19.0405
19.203
19.311
19.3867
19.4513
19.5018
19.5501
19.4966
19.3308
19.1164
19.0052
18.9259
18.905
18.9124
18.8457
20.3455
20.5595
20.7545
20.9416
21.1517
21.3903
21.601
21.5545
20.9008
19.9915
19.7598
19.6836
19.7032
19.7242
19.7297
19.7648
19.8767
20.067
20.3268
20.5128
20.5468
20.4884
20.4044
20.3542
20.363
20.4197
20.4881
20.5301
20.6019
20.8018
21.0508
21.2218
21.2769
21.037
20.2792
19.3995
19.1285
19.0179
18.9506
18.8814
18.8313
18.8295
18.8943
19.0003
19.1085
19.16
19.2015
19.3458
19.6253
19.8998
20.0387
20.0405
19.9081
19.6715
19.4925
19.4194
19.4241
19.4106
19.2582
18.9358
18.7011
18.6753
18.7904
18.9596
19.1039
19.2101
19.2627
19.289
19.3159
19.3929
19.4476
19.4334
19.3216
19.1705
19.0615
18.9282
18.8696
18.8592
18.8631
18.7924
19.8366
20.0799
20.323
20.5777
20.8273
21.0289
21.1889
21.1218
20.4444
19.7043
19.6016
19.593
19.6391
19.6866
19.7207
19.7802
19.8895
20.0428
20.2126
20.3703
20.4508
20.4432
20.3904
20.3368
20.3302
20.3812
20.497
20.6496
20.8471
21.0431
21.1762
21.2689
21.2055
21.0135
20.4126
19.5785
19.2754
19.1439
19.0525
18.9834
18.9251
18.9058
18.9461
19.0284
19.1141
19.1724
19.2164
19.3256
19.5175
19.7983
19.9718
19.9715
19.8544
19.6805
19.5722
19.5929
19.6503
19.6466
19.404
18.997
18.7072
18.687
18.8242
19.0597
19.2115
19.272
19.2306
19.1813
19.1972
19.2029
19.1833
19.1317
19.1001
19.0266
18.9429
18.8791
18.8641
18.889
18.9045
18.8191
19.1919
19.5058
19.8366
20.1752
20.476
20.6699
20.7777
20.6455
19.8981
19.337
19.3631
19.4689
19.5672
19.6511
19.7255
19.8142
19.9163
20.0216
20.1098
20.1983
20.2885
20.3377
20.333
20.3147
20.3255
20.3982
20.5466
20.7815
21.0038
21.1123
21.1541
21.1706
21.0752
20.92
20.4378
19.6977
19.3891
19.2807
19.1682
19.0661
19.0115
18.9869
18.9891
19.0168
19.0764
19.1628
19.26
19.3648
19.4498
19.5745
19.7248
19.7555
19.6767
19.5999
19.5972
19.694
19.7817
19.7848
19.4816
19.0603
18.7503
18.7044
18.8804
19.1203
19.229
19.1912
19.0973
19.0166
18.9483
18.9068
18.9151
18.9117
18.8787
18.8768
18.8859
18.9122
18.9582
18.9922
19.0145
18.9126
18.5137
18.8993
19.3271
19.753
20.0924
20.2655
20.3643
20.1739
19.3344
18.9017
19.0372
19.2608
19.4545
19.6105
19.7304
19.8394
19.9235
19.9764
20.0141
20.0645
20.1391
20.2266
20.2948
20.3211
20.3489
20.438
20.6321
20.8758
21.0207
21.0347
21.0522
21.0032
20.9132
20.7684
20.3654
19.6925
19.4007
19.3411
19.2589
19.1803
19.1148
19.0564
19.0009
18.9685
18.9963
19.0981
19.2389
19.3695
19.4112
19.346
19.2416
19.2099
19.2887
19.4417
19.6107
19.7464
19.809
19.7699
19.4876
19.1046
18.7938
18.7619
18.8894
19.0361
19.0734
19.0118
18.8919
18.7822
18.731
18.7315
18.71
18.7084
18.7583
18.8388
18.9325
19.0181
19.1098
19.2038
19.2751
19.1731
17.9085
18.3459
18.8465
19.3453
19.6994
19.8619
19.962
19.6845
18.786
18.4582
18.6553
18.9491
19.2475
19.4972
19.6891
19.8188
19.8927
19.9175
19.9385
19.9726
20.0499
20.1709
20.2905
20.3675
20.4487
20.5741
20.7637
20.9153
20.969
20.9166
20.8918
20.8528
20.761
20.6225
20.2458
19.5999
19.313
19.2844
19.268
19.2498
19.2024
19.1271
19.0215
18.9316
18.9075
18.9978
19.1612
19.2869
19.2959
19.1071
18.7945
18.619
18.6992
19.0551
19.4296
19.6222
19.6723
19.6154
19.3876
19.0754
18.8436
18.8012
18.819
18.8256
18.8157
18.7833
18.7182
18.6505
18.5999
18.5803
18.5907
18.6575
18.783
18.9169
19.0798
19.2955
19.4748
19.5508
19.5647
19.4315
17.4431
17.9066
18.4443
18.9715
19.3437
19.5115
19.6132
19.1928
18.2704
18.0795
18.2688
18.5999
18.9618
19.2845
19.5484
19.7344
19.8224
19.8559
19.8848
19.9285
20.0209
20.1728
20.3385
20.4974
20.6431
20.776
20.8904
20.9498
20.8893
20.782
20.7596
20.7642
20.686
20.5277
20.1649
19.4979
19.1732
19.1676
19.2032
19.2459
19.2411
19.1766
19.0507
18.909
18.8292
18.8476
18.9523
19.0286
19.0028
18.8082
18.5604
18.4238
18.47
18.6923
19.0505
19.2944
19.3581
19.3244
19.2408
19.0384
18.8624
18.7675
18.7018
18.6554
18.6407
18.6539
18.6303
18.5786
18.5366
18.5319
18.5975
18.7218
18.9176
19.1941
19.4469
19.6243
19.7071
19.7013
19.6739
19.5176
17.1505
17.6187
18.1533
18.6632
19.061
19.2515
19.3327
18.7457
17.8458
17.7643
17.965
18.3141
18.6712
19.0148
19.3251
19.5584
19.7176
19.8069
19.866
19.9471
20.0807
20.2593
20.4812
20.695
20.8493
20.9443
20.9756
20.9174
20.8011
20.7033
20.7088
20.7401
20.6718
20.4845
20.1137
19.4319
19.0848
19.0845
19.1329
19.2032
19.242
19.2049
19.1016
18.9656
18.8627
18.7964
18.7634
18.7298
18.656
18.5676
18.486
18.4249
18.4748
18.6104
18.7991
18.9595
19.0235
18.9962
18.9924
18.8784
18.7506
18.6559
18.5797
18.5275
18.5497
18.6035
18.6457
18.6314
18.6152
18.654
18.761
18.9895
19.2627
19.4978
19.6651
19.7388
19.7515
19.723
19.6628
19.4746
17.034
17.4893
17.9742
18.4412
18.8649
19.1026
19.1356
18.3825
17.5563
17.5424
17.7686
18.1334
18.4762
18.7881
19.0823
19.3379
19.5491
19.7284
19.8894
20.0452
20.2233
20.4395
20.668
20.8694
21.005
21.0323
20.9763
20.866
20.7504
20.6845
20.709
20.7643
20.7112
20.488
20.0828
19.3757
19.0124
19.0192
19.1153
19.2188
19.2771
19.2423
19.173
19.0965
18.9948
18.8569
18.7144
18.5701
18.4691
18.4471
18.4759
18.5027
18.5451
18.6359
18.7159
18.807
18.8864
18.9236
18.9008
18.7271
18.5475
18.4958
18.4714
18.4916
18.567
18.6647
18.7692
18.843
18.8812
18.9683
19.1344
19.3125
19.4739
19.609
19.7082
19.7592
19.7461
19.6831
19.5885
19.354
17.0241
17.4535
17.8837
18.3013
18.7486
19.0677
19.0333
18.142
17.4033
17.4182
17.6694
18.0383
18.3748
18.6622
18.9097
19.1428
19.3806
19.6217
19.8745
20.1299
20.3874
20.6174
20.8209
20.986
21.0612
21.0421
20.9511
20.8182
20.728
20.7176
20.746
20.808
20.7526
20.5065
20.066
19.3368
18.9694
18.9753
19.0932
19.2133
19.294
19.2941
19.2647
19.2245
19.1384
18.9517
18.7187
18.4885
18.3622
18.3809
18.4976
18.6109
18.6493
18.6435
18.6536
18.74
18.8564
18.9804
18.9468
18.6889
18.392
18.3381
18.3738
18.4574
18.589
18.7455
18.9152
19.0893
19.2473
19.3619
19.4468
19.5245
19.5997
19.6507
19.6739
19.676
19.6555
19.5938
19.4952
19.2411
17.0698
17.5006
17.899
18.2733
18.7039
19.0795
18.996
18.0323
17.3526
17.3671
17.6298
18.0005
18.335
18.6069
18.8278
19.0295
19.2465
19.5247
19.8704
20.2155
20.514
20.7588
20.9392
21.0489
21.0835
21.0454
20.9282
20.7708
20.6806
20.6949
20.7477
20.8266
20.7884
20.541
20.0657
19.3145
18.9366
18.9484
19.0875
19.2289
19.3253
19.3623
19.3532
19.335
19.2562
19.0497
18.7367
18.444
18.2985
18.337
18.5126
18.6888
18.7554
18.6821
18.637
18.7064
18.8565
19.0392
19.0077
18.6942
18.3402
18.2142
18.2679
18.4675
18.6908
18.9001
19.1219
19.3621
19.5737
19.7151
19.7442
19.7049
19.6333
19.5819
19.5742
19.5705
19.5546
19.5085
19.4141
19.1385
)
;

boundaryField
{
    inlet
    {
        type            fixedValue;
        value           uniform 10;
    }
    outlet
    {
        type            zeroGradient;
    }
    bottom
    {
        type            symmetryPlane;
    }
    top
    {
        type            symmetryPlane;
    }
    obstacle
    {
        type            zeroGradient;
    }
    defaultFaces
    {
        type            empty;
    }
}


// ************************************************************************* //
