/*--------------------------------*- C++ -*----------------------------------*\
| =========                 |                                                 |
| \\      /  F ield         | OpenFOAM: The Open Source CFD Toolbox           |
|  \\    /   O peration     | Version:  v1912                                 |
|   \\  /    A nd           | Website:  www.openfoam.com                      |
|    \\/     M anipulation  |                                                 |
\*---------------------------------------------------------------------------*/
FoamFile
{
    version     2.0;
    format      ascii;
    class       volScalarField;
    location    "0.06";
    object      rho;
}
// * * * * * * * * * * * * * * * * * * * * * * * * * * * * * * * * * * * * * //

dimensions      [1 -3 0 0 0 0 0];


internalField   nonuniform List<scalar> 
4800
(
0.140001
0.140001
0.140001
0.140001
0.140001
0.140129
0.191057
0.246249
0.248063
0.248155
0.248206
0.24831
0.248652
0.249094
0.249218
0.249229
0.249063
0.248522
0.248025
0.247909
0.24796
0.248399
0.249501
0.250995
0.252311
0.253275
0.254115
0.255022
0.25575
0.256202
0.257266
0.263667
0.277363
0.286761
0.290856
0.294425
0.298532
0.3036
0.309256
0.313246
0.140001
0.140001
0.140001
0.140001
0.140001
0.140129
0.191057
0.246249
0.248063
0.248155
0.248206
0.24831
0.248652
0.249094
0.249218
0.249229
0.249063
0.248523
0.248026
0.24791
0.247958
0.248387
0.249477
0.250966
0.252284
0.253257
0.254105
0.255016
0.255747
0.256201
0.257212
0.263317
0.276781
0.286285
0.2905
0.293953
0.297985
0.3024
0.307401
0.310772
0.140001
0.140001
0.140001
0.140001
0.140001
0.140129
0.191057
0.246249
0.248063
0.248155
0.248206
0.24831
0.248652
0.249094
0.249218
0.249229
0.249063
0.248524
0.248028
0.24791
0.247952
0.248364
0.249432
0.250913
0.252244
0.25323
0.254088
0.255006
0.255741
0.256196
0.257088
0.262622
0.275718
0.28552
0.289892
0.293131
0.296924
0.300741
0.304857
0.307661
0.140001
0.140001
0.140001
0.140001
0.140001
0.140129
0.191057
0.246249
0.248063
0.248155
0.248206
0.24831
0.248652
0.249094
0.249218
0.249228
0.249064
0.248526
0.248031
0.247912
0.247944
0.24833
0.249365
0.250838
0.252184
0.25319
0.254062
0.254991
0.255734
0.256185
0.256926
0.261665
0.274164
0.284401
0.289033
0.292056
0.295528
0.298926
0.30219
0.30432
0.140001
0.140001
0.140001
0.140001
0.140001
0.140129
0.191057
0.246249
0.248063
0.248155
0.248206
0.24831
0.248653
0.249094
0.249217
0.249228
0.249064
0.248528
0.248035
0.247914
0.247934
0.248287
0.249277
0.250739
0.252105
0.253137
0.254027
0.254969
0.255721
0.25617
0.25676
0.260553
0.272108
0.282893
0.287951
0.290819
0.293923
0.296984
0.299687
0.301472
0.140001
0.140001
0.140001
0.140001
0.140001
0.140129
0.191057
0.246249
0.248063
0.248155
0.248206
0.24831
0.248653
0.249094
0.249217
0.249227
0.249065
0.248531
0.24804
0.247918
0.247924
0.248236
0.249169
0.250614
0.252004
0.253068
0.253982
0.254937
0.255699
0.256151
0.256616
0.259417
0.269605
0.280958
0.286658
0.289481
0.292221
0.294989
0.29737
0.299018
0.140001
0.140001
0.140001
0.140001
0.140001
0.140129
0.191057
0.246249
0.248063
0.248155
0.248206
0.24831
0.248653
0.249094
0.249217
0.249227
0.249065
0.248535
0.248046
0.247921
0.247915
0.24818
0.249046
0.25046
0.25188
0.252985
0.253926
0.254894
0.255668
0.25613
0.256508
0.258387
0.266808
0.278525
0.285134
0.288081
0.290519
0.293011
0.295192
0.296844
0.140001
0.140001
0.140001
0.140001
0.140001
0.140129
0.191057
0.246249
0.248063
0.248155
0.248206
0.24831
0.248653
0.249094
0.249216
0.249226
0.249065
0.248538
0.248052
0.247924
0.247907
0.248125
0.248909
0.250278
0.251728
0.252886
0.253856
0.25484
0.255628
0.256105
0.256439
0.257554
0.263953
0.275518
0.283292
0.286622
0.288865
0.291099
0.293149
0.294823
0.140001
0.140001
0.140001
0.140001
0.140001
0.140129
0.191057
0.246249
0.248063
0.248155
0.248206
0.24831
0.248653
0.249094
0.249216
0.249225
0.249065
0.248542
0.248059
0.247929
0.247903
0.248072
0.248762
0.250069
0.251548
0.252769
0.253774
0.254775
0.255578
0.256076
0.256397
0.256962
0.261326
0.271949
0.280973
0.285062
0.287281
0.2893
0.291234
0.292903
0.140001
0.140001
0.140001
0.140001
0.140001
0.140129
0.191057
0.246249
0.248063
0.248155
0.248206
0.24831
0.248653
0.249094
0.249215
0.249225
0.249065
0.248546
0.248066
0.247935
0.247902
0.248024
0.248612
0.249837
0.251338
0.252628
0.253679
0.254698
0.255518
0.25604
0.256361
0.256601
0.259181
0.267999
0.278013
0.283287
0.285753
0.28764
0.289437
0.29108
0.140001
0.140001
0.140001
0.140001
0.140001
0.140129
0.191057
0.246249
0.248063
0.248155
0.248206
0.24831
0.248653
0.249094
0.249215
0.249224
0.249064
0.248549
0.248073
0.247943
0.247903
0.247981
0.248465
0.249587
0.251093
0.25246
0.253568
0.254609
0.255444
0.255988
0.256324
0.256412
0.257659
0.264069
0.274319
0.281099
0.284187
0.286077
0.287733
0.289385
0.140001
0.140001
0.140001
0.140001
0.140001
0.140129
0.191057
0.246249
0.248063
0.248155
0.248206
0.24831
0.248653
0.249094
0.249215
0.249223
0.249063
0.248551
0.24808
0.247953
0.247908
0.247945
0.248327
0.249328
0.250812
0.252261
0.253438
0.254504
0.255355
0.255921
0.256284
0.256332
0.256732
0.260686
0.269984
0.278267
0.282411
0.284535
0.286122
0.28782
0.140001
0.140001
0.140001
0.140001
0.140001
0.140129
0.191057
0.246249
0.248063
0.248155
0.248206
0.24831
0.248653
0.249094
0.249215
0.249222
0.249062
0.248553
0.248086
0.247965
0.247916
0.247919
0.248204
0.249067
0.250497
0.252023
0.253285
0.254384
0.255252
0.255841
0.256234
0.256293
0.256269
0.258244
0.26541
0.274583
0.280206
0.282935
0.284603
0.286327
0.140001
0.140001
0.140001
0.140001
0.140001
0.140129
0.191057
0.246249
0.248063
0.248155
0.248206
0.24831
0.248653
0.249094
0.249215
0.249221
0.249061
0.248553
0.248092
0.247979
0.247924
0.247903
0.248098
0.248811
0.250152
0.251742
0.253104
0.25425
0.255135
0.255747
0.256163
0.256251
0.256076
0.256774
0.261292
0.270085
0.277311
0.281102
0.283126
0.284832
0.140001
0.140001
0.140001
0.140001
0.140001
0.140129
0.191057
0.246249
0.248063
0.248155
0.248206
0.24831
0.248653
0.249094
0.249215
0.24922
0.249059
0.248553
0.248098
0.247991
0.247935
0.247898
0.248015
0.248575
0.249789
0.251415
0.252888
0.254099
0.255006
0.255632
0.25607
0.256202
0.256004
0.256057
0.258311
0.265232
0.273452
0.27878
0.281558
0.283292
0.140001
0.140001
0.140001
0.140001
0.140001
0.140129
0.191057
0.246249
0.248063
0.248155
0.248206
0.24831
0.248653
0.249094
0.249215
0.24922
0.249057
0.248552
0.248101
0.248003
0.247949
0.2479
0.247952
0.248366
0.249422
0.251038
0.252628
0.253925
0.254862
0.255498
0.255955
0.256135
0.255961
0.255783
0.256605
0.260863
0.268711
0.275659
0.279613
0.281706
0.140001
0.140001
0.140001
0.140001
0.140001
0.140129
0.191057
0.246249
0.248063
0.248155
0.248206
0.24831
0.248653
0.249094
0.249215
0.249219
0.249056
0.248551
0.248103
0.248013
0.247966
0.247907
0.24791
0.248192
0.249065
0.250613
0.252313
0.253719
0.254705
0.255351
0.255823
0.256037
0.255915
0.255683
0.255842
0.257839
0.26374
0.271414
0.276913
0.279997
0.140001
0.140001
0.140001
0.140001
0.140001
0.140129
0.191057
0.246249
0.248063
0.248155
0.248206
0.24831
0.248653
0.249094
0.249215
0.249219
0.249054
0.248549
0.248104
0.24802
0.247985
0.247918
0.247889
0.248056
0.248737
0.250158
0.251938
0.253472
0.254531
0.255197
0.255675
0.255911
0.255846
0.255641
0.25558
0.256272
0.259593
0.266393
0.273186
0.277723
0.140001
0.140001
0.140001
0.140001
0.140001
0.140129
0.191057
0.246249
0.248063
0.248155
0.248206
0.24831
0.248653
0.249094
0.249215
0.24922
0.249054
0.248547
0.248104
0.248025
0.248001
0.247935
0.247885
0.24796
0.248453
0.249693
0.251501
0.253168
0.254332
0.255035
0.255515
0.255761
0.25574
0.255595
0.255482
0.255682
0.257085
0.261577
0.268354
0.274459
0.140001
0.140001
0.140001
0.140001
0.140001
0.140129
0.191057
0.246249
0.248063
0.248155
0.248206
0.24831
0.248653
0.249094
0.249215
0.24922
0.249053
0.248545
0.248104
0.248027
0.248015
0.247957
0.247892
0.247898
0.248223
0.249247
0.251005
0.252795
0.254092
0.25486
0.255349
0.255596
0.255596
0.255519
0.255445
0.255478
0.255997
0.258159
0.263261
0.26992
0.140001
0.140001
0.140001
0.140001
0.140001
0.140129
0.191057
0.246249
0.248063
0.248155
0.248206
0.24831
0.248653
0.249094
0.249216
0.24922
0.249053
0.248544
0.248103
0.248027
0.248025
0.247981
0.247903
0.247866
0.248053
0.248846
0.25047
0.252346
0.253795
0.254663
0.255177
0.255424
0.255428
0.255399
0.255401
0.255391
0.255685
0.256506
0.25923
0.264698
0.140001
0.140001
0.140001
0.140001
0.140001
0.140129
0.191057
0.246249
0.248063
0.248155
0.248206
0.24831
0.248653
0.249094
0.249216
0.24922
0.249053
0.248543
0.248101
0.248026
0.24803
0.248002
0.247923
0.247858
0.24794
0.248513
0.249935
0.251824
0.253418
0.254427
0.254996
0.255251
0.255248
0.255242
0.255315
0.255339
0.255552
0.255998
0.257085
0.260262
0.140001
0.140001
0.140001
0.140001
0.140001
0.140129
0.191057
0.246249
0.248063
0.248155
0.248206
0.24831
0.248653
0.249094
0.249216
0.24922
0.249053
0.248542
0.248099
0.248025
0.248032
0.248018
0.247948
0.247868
0.247874
0.248256
0.249435
0.251239
0.252949
0.254133
0.254791
0.255074
0.255067
0.255063
0.255179
0.255265
0.255477
0.255838
0.256368
0.257725
0.140001
0.140001
0.140001
0.140001
0.140001
0.140129
0.191057
0.246249
0.248063
0.248155
0.248206
0.24831
0.248653
0.249094
0.249216
0.24922
0.249054
0.248542
0.248097
0.248023
0.248031
0.248028
0.247975
0.247887
0.247849
0.248081
0.249007
0.250634
0.252387
0.253755
0.254547
0.254887
0.25489
0.254878
0.255011
0.255144
0.255389
0.255763
0.256192
0.256837
0.140001
0.140001
0.140001
0.140001
0.140001
0.140129
0.191057
0.246249
0.248063
0.248155
0.248206
0.24831
0.248653
0.249094
0.249216
0.24922
0.249054
0.248542
0.248097
0.248021
0.24803
0.248033
0.247997
0.247912
0.247849
0.247978
0.248676
0.250064
0.251746
0.25327
0.254239
0.254673
0.254711
0.254693
0.254829
0.254987
0.255263
0.255677
0.256112
0.256641
0.140001
0.140001
0.140001
0.140001
0.140001
0.140129
0.191057
0.246249
0.248063
0.248155
0.248206
0.24831
0.248653
0.249094
0.249216
0.24922
0.249054
0.248542
0.248096
0.248019
0.248027
0.248034
0.248013
0.24794
0.247866
0.247937
0.248443
0.249573
0.251068
0.25267
0.25384
0.25441
0.254519
0.254511
0.254646
0.254813
0.255104
0.255549
0.256025
0.256551
0.140001
0.140001
0.140001
0.140001
0.140001
0.140129
0.191057
0.246249
0.248063
0.248155
0.248206
0.24831
0.248653
0.249094
0.249216
0.24922
0.249054
0.248542
0.248096
0.248018
0.248025
0.248032
0.248021
0.247965
0.247891
0.247931
0.248303
0.249198
0.250423
0.251968
0.253322
0.254077
0.254295
0.254323
0.254463
0.254634
0.254927
0.255384
0.255897
0.256454
0.140001
0.140001
0.140001
0.140001
0.140001
0.140129
0.191057
0.246249
0.248063
0.248155
0.248206
0.24831
0.248653
0.249094
0.249216
0.24922
0.249054
0.248542
0.248096
0.248018
0.248023
0.248029
0.248023
0.247984
0.24792
0.247948
0.248244
0.248947
0.249873
0.251215
0.252674
0.253642
0.25401
0.254112
0.254275
0.254457
0.254744
0.255201
0.255731
0.25632
0.140001
0.140001
0.140001
0.140001
0.140001
0.140129
0.191057
0.246249
0.248063
0.248155
0.248206
0.24831
0.248653
0.249094
0.249216
0.24922
0.249054
0.248543
0.248097
0.248018
0.248022
0.248026
0.248021
0.247993
0.247947
0.247973
0.248235
0.248796
0.249468
0.250505
0.251912
0.25307
0.253634
0.25386
0.254073
0.25428
0.254561
0.255012
0.255548
0.256157
0.140001
0.140001
0.140001
0.140001
0.140001
0.140129
0.191057
0.246249
0.248063
0.248155
0.248206
0.24831
0.248653
0.249094
0.249216
0.24922
0.249054
0.248543
0.248097
0.248018
0.248022
0.248024
0.248018
0.247996
0.247966
0.248003
0.248255
0.24873
0.24922
0.249914
0.251103
0.252355
0.253134
0.253532
0.253838
0.254093
0.25438
0.254826
0.25536
0.255975
0.140001
0.140001
0.140001
0.140001
0.140001
0.140129
0.191057
0.246249
0.248063
0.248155
0.248206
0.24831
0.248653
0.249094
0.249216
0.24922
0.249054
0.248543
0.248097
0.248018
0.248022
0.248023
0.248015
0.247995
0.247976
0.24803
0.248283
0.248722
0.249087
0.249498
0.250363
0.251527
0.252475
0.253086
0.253541
0.253879
0.254195
0.254641
0.255172
0.255784
0.140001
0.140001
0.140001
0.140001
0.140001
0.140129
0.191057
0.246249
0.248063
0.248155
0.248206
0.24831
0.248653
0.249094
0.249216
0.24922
0.249054
0.248543
0.248097
0.248019
0.248022
0.248023
0.248013
0.247992
0.247978
0.248049
0.248314
0.248737
0.249047
0.249262
0.24978
0.250684
0.251667
0.252482
0.253141
0.253611
0.253994
0.254447
0.254985
0.255587
0.140001
0.140001
0.140001
0.140001
0.140001
0.140129
0.191057
0.246249
0.248063
0.248155
0.248206
0.24831
0.248653
0.249094
0.249216
0.24922
0.249054
0.248543
0.248097
0.248019
0.248022
0.248023
0.248012
0.247989
0.247976
0.248056
0.248341
0.248763
0.249048
0.249158
0.24941
0.249961
0.25077
0.251695
0.252586
0.25325
0.253749
0.254233
0.254785
0.25537
0.140001
0.140001
0.140001
0.140001
0.140001
0.140129
0.191057
0.246249
0.248063
0.248155
0.248206
0.24831
0.248653
0.249094
0.249216
0.24922
0.249054
0.248543
0.248097
0.248019
0.248022
0.248023
0.248011
0.247987
0.247974
0.248056
0.248357
0.248794
0.249064
0.249142
0.249231
0.249446
0.249923
0.250778
0.251841
0.252743
0.253417
0.253979
0.254546
0.255121
0.140001
0.140001
0.140001
0.140001
0.140001
0.140129
0.191057
0.246249
0.248063
0.248155
0.248206
0.24831
0.248653
0.249094
0.249216
0.24922
0.249054
0.248543
0.248097
0.248019
0.248022
0.248023
0.248012
0.247986
0.247971
0.248054
0.248361
0.248819
0.249089
0.249153
0.249177
0.249163
0.249253
0.249829
0.250915
0.252037
0.252938
0.253642
0.254242
0.25486
0.140001
0.140001
0.140001
0.140001
0.140001
0.140129
0.191057
0.246249
0.248063
0.248155
0.248206
0.24831
0.248653
0.249094
0.249216
0.24922
0.249054
0.248543
0.248097
0.248019
0.248022
0.248023
0.248012
0.247985
0.247969
0.248052
0.24836
0.248831
0.249115
0.249174
0.249183
0.249077
0.248847
0.249026
0.24991
0.25112
0.252246
0.253157
0.253889
0.254705
0.140001
0.140001
0.140001
0.140001
0.140001
0.140129
0.191057
0.246249
0.248063
0.248155
0.248206
0.24831
0.248653
0.249094
0.249216
0.24922
0.249054
0.248543
0.248097
0.248019
0.248022
0.248023
0.248012
0.247986
0.247969
0.24805
0.248357
0.248832
0.249132
0.249199
0.249201
0.249067
0.24869
0.248475
0.248986
0.250064
0.251322
0.252484
0.253532
0.254736
0.140001
0.140001
0.140001
0.140001
0.140001
0.140129
0.191057
0.246249
0.248063
0.248155
0.248206
0.24831
0.248653
0.249094
0.249216
0.24922
0.249054
0.248543
0.248097
0.248019
0.248022
0.248023
0.248012
0.247986
0.247969
0.248049
0.248355
0.24883
0.249139
0.249219
0.249224
0.249085
0.248665
0.248188
0.248303
0.249048
0.250248
0.251671
0.253229
0.254994
0.140001
0.140001
0.140001
0.140001
0.140001
0.140129
0.191057
0.246249
0.248063
0.248155
0.248206
0.24831
0.248653
0.249094
0.249216
0.24922
0.249054
0.248543
0.248097
0.248019
0.248022
0.248023
0.248012
0.247986
0.247969
0.248048
0.248353
0.248828
0.249139
0.24923
0.249246
0.249102
0.248667
0.248136
0.24793
0.248286
0.249251
0.250856
0.252979
0.255362
0.140001
0.140001
0.140001
0.140001
0.140001
0.140129
0.191057
0.246249
0.248063
0.248155
0.248206
0.24831
0.248653
0.249094
0.249216
0.24922
0.249054
0.248543
0.248097
0.248019
0.248022
0.248023
0.248012
0.247986
0.247969
0.248048
0.248353
0.248826
0.249139
0.249232
0.249258
0.249117
0.248676
0.248119
0.247799
0.247899
0.248605
0.250231
0.252702
0.255572
0.324558
0.31415
0.307743
0.302842
0.299275
0.296855
0.295321
0.294411
0.293794
0.293083
0.292169
0.291322
0.290793
0.290589
0.290625
0.290833
0.291133
0.29138
0.291071
0.290215
0.289252
0.288323
0.28758
0.286988
0.286687
0.28665
0.286783
0.287055
0.287372
0.287701
0.288102
0.288645
0.28923
0.289482
0.289075
0.288362
0.287746
0.287334
0.287142
0.28716
0.287422
0.287967
0.28871
0.289729
0.292309
0.297769
0.300837
0.299162
0.274894
0.196246
0.152365
0.149912
0.149883
0.149934
0.15002
0.15042
0.152226
0.156639
0.162794
0.168516
0.172919
0.175536
0.17659
0.176689
0.176432
0.175926
0.175287
0.174627
0.174075
0.17367
0.173385
0.173182
0.17304
0.172942
0.172876
0.172844
0.172821
0.172874
0.172889
0.173042
0.312292
0.304042
0.301031
0.298246
0.296209
0.294752
0.293833
0.293223
0.292738
0.292137
0.291388
0.290793
0.290455
0.290286
0.290239
0.290267
0.290438
0.29066
0.290358
0.289553
0.288685
0.287866
0.287154
0.286691
0.286556
0.286646
0.286862
0.287162
0.287547
0.288044
0.288593
0.289082
0.289413
0.28945
0.289042
0.288347
0.287686
0.287192
0.286919
0.28696
0.287369
0.288054
0.289019
0.290646
0.294095
0.298156
0.297626
0.291648
0.258427
0.182591
0.15112
0.149895
0.149891
0.15002
0.150562
0.152346
0.155545
0.159379
0.163326
0.167707
0.171686
0.174509
0.175836
0.176175
0.176104
0.175722
0.175144
0.174531
0.174
0.173588
0.173296
0.173101
0.172972
0.172881
0.172827
0.172801
0.172796
0.172857
0.172884
0.173045
0.308554
0.303545
0.301286
0.298391
0.296247
0.294828
0.293928
0.293304
0.29288
0.292535
0.292031
0.291385
0.290822
0.290462
0.290404
0.290652
0.290937
0.291002
0.290394
0.289516
0.288672
0.287929
0.287351
0.286955
0.286808
0.286879
0.287099
0.287439
0.287901
0.288468
0.28907
0.289585
0.289872
0.289807
0.289348
0.288636
0.287917
0.287351
0.287012
0.286983
0.287385
0.288102
0.289034
0.290866
0.295125
0.298226
0.296904
0.29078
0.250831
0.173041
0.150411
0.149886
0.150011
0.150828
0.153045
0.156314
0.159218
0.161138
0.162741
0.165343
0.168911
0.172528
0.175014
0.175938
0.175982
0.175631
0.175092
0.174558
0.174046
0.173612
0.173303
0.173102
0.172969
0.17288
0.172821
0.172797
0.172799
0.172861
0.172892
0.173048
0.304593
0.301587
0.29992
0.297426
0.295363
0.293893
0.293022
0.292574
0.292423
0.292371
0.292035
0.29135
0.290638
0.29016
0.290133
0.29061
0.291063
0.290849
0.28994
0.289039
0.288279
0.287684
0.287249
0.286987
0.286917
0.287045
0.28735
0.287817
0.288418
0.289096
0.289767
0.290304
0.290578
0.290468
0.28994
0.289152
0.288341
0.287679
0.287281
0.287194
0.287519
0.288191
0.289218
0.291416
0.295693
0.297916
0.296641
0.287869
0.237691
0.164493
0.150111
0.150124
0.151259
0.153876
0.157197
0.159916
0.161489
0.162158
0.162593
0.163556
0.166004
0.16978
0.173258
0.175099
0.175534
0.175415
0.175045
0.174575
0.174062
0.173616
0.173288
0.173067
0.172928
0.172841
0.172789
0.172771
0.17278
0.172847
0.172881
0.173034
0.301813
0.299768
0.298449
0.296323
0.294247
0.292792
0.292063
0.29183
0.291909
0.292064
0.291888
0.291291
0.29064
0.290224
0.29023
0.290723
0.291117
0.290724
0.289921
0.289136
0.28843
0.287826
0.287381
0.287134
0.28709
0.287265
0.287645
0.288191
0.288876
0.289595
0.290271
0.290832
0.291162
0.291117
0.290623
0.289802
0.288926
0.288192
0.287723
0.287549
0.287746
0.288334
0.289392
0.291744
0.296083
0.297524
0.296335
0.284595
0.224566
0.158965
0.150519
0.151912
0.154823
0.15803
0.160408
0.161748
0.16236
0.162552
0.162644
0.162947
0.163916
0.166548
0.170466
0.173598
0.174964
0.175252
0.175064
0.174566
0.17407
0.173635
0.173282
0.17304
0.172891
0.172803
0.172753
0.172738
0.172749
0.172817
0.17286
0.173015
0.299495
0.298017
0.296817
0.295045
0.293145
0.291787
0.291176
0.291074
0.291253
0.291484
0.291425
0.290967
0.29041
0.290073
0.290136
0.290638
0.290902
0.290411
0.289668
0.288945
0.2883
0.287781
0.287435
0.28725
0.28725
0.287459
0.287853
0.288397
0.289052
0.289773
0.290488
0.291132
0.291544
0.291591
0.291248
0.290531
0.289633
0.288807
0.288269
0.288045
0.288114
0.288527
0.289528
0.291935
0.296183
0.297208
0.295404
0.278789
0.211091
0.156173
0.153107
0.155813
0.158812
0.160847
0.161959
0.162519
0.162776
0.162839
0.162841
0.162924
0.163213
0.164177
0.167017
0.170993
0.173713
0.174726
0.174871
0.174564
0.174094
0.173644
0.173268
0.173004
0.172839
0.172747
0.172701
0.172688
0.172702
0.172773
0.172824
0.172985
0.297529
0.296535
0.295446
0.293879
0.292129
0.290818
0.290255
0.290224
0.290487
0.290796
0.290856
0.290544
0.290075
0.289794
0.289877
0.290339
0.290511
0.290059
0.289393
0.288743
0.288169
0.287725
0.287437
0.2873
0.287329
0.287533
0.287879
0.288363
0.288991
0.28971
0.290471
0.29121
0.291697
0.291803
0.291585
0.29111
0.290387
0.289518
0.288805
0.288475
0.288525
0.288883
0.289798
0.292269
0.296223
0.296918
0.294511
0.273179
0.200361
0.157543
0.157037
0.15945
0.161169
0.162025
0.162417
0.162671
0.162857
0.16298
0.163017
0.163013
0.163131
0.163351
0.164324
0.167496
0.171436
0.173773
0.174529
0.174562
0.174129
0.17363
0.173241
0.17296
0.172777
0.172676
0.172631
0.172622
0.172641
0.172717
0.172775
0.172942
0.295698
0.295115
0.294141
0.292679
0.291094
0.28985
0.289329
0.289331
0.28968
0.29009
0.290234
0.290009
0.28961
0.289354
0.289435
0.289872
0.290037
0.289633
0.28904
0.288467
0.28797
0.287593
0.287351
0.287238
0.287271
0.287456
0.28777
0.288207
0.288768
0.289466
0.290225
0.290848
0.291352
0.291619
0.291575
0.291331
0.290906
0.290264
0.289547
0.289094
0.288972
0.289083
0.289786
0.292479
0.296519
0.296632
0.293896
0.267688
0.192975
0.160203
0.160013
0.161384
0.16218
0.162533
0.162687
0.162782
0.162876
0.162999
0.163098
0.163153
0.163181
0.163215
0.163327
0.164483
0.168055
0.171849
0.17377
0.174278
0.174123
0.173652
0.173217
0.172908
0.172707
0.172593
0.172543
0.172535
0.172562
0.172647
0.172711
0.172885
0.293944
0.293737
0.292891
0.291481
0.290066
0.288903
0.28843
0.288467
0.288875
0.289378
0.289568
0.289375
0.289026
0.288801
0.288889
0.28935
0.289563
0.289195
0.288658
0.28816
0.287734
0.287414
0.28721
0.287114
0.287145
0.287313
0.287592
0.287976
0.288481
0.289123
0.289811
0.290536
0.291203
0.291481
0.291459
0.291269
0.291019
0.290653
0.290228
0.289841
0.289462
0.289236
0.289858
0.29304
0.297474
0.298151
0.295689
0.263434
0.1874
0.161702
0.161441
0.162054
0.16243
0.162625
0.162767
0.162861
0.16292
0.162987
0.163097
0.163216
0.163279
0.163229
0.163163
0.163233
0.164762
0.168709
0.172207
0.173707
0.174007
0.173663
0.173196
0.172844
0.172626
0.172498
0.17244
0.172431
0.172465
0.172561
0.17263
0.172813
0.292264
0.292343
0.291622
0.29026
0.28902
0.287962
0.287527
0.28758
0.288005
0.288562
0.288812
0.288658
0.288385
0.288232
0.288341
0.288826
0.289111
0.288782
0.288289
0.287853
0.28749
0.287218
0.287043
0.286957
0.286973
0.287109
0.28735
0.287684
0.288152
0.288737
0.289407
0.290116
0.290767
0.291075
0.291
0.290886
0.290731
0.290611
0.290526
0.290425
0.290099
0.289761
0.290732
0.295385
0.300422
0.301874
0.29835
0.257448
0.181658
0.162153
0.16209
0.162398
0.162593
0.162675
0.162775
0.162887
0.162955
0.163
0.163086
0.163227
0.163344
0.163309
0.163148
0.163028
0.163169
0.165208
0.169392
0.172466
0.17355
0.173619
0.173182
0.172774
0.172529
0.172389
0.172323
0.172311
0.172348
0.172455
0.172529
0.172724
0.290673
0.290941
0.290332
0.289048
0.287961
0.287019
0.286601
0.286639
0.287044
0.287624
0.287955
0.287903
0.287756
0.287705
0.287827
0.288289
0.288665
0.288404
0.287951
0.287565
0.287253
0.287013
0.286851
0.286764
0.286755
0.286862
0.287077
0.287383
0.287822
0.288376
0.289031
0.289731
0.290266
0.290508
0.290508
0.290351
0.290199
0.290181
0.290387
0.290694
0.291007
0.291584
0.293947
0.300315
0.305988
0.307556
0.300605
0.248791
0.17604
0.162217
0.16225
0.162486
0.162671
0.162745
0.1628
0.16287
0.162948
0.163017
0.163096
0.163237
0.163366
0.163372
0.163218
0.163011
0.162895
0.163218
0.165838
0.170043
0.172594
0.173314
0.173161
0.17273
0.172415
0.172262
0.172192
0.172175
0.172209
0.172327
0.17241
0.172621
0.289178
0.289527
0.289052
0.287879
0.286901
0.286052
0.285631
0.285642
0.286024
0.286634
0.287089
0.287197
0.287179
0.287207
0.287322
0.28773
0.288211
0.288057
0.287646
0.287295
0.287016
0.286793
0.286631
0.286535
0.286503
0.286584
0.286778
0.287073
0.287473
0.287996
0.288621
0.289244
0.289686
0.289865
0.28984
0.289733
0.289765
0.289904
0.290314
0.291127
0.292772
0.295447
0.300004
0.307481
0.312023
0.312222
0.299697
0.238323
0.171583
0.162369
0.162353
0.162524
0.162692
0.162788
0.162841
0.162878
0.162931
0.163012
0.163116
0.16326
0.163377
0.163389
0.163291
0.16306
0.162877
0.162808
0.163416
0.166599
0.170584
0.172571
0.172981
0.172663
0.172306
0.172116
0.172037
0.172018
0.17205
0.172179
0.172272
0.172502
0.287733
0.288136
0.28783
0.286784
0.285862
0.285072
0.28464
0.284638
0.285025
0.285698
0.286282
0.28653
0.286605
0.286685
0.286801
0.287178
0.287763
0.287734
0.287356
0.287022
0.286759
0.286539
0.286366
0.286252
0.2862
0.286256
0.286434
0.28672
0.287078
0.287526
0.288053
0.288601
0.289029
0.289234
0.289275
0.289325
0.289578
0.290138
0.291289
0.293485
0.29695
0.301362
0.306714
0.313172
0.315971
0.313806
0.296112
0.227799
0.168497
0.162428
0.162433
0.162574
0.162692
0.162779
0.162853
0.162904
0.162941
0.163009
0.163132
0.163292
0.163391
0.163392
0.163312
0.163138
0.16291
0.162768
0.162768
0.16377
0.167391
0.170956
0.1724
0.172548
0.17221
0.171949
0.171854
0.171835
0.171869
0.172011
0.172116
0.172364
0.286297
0.286784
0.286666
0.285757
0.284861
0.284105
0.28366
0.283665
0.284084
0.284837
0.285534
0.285873
0.286006
0.286133
0.286281
0.286653
0.287313
0.287413
0.28705
0.286714
0.286452
0.286225
0.286038
0.285905
0.285835
0.285864
0.286013
0.286253
0.286543
0.286903
0.287344
0.287886
0.28846
0.288859
0.289071
0.289447
0.290301
0.292031
0.294708
0.298478
0.302734
0.307142
0.311751
0.316838
0.317615
0.31322
0.290612
0.218124
0.166541
0.162436
0.162466
0.162615
0.162721
0.162781
0.162847
0.162916
0.162961
0.163024
0.163156
0.163318
0.163402
0.163391
0.163312
0.163178
0.162984
0.162794
0.162699
0.162778
0.164268
0.168113
0.171122
0.172114
0.172083
0.171794
0.171642
0.171621
0.171661
0.171815
0.171931
0.172202
0.284837
0.285446
0.285497
0.284748
0.283885
0.283168
0.282717
0.28273
0.283179
0.283996
0.284787
0.2852
0.285386
0.285573
0.285778
0.286157
0.286845
0.287067
0.286704
0.286348
0.286077
0.28584
0.285636
0.285481
0.285384
0.285369
0.285451
0.285612
0.285841
0.286196
0.28672
0.287428
0.288223
0.288974
0.289783
0.291114
0.293338
0.296427
0.29997
0.303431
0.3069
0.310382
0.314266
0.31761
0.316834
0.311502
0.285006
0.210018
0.165349
0.162455
0.162467
0.162621
0.162753
0.162814
0.16286
0.162911
0.162969
0.163051
0.163199
0.163348
0.163406
0.163384
0.163301
0.163191
0.163051
0.162862
0.162708
0.162653
0.162851
0.164865
0.168677
0.171108
0.171743
0.171613
0.17143
0.171378
0.171412
0.171575
0.171708
0.172004
0.283345
0.284113
0.284296
0.283712
0.282905
0.28224
0.281792
0.281804
0.282265
0.283123
0.284002
0.284512
0.284773
0.285022
0.285277
0.285656
0.286331
0.286663
0.286312
0.285916
0.285626
0.285371
0.285138
0.284938
0.284791
0.284721
0.284748
0.284893
0.285184
0.285684
0.286436
0.2875
0.288881
0.290623
0.292873
0.295614
0.298667
0.301655
0.304123
0.306235
0.308802
0.311967
0.314344
0.316016
0.314945
0.308919
0.279195
0.20382
0.16469
0.16249
0.162496
0.162626
0.162764
0.162847
0.162887
0.162915
0.162971
0.163081
0.163252
0.163386
0.163417
0.163376
0.163286
0.163186
0.163083
0.162946
0.16277
0.162645
0.162623
0.163002
0.165477
0.169038
0.170916
0.171316
0.171206
0.171114
0.171117
0.171277
0.171431
0.171762
0.28183
0.282733
0.283042
0.282608
0.281883
0.281265
0.280838
0.28085
0.281316
0.282203
0.283171
0.283803
0.284152
0.284452
0.284733
0.285109
0.285763
0.28618
0.285867
0.285416
0.285082
0.284784
0.284493
0.284235
0.284055
0.28399
0.28409
0.284395
0.284877
0.285654
0.286963
0.289032
0.291866
0.29499
0.298063
0.300933
0.303301
0.305104
0.305989
0.307119
0.3091
0.311395
0.312518
0.312814
0.311866
0.305049
0.273342
0.200132
0.164443
0.162521
0.162543
0.162658
0.162778
0.162857
0.162905
0.162932
0.162989
0.163121
0.163304
0.163422
0.163434
0.163374
0.163272
0.163173
0.163089
0.162997
0.16286
0.1627
0.1626
0.162606
0.163225
0.165997
0.169162
0.170626
0.170904
0.170825
0.170792
0.170929
0.171091
0.171461
0.280213
0.281265
0.281751
0.281431
0.280798
0.2802
0.279805
0.279843
0.280327
0.28124
0.282288
0.283047
0.28349
0.28383
0.284119
0.284488
0.285135
0.285605
0.285339
0.284832
0.284401
0.284038
0.283704
0.28346
0.283356
0.283446
0.283774
0.284374
0.285348
0.286975
0.289553
0.292954
0.296669
0.300046
0.302537
0.304279
0.305461
0.306095
0.306429
0.307438
0.308594
0.309507
0.309411
0.309011
0.307069
0.298951
0.267703
0.199426
0.164676
0.16255
0.162583
0.1627
0.162806
0.162865
0.162908
0.162948
0.163026
0.16318
0.163357
0.163449
0.163446
0.163372
0.163265
0.163163
0.163084
0.16302
0.16293
0.162788
0.162644
0.162569
0.162606
0.163472
0.166353
0.169108
0.170259
0.170473
0.170459
0.170548
0.170688
0.171088
0.278221
0.279606
0.280367
0.280232
0.27968
0.279058
0.278661
0.278745
0.279282
0.280244
0.281365
0.282232
0.282755
0.283125
0.283419
0.283783
0.284437
0.284927
0.284673
0.284116
0.283586
0.283211
0.282957
0.282876
0.282991
0.283369
0.284166
0.28553
0.287687
0.290574
0.293868
0.297505
0.300953
0.303252
0.304698
0.305526
0.305738
0.305677
0.306176
0.306965
0.307358
0.307107
0.306364
0.304552
0.300544
0.290901
0.263059
0.201739
0.165416
0.162602
0.162615
0.162724
0.162834
0.162886
0.162916
0.162962
0.163071
0.163251
0.163414
0.163473
0.163451
0.16337
0.163263
0.16316
0.163079
0.16302
0.162967
0.162874
0.162728
0.162604
0.162544
0.162619
0.163701
0.166498
0.168859
0.16983
0.170064
0.170136
0.170234
0.17064
0.275229
0.277602
0.278815
0.278998
0.278522
0.277871
0.277454
0.277576
0.278177
0.279201
0.280389
0.28134
0.28193
0.282334
0.282639
0.282997
0.283644
0.284117
0.283839
0.283275
0.282811
0.282602
0.282562
0.282724
0.283279
0.284375
0.286199
0.288692
0.291624
0.294672
0.297808
0.300727
0.303011
0.304477
0.305359
0.305142
0.304918
0.304701
0.305467
0.306156
0.306017
0.305206
0.30306
0.298974
0.292429
0.282551
0.260491
0.205766
0.166534
0.162665
0.162649
0.162739
0.162849
0.162906
0.162934
0.16299
0.163125
0.163323
0.163465
0.163497
0.163454
0.163365
0.163261
0.163163
0.16308
0.163018
0.162973
0.162919
0.162822
0.16268
0.162571
0.162535
0.162643
0.163809
0.166404
0.168481
0.169362
0.169624
0.169732
0.170119
0.270838
0.274771
0.276855
0.277552
0.277291
0.276648
0.276249
0.276383
0.277031
0.278108
0.279361
0.280376
0.281019
0.281461
0.281782
0.282119
0.28272
0.28318
0.282965
0.282541
0.282424
0.282445
0.282723
0.283491
0.28497
0.287141
0.289694
0.292407
0.295056
0.297486
0.299889
0.302077
0.303933
0.304676
0.304531
0.303917
0.303668
0.303766
0.304407
0.304635
0.304214
0.30241
0.298196
0.291293
0.283856
0.276984
0.260394
0.210241
0.167698
0.162721
0.162692
0.162766
0.162862
0.162918
0.162955
0.163034
0.163197
0.163395
0.163506
0.163515
0.163455
0.163359
0.163259
0.163168
0.163086
0.163019
0.16297
0.162935
0.162877
0.162777
0.162641
0.162556
0.162524
0.162652
0.163794
0.166094
0.167928
0.16878
0.16909
0.16949
0.265462
0.270574
0.273947
0.275574
0.275795
0.275329
0.275049
0.275223
0.275896
0.276977
0.27827
0.279344
0.28003
0.280507
0.280843
0.281132
0.28169
0.282296
0.282371
0.282314
0.282521
0.282997
0.284032
0.285751
0.287945
0.290393
0.292775
0.29486
0.296743
0.298596
0.300838
0.302729
0.303524
0.303432
0.302827
0.302553
0.302492
0.302931
0.303368
0.302773
0.300954
0.296714
0.289581
0.282528
0.278664
0.275362
0.262125
0.214062
0.168646
0.162766
0.162728
0.162795
0.162881
0.162933
0.162983
0.163094
0.163285
0.163466
0.16354
0.163526
0.163453
0.163354
0.163258
0.163173
0.163096
0.163026
0.16297
0.162931
0.162901
0.162843
0.162739
0.162616
0.16254
0.162526
0.162648
0.1636
0.165529
0.167183
0.168031
0.168594
0.260757
0.265282
0.269635
0.272522
0.273674
0.273755
0.273702
0.27404
0.274763
0.275831
0.277133
0.278247
0.278967
0.279466
0.27983
0.280136
0.280814
0.281773
0.282304
0.282812
0.283565
0.284845
0.286565
0.288571
0.290611
0.292531
0.29427
0.295761
0.297308
0.298973
0.300654
0.301801
0.301926
0.301551
0.301117
0.301278
0.301459
0.30185
0.301497
0.299836
0.295289
0.28733
0.280722
0.278452
0.277661
0.275699
0.264198
0.216831
0.169352
0.162813
0.162757
0.162817
0.162902
0.162958
0.163024
0.163167
0.163378
0.163531
0.163568
0.16353
0.163447
0.163349
0.163258
0.163179
0.163107
0.163038
0.162976
0.162929
0.162899
0.162871
0.162812
0.162709
0.162596
0.162542
0.162524
0.162611
0.163295
0.164774
0.166153
0.16703
0.258145
0.260681
0.264373
0.267951
0.270395
0.271436
0.271934
0.27265
0.273505
0.274616
0.275936
0.277078
0.277832
0.278371
0.278859
0.279467
0.280484
0.281786
0.283021
0.284308
0.285726
0.287327
0.288974
0.290617
0.2922
0.293461
0.294513
0.295487
0.296645
0.298141
0.299454
0.300022
0.299862
0.299837
0.299882
0.299967
0.300193
0.299571
0.297617
0.292805
0.284741
0.278751
0.277696
0.277951
0.277791
0.276736
0.265883
0.218782
0.169881
0.162859
0.162786
0.162836
0.162922
0.162992
0.163085
0.163259
0.163466
0.163581
0.163588
0.163531
0.16344
0.163345
0.163259
0.163183
0.163116
0.163051
0.162988
0.162934
0.162895
0.162872
0.162842
0.162786
0.162687
0.16259
0.162541
0.162529
0.162578
0.162954
0.16382
0.164613
0.257374
0.258337
0.260059
0.262747
0.26564
0.267852
0.269282
0.270524
0.271838
0.273172
0.274588
0.275796
0.276654
0.277385
0.27826
0.279372
0.280887
0.28265
0.284526
0.286211
0.287762
0.289159
0.290362
0.291481
0.292528
0.293173
0.293761
0.2945
0.295452
0.296708
0.297575
0.298117
0.298325
0.298307
0.298425
0.298281
0.2974
0.295096
0.289769
0.281969
0.277091
0.276503
0.276973
0.277922
0.278326
0.27759
0.267033
0.220202
0.170327
0.162902
0.162818
0.162858
0.162945
0.163034
0.163164
0.163364
0.163547
0.163618
0.163601
0.163528
0.163433
0.163341
0.16326
0.163188
0.163123
0.163062
0.163002
0.162945
0.162898
0.162869
0.162846
0.162816
0.162763
0.162672
0.162586
0.162547
0.16254
0.162551
0.16267
0.162861
0.257202
0.257781
0.258118
0.258959
0.260673
0.26298
0.265224
0.267261
0.269218
0.271077
0.272829
0.27434
0.275559
0.276814
0.278262
0.279977
0.282038
0.284173
0.286055
0.287565
0.288818
0.28992
0.290716
0.29128
0.291845
0.292282
0.292668
0.293103
0.293781
0.294985
0.295933
0.296234
0.296607
0.296626
0.296049
0.294928
0.291997
0.286187
0.279238
0.275736
0.2754
0.275749
0.2767
0.278223
0.278858
0.278095
0.267678
0.22136
0.170772
0.162943
0.162849
0.162885
0.162979
0.163092
0.163259
0.163473
0.163617
0.163647
0.163605
0.163522
0.163428
0.163339
0.163262
0.163193
0.16313
0.163071
0.163014
0.16296
0.162908
0.16287
0.162843
0.162825
0.162794
0.162745
0.162665
0.162591
0.162555
0.162544
0.162553
0.162549
0.25712
0.257654
0.257746
0.25761
0.257589
0.258516
0.26033
0.262663
0.26524
0.267817
0.270277
0.272575
0.274653
0.276715
0.278763
0.281037
0.283329
0.285424
0.287077
0.288221
0.288982
0.289578
0.290104
0.290411
0.290554
0.290725
0.291104
0.291587
0.292281
0.292987
0.294026
0.294377
0.294076
0.293642
0.292183
0.288538
0.282553
0.276914
0.274715
0.274606
0.274866
0.275386
0.276726
0.278505
0.278909
0.278049
0.267906
0.222449
0.171268
0.162987
0.162878
0.162914
0.163024
0.16317
0.163371
0.163574
0.163671
0.163667
0.163604
0.163514
0.163422
0.163339
0.163265
0.163198
0.163136
0.163078
0.163024
0.162973
0.162922
0.162879
0.162844
0.162823
0.162802
0.162774
0.162734
0.162665
0.1626
0.162562
0.162556
0.162542
0.257019
0.257577
0.25765
0.257401
0.256749
0.256354
0.256754
0.258069
0.260397
0.263398
0.266754
0.27022
0.273485
0.276448
0.279083
0.281549
0.283751
0.285541
0.286871
0.287791
0.288293
0.288533
0.28866
0.288623
0.288618
0.288854
0.289236
0.28995
0.290561
0.29095
0.291036
0.29103
0.290385
0.288435
0.284582
0.279356
0.275404
0.274145
0.274096
0.27436
0.274741
0.275383
0.276739
0.278266
0.278598
0.277743
0.267973
0.223498
0.17179
0.163039
0.162914
0.162952
0.163084
0.163272
0.163495
0.16366
0.163709
0.163677
0.163599
0.163505
0.163417
0.163339
0.163268
0.163203
0.163142
0.163085
0.163032
0.162983
0.162935
0.162892
0.162852
0.162824
0.162802
0.162783
0.162759
0.162725
0.162669
0.162612
0.16258
0.162556
0.256887
0.257483
0.257569
0.257298
0.256578
0.255925
0.255537
0.255605
0.256809
0.259257
0.262776
0.266917
0.271055
0.274713
0.277777
0.280337
0.282459
0.284072
0.285145
0.285858
0.286239
0.286383
0.286456
0.286632
0.286996
0.287155
0.28717
0.287131
0.286968
0.287116
0.286855
0.285662
0.283504
0.280373
0.277034
0.274964
0.274165
0.273848
0.274073
0.274439
0.274898
0.275523
0.276541
0.277786
0.278105
0.277296
0.26793
0.224467
0.172315
0.163098
0.162956
0.162999
0.163162
0.163393
0.163617
0.163728
0.163734
0.163678
0.163591
0.163498
0.163414
0.163339
0.163271
0.163207
0.163147
0.163091
0.163039
0.162991
0.162946
0.162904
0.162863
0.162829
0.162802
0.162784
0.162766
0.162746
0.162721
0.162679
0.162633
0.162597
0.256722
0.257346
0.257443
0.25718
0.256506
0.255843
0.255456
0.25538
0.256288
0.25826
0.26123
0.264748
0.268257
0.27151
0.274357
0.276897
0.279081
0.280834
0.282047
0.282778
0.28316
0.283238
0.283187
0.28328
0.283435
0.283337
0.283151
0.282688
0.281851
0.280948
0.279911
0.278519
0.276905
0.275636
0.274988
0.274545
0.274126
0.273995
0.27428
0.274666
0.275058
0.27546
0.276176
0.277267
0.277582
0.276814
0.267806
0.225309
0.172822
0.163163
0.163008
0.163065
0.163268
0.16353
0.163719
0.163776
0.163747
0.163673
0.163581
0.163492
0.163412
0.16334
0.163274
0.163212
0.163153
0.163097
0.163046
0.162999
0.162954
0.162915
0.162875
0.162839
0.162808
0.162785
0.162767
0.162751
0.162736
0.162717
0.162691
0.162661
0.256529
0.257155
0.257267
0.257063
0.256496
0.255897
0.255685
0.256071
0.257295
0.259282
0.261781
0.264415
0.26682
0.2689
0.270793
0.2727
0.274646
0.276283
0.277366
0.278034
0.278399
0.278482
0.278413
0.278396
0.278247
0.277855
0.277149
0.276213
0.275396
0.274905
0.274777
0.274906
0.274936
0.274897
0.274751
0.274591
0.274379
0.274248
0.274517
0.274811
0.275023
0.275268
0.275851
0.276817
0.277109
0.276364
0.267638
0.225992
0.173287
0.163237
0.16307
0.163151
0.163401
0.163668
0.163798
0.163806
0.16375
0.163663
0.163572
0.163487
0.163412
0.163342
0.163277
0.163216
0.163158
0.163103
0.163052
0.163005
0.162961
0.162923
0.162884
0.16285
0.162817
0.16279
0.16277
0.162752
0.16274
0.162727
0.162717
0.162704
0.256301
0.256918
0.257087
0.257012
0.256595
0.256303
0.256541
0.257388
0.25896
0.260879
0.262896
0.264772
0.266437
0.267772
0.268855
0.269926
0.271172
0.272217
0.272876
0.273318
0.273557
0.273541
0.273325
0.273148
0.272958
0.272704
0.272417
0.272262
0.272397
0.272829
0.273579
0.274404
0.274722
0.274777
0.27482
0.274826
0.274589
0.274335
0.274479
0.274682
0.274839
0.275054
0.275582
0.276448
0.27671
0.275976
0.267459
0.226511
0.17369
0.163328
0.163155
0.163266
0.163555
0.163788
0.163851
0.16382
0.163745
0.163653
0.163564
0.163484
0.163412
0.163345
0.16328
0.16322
0.163162
0.163108
0.163058
0.163011
0.162968
0.162929
0.162892
0.162859
0.162826
0.162798
0.162775
0.162755
0.162742
0.16273
0.162723
0.162713
0.256038
0.256708
0.257008
0.25708
0.257052
0.257296
0.257837
0.258923
0.260528
0.262235
0.263921
0.265436
0.266617
0.267581
0.268422
0.269192
0.269974
0.270545
0.270871
0.271128
0.27121
0.271019
0.2707
0.270646
0.270786
0.270954
0.271182
0.271489
0.27192
0.272548
0.273416
0.274321
0.274706
0.274855
0.27499
0.274969
0.274681
0.274341
0.274389
0.274538
0.27467
0.274877
0.275387
0.276163
0.276402
0.275668
0.267293
0.226873
0.174022
0.163436
0.163265
0.163411
0.163713
0.163877
0.163883
0.163822
0.163734
0.163643
0.163559
0.163483
0.163413
0.163347
0.163283
0.163223
0.163166
0.163113
0.163063
0.163017
0.162973
0.162935
0.162898
0.162866
0.162834
0.162806
0.162782
0.162761
0.162746
0.162732
0.162724
0.162714
0.255807
0.256633
0.257087
0.257514
0.25807
0.258634
0.259241
0.26023
0.26162
0.263071
0.264531
0.2659
0.266952
0.267744
0.26845
0.269075
0.269717
0.270196
0.270487
0.270728
0.270838
0.270657
0.27037
0.270413
0.270645
0.270853
0.271076
0.27137
0.271816
0.272499
0.273453
0.274387
0.274722
0.274896
0.275004
0.274948
0.274643
0.274274
0.274293
0.274427
0.274555
0.274753
0.275237
0.275932
0.276152
0.27542
0.267137
0.227105
0.174289
0.16357
0.163407
0.163581
0.163848
0.163933
0.163898
0.163816
0.163722
0.163635
0.163556
0.163483
0.163414
0.163348
0.163286
0.163226
0.16317
0.163117
0.163067
0.163021
0.162978
0.16294
0.162903
0.162871
0.16284
0.162813
0.162789
0.162767
0.16275
0.162735
0.162725
0.162714
0.255713
0.256747
0.257582
0.258484
0.259375
0.260006
0.26038
0.261122
0.262248
0.263485
0.264807
0.266068
0.267055
0.267815
0.268487
0.269091
0.269704
0.270163
0.27045
0.270685
0.270808
0.270669
0.270389
0.270406
0.270648
0.270877
0.271117
0.271433
0.271898
0.272583
0.273579
0.274432
0.274696
0.274873
0.274962
0.274893
0.274584
0.274226
0.274216
0.274331
0.274459
0.274657
0.275131
0.275769
0.275978
0.275244
0.267006
0.227227
0.174501
0.163728
0.163577
0.163752
0.163945
0.163963
0.163899
0.163806
0.163713
0.16363
0.163554
0.163483
0.163415
0.16335
0.163288
0.163229
0.163173
0.16312
0.163071
0.163025
0.162983
0.162945
0.162908
0.162876
0.162845
0.162818
0.162795
0.162772
0.162754
0.162738
0.162727
0.162716
0.255833
0.257242
0.258578
0.259728
0.260613
0.261093
0.26117
0.261621
0.262541
0.263638
0.264899
0.266109
0.267043
0.267797
0.268508
0.269174
0.269813
0.27028
0.270564
0.270793
0.270917
0.270809
0.27053
0.270485
0.270718
0.270959
0.271207
0.271522
0.27196
0.272604
0.273571
0.274311
0.274583
0.274779
0.274871
0.274801
0.274492
0.274162
0.274154
0.274252
0.27439
0.274606
0.275086
0.275672
0.275869
0.275119
0.266881
0.227261
0.174683
0.163906
0.163763
0.163897
0.164003
0.163976
0.163892
0.163795
0.163706
0.163627
0.163553
0.163483
0.163415
0.163351
0.163289
0.163231
0.163175
0.163123
0.163074
0.163029
0.162986
0.162948
0.162912
0.16288
0.162849
0.162822
0.162799
0.162777
0.162759
0.162743
0.162731
0.162719
0.25631
0.258124
0.259765
0.260906
0.261575
0.261764
0.261629
0.261841
0.262636
0.263678
0.264886
0.266066
0.267013
0.267788
0.268559
0.269254
0.269873
0.270327
0.270615
0.270858
0.271012
0.27094
0.270681
0.270555
0.270753
0.27099
0.271233
0.271533
0.271938
0.272575
0.27355
0.274198
0.274482
0.274698
0.274811
0.274751
0.274434
0.274103
0.274094
0.274187
0.274339
0.274582
0.275063
0.275617
0.275812
0.275056
0.266798
0.227257
0.174848
0.164089
0.163933
0.164
0.164032
0.163976
0.163881
0.163787
0.163702
0.163625
0.163552
0.163482
0.163415
0.163352
0.163291
0.163233
0.163178
0.163126
0.163077
0.163032
0.16299
0.162952
0.162915
0.162883
0.162852
0.162826
0.162803
0.162781
0.162764
0.162747
0.162734
0.162723
0.257022
0.259153
0.260851
0.261798
0.262178
0.262118
0.261954
0.261992
0.262652
0.263624
0.264791
0.265982
0.266991
0.267839
0.268644
0.269331
0.26992
0.270341
0.270628
0.27087
0.271044
0.271001
0.270733
0.270553
0.270729
0.270971
0.271215
0.271508
0.271885
0.272518
0.273485
0.274105
0.274416
0.274655
0.274768
0.274702
0.274401
0.274099
0.274068
0.274146
0.274303
0.27456
0.275067
0.275603
0.2758
0.27503
0.266731
0.227237
0.175013
0.164251
0.164059
0.164063
0.164045
0.163969
0.163873
0.163782
0.1637
0.163624
0.163552
0.163482
0.163416
0.163352
0.163292
0.163234
0.163179
0.163128
0.163079
0.163034
0.162992
0.162954
0.162917
0.162885
0.162854
0.162828
0.162805
0.162783
0.162766
0.162751
0.162737
0.162726
0.257747
0.260051
0.261616
0.262317
0.262405
0.262204
0.262032
0.261983
0.262555
0.263471
0.264658
0.265922
0.267002
0.267929
0.268742
0.269404
0.269948
0.270349
0.270634
0.270866
0.271053
0.271026
0.270738
0.27053
0.270695
0.270952
0.271202
0.271477
0.271847
0.272505
0.273448
0.274056
0.274385
0.274649
0.274767
0.274694
0.27439
0.274125
0.274084
0.274134
0.27431
0.274594
0.275124
0.27563
0.275827
0.275052
0.266716
0.22722
0.175148
0.16437
0.164136
0.164092
0.164044
0.163961
0.163868
0.163779
0.163699
0.163623
0.163551
0.163482
0.163416
0.163353
0.163292
0.163235
0.163181
0.163129
0.16308
0.163035
0.162993
0.162955
0.162918
0.162886
0.162855
0.162829
0.162806
0.162784
0.162767
0.162752
0.162738
0.162727
0.258233
0.260632
0.262166
0.26277
0.262876
0.262512
0.262212
0.26204
0.262506
0.263388
0.264591
0.265886
0.26701
0.267991
0.268817
0.269467
0.269964
0.270349
0.270635
0.270861
0.271055
0.271039
0.270749
0.270513
0.270648
0.270909
0.271148
0.271413
0.271785
0.272465
0.27341
0.273982
0.27432
0.274591
0.274715
0.274663
0.274375
0.274111
0.274054
0.274078
0.27422
0.274493
0.27502
0.275558
0.275778
0.275005
0.266653
0.227227
0.175267
0.164441
0.164175
0.164101
0.164041
0.163956
0.163865
0.163778
0.163698
0.163623
0.163551
0.163482
0.163416
0.163353
0.163293
0.163236
0.163181
0.16313
0.163081
0.163036
0.162994
0.162956
0.162919
0.162888
0.162857
0.162831
0.162807
0.162785
0.162767
0.162752
0.162738
0.162728
)
;

boundaryField
{
    inlet
    {
        type            calculated;
        value           uniform 0.140001;
    }
    outlet
    {
        type            calculated;
        value           nonuniform List<scalar> 
40
(
0.173042
0.173045
0.173048
0.173034
0.173015
0.172985
0.172942
0.172885
0.172813
0.172724
0.172621
0.172502
0.172364
0.172202
0.172004
0.171762
0.171461
0.171088
0.17064
0.170119
0.16949
0.168594
0.16703
0.164613
0.162861
0.162549
0.162542
0.162556
0.162597
0.162661
0.162704
0.162713
0.162714
0.162714
0.162716
0.162719
0.162723
0.162726
0.162727
0.162728
)
;
    }
    bottom
    {
        type            symmetryPlane;
    }
    top
    {
        type            symmetryPlane;
    }
    obstacle
    {
        type            calculated;
        value           nonuniform List<scalar> 
80
(
0.324558
0.31415
0.307743
0.302842
0.299275
0.296855
0.295321
0.294411
0.293794
0.293083
0.292169
0.291322
0.290793
0.290589
0.290625
0.290833
0.291133
0.29138
0.291071
0.290215
0.289252
0.288323
0.28758
0.286988
0.286687
0.28665
0.286783
0.287055
0.287372
0.287701
0.288102
0.288645
0.28923
0.289482
0.289075
0.288362
0.287746
0.287334
0.287142
0.28716
0.287422
0.287967
0.28871
0.289729
0.292309
0.297769
0.300837
0.299162
0.274894
0.196246
0.152365
0.149912
0.149883
0.149934
0.15002
0.15042
0.152226
0.156639
0.162794
0.168516
0.172919
0.175536
0.17659
0.176689
0.176432
0.175926
0.175287
0.174627
0.174075
0.17367
0.173385
0.173182
0.17304
0.172942
0.172876
0.172844
0.172821
0.172874
0.172889
0.173042
)
;
    }
    defaultFaces
    {
        type            empty;
    }
}


// ************************************************************************* //
