/*--------------------------------*- C++ -*----------------------------------*\
| =========                 |                                                 |
| \\      /  F ield         | OpenFOAM: The Open Source CFD Toolbox           |
|  \\    /   O peration     | Version:  v1912                                 |
|   \\  /    A nd           | Website:  www.openfoam.com                      |
|    \\/     M anipulation  |                                                 |
\*---------------------------------------------------------------------------*/
FoamFile
{
    version     2.0;
    format      ascii;
    class       volScalarField;
    location    "0.78";
    object      T;
}
// * * * * * * * * * * * * * * * * * * * * * * * * * * * * * * * * * * * * * //

dimensions      [0 0 0 1 0 0 0];


internalField   nonuniform List<scalar> 
4800
(
11.9169
9.8546
9.67376
9.92735
10.1824
10.5287
10.5411
10.0216
9.76334
9.8611
10.0767
10.3673
10.7147
11.1179
11.5658
12.0255
12.4705
12.8907
13.2242
13.5073
13.8039
14.0889
14.1492
13.7593
13.3878
13.5188
13.7541
14.0589
14.4006
14.7843
15.2114
15.6907
16.2031
16.7196
17.2179
17.6781
18.1275
18.5708
19.0495
19.5443
11.9227
9.85754
9.66613
9.91576
10.1699
10.5162
10.4997
9.97075
9.7268
9.83374
10.068
10.3733
10.7363
11.1486
11.5862
12.0273
12.4599
12.8774
13.2361
13.5449
13.8608
14.1281
14.1549
13.7361
13.36
13.4888
13.7302
14.0526
14.4102
14.8027
15.2349
15.7011
16.1901
16.6894
17.186
17.6675
18.1384
18.5936
19.0613
19.5223
11.9289
9.84992
9.63798
9.9043
10.1829
10.5069
10.4324
9.88548
9.67636
9.80437
10.07
10.3961
10.7701
11.1777
11.5968
12.0152
12.4386
12.8573
13.2591
13.6176
13.9485
14.1858
14.1608
13.7
13.3295
13.4576
13.7177
14.0683
14.4469
14.852
15.2801
15.7235
16.1833
16.6664
17.1707
17.683
18.1789
18.6419
19.0871
19.525
11.9361
9.83298
9.60175
9.90139
10.203
10.4939
10.3375
9.77215
9.60498
9.76252
10.0693
10.4288
10.8171
11.217
11.6138
12.0143
12.4236
12.852
13.2983
13.7098
14.0493
14.2418
14.1663
13.6582
13.2968
13.4298
13.7212
14.1012
14.5072
14.9221
15.3374
15.755
16.1937
16.6691
17.1824
17.7168
18.2371
18.7093
19.1349
19.5412
11.9435
9.81552
9.57309
9.90034
10.2141
10.4685
10.2303
9.65237
9.52092
9.71187
10.0662
10.4644
10.8719
11.2638
11.6385
12.0266
12.4284
12.8659
13.347
13.8
14.1418
14.2913
14.1783
13.6185
13.2607
13.4178
13.7519
14.1628
14.5899
15.0066
15.4043
15.802
16.2346
16.7093
17.2261
17.7685
18.3071
18.7985
19.2156
19.5915
11.951
9.80571
9.56079
9.90002
10.2036
10.4236
10.1183
9.5389
9.44029
9.66211
10.0537
10.4891
10.9188
11.3108
11.6777
12.0629
12.4667
12.8986
13.3976
13.8685
14.2126
14.3383
14.1984
13.5866
13.2259
13.4197
13.8103
14.2504
14.6903
15.0985
15.4806
15.8727
16.3099
16.7888
17.3042
17.8453
18.3805
18.8826
19.3161
19.6837
11.9575
9.80382
9.56108
9.90009
10.1763
10.3668
10.0116
9.43733
9.37992
9.62677
10.0387
10.4988
10.9485
11.3555
11.7368
12.1298
12.5349
12.9615
13.4468
13.9101
14.2624
14.3857
14.2254
13.5617
13.2061
13.4386
13.8858
14.3484
14.7957
15.197
15.5734
15.9713
16.4161
16.8974
17.402
17.9237
18.4547
18.9773
19.4457
19.8176
11.9636
9.8104
9.56771
9.90156
10.1447
10.3113
9.91962
9.34695
9.34691
9.61921
10.032
10.4994
10.9661
11.403
11.8134
12.2217
12.6314
13.0456
13.4984
13.9397
14.2935
14.4395
14.261
13.5503
13.2054
13.4775
13.9606
14.4425
14.8986
15.3049
15.6879
16.0952
16.5434
17.0218
17.5092
18.0225
18.5609
19.0987
19.5984
19.9871
11.9702
9.82461
9.58026
9.90691
10.1166
10.2613
9.84715
9.27522
9.33202
9.62692
10.0341
10.4952
10.9743
11.4394
11.8925
12.3238
12.7408
13.1422
13.5516
13.9718
14.3178
14.5108
14.3122
13.5483
13.229
13.5295
14.0299
14.5299
15.0012
15.4259
15.8243
16.2382
16.6828
17.1551
17.6391
18.1533
18.7011
19.2545
19.7738
20.1793
11.9768
9.84286
9.5958
9.91589
10.096
10.2199
9.79573
9.22715
9.33475
9.65424
10.0475
10.4966
10.9787
11.4699
11.9615
12.4227
12.8516
13.2409
13.6183
14.0207
14.364
14.6044
14.3819
13.563
13.279
13.5969
14.0992
14.6138
15.1049
15.5566
15.9736
16.3895
16.83
17.3055
17.7945
18.3151
18.8698
19.4369
19.965
20.3784
11.9818
9.8613
9.6114
9.92573
10.0834
10.1865
9.75735
9.21098
9.34808
9.6941
10.0727
10.5071
10.9882
11.5005
12.0184
12.5054
12.9486
13.3373
13.6968
14.089
14.4344
14.7201
14.4719
13.5973
13.3616
13.6779
14.1751
14.7015
15.2172
15.6969
16.1297
16.5471
16.9936
17.481
17.979
18.4999
19.0619
19.6313
20.1531
20.5658
11.9841
9.87766
9.62629
9.93799
10.0772
10.1667
9.73183
9.21005
9.36633
9.73942
10.1042
10.5282
11.006
11.5281
12.0614
12.5632
13.0181
13.4165
13.7758
14.1721
14.5291
14.8593
14.5794
13.652
13.4727
13.7767
14.2657
14.8008
15.3382
15.8442
16.2951
16.7242
17.1844
17.6798
18.1838
18.7131
19.2664
19.8116
20.3129
20.7203
11.9839
9.8901
9.63436
9.94543
10.0744
10.1564
9.71669
9.21911
9.39037
9.77852
10.1355
10.5549
11.0291
11.5547
12.0926
12.6037
13.0684
13.4788
13.8501
14.2676
14.6494
15.0191
14.6978
13.7229
13.6021
13.895
14.3748
14.9157
15.4715
16.0032
16.4758
16.9253
17.3981
17.8969
18.4076
18.9286
19.4502
19.9521
20.421
20.8251
11.9823
9.89991
9.63719
9.94698
10.0718
10.1504
9.72204
9.24819
9.42683
9.79986
10.1546
10.574
11.0519
11.5811
12.118
12.6321
13.1074
13.5308
13.9188
14.3723
14.7894
15.1903
14.8157
13.8043
13.7346
14.0228
14.5001
15.0404
15.6076
16.1661
16.6678
17.143
17.6283
18.1319
18.6379
19.1287
19.6008
20.0513
20.4849
20.8893
11.9787
9.90796
9.63664
9.94173
10.0655
10.1579
9.75567
9.29236
9.46578
9.80826
10.1617
10.5875
11.0762
11.6057
12.1396
12.6525
13.1356
13.5719
13.9786
14.4729
14.9271
15.3479
14.9139
13.8847
13.8597
14.1594
14.6315
15.162
15.7356
16.3223
16.8681
17.3743
17.8693
18.3664
18.8464
19.2983
19.7218
20.1205
20.5193
20.9278
11.9753
9.9162
9.63437
9.92914
10.0558
10.1788
9.80847
9.34141
9.49917
9.80553
10.1613
10.5961
11.0967
11.6305
12.1609
12.6698
13.1554
13.602
14.0273
14.5558
15.0451
15.4611
14.9755
13.9503
13.9707
14.2896
14.7556
15.2708
15.8464
16.4626
17.0658
17.6038
18.0998
18.5661
19.0135
19.4206
19.7973
20.1574
20.5383
20.9529
11.9721
9.9242
9.63257
9.91353
10.0465
10.2036
9.87027
9.39195
9.5304
9.8033
10.1579
10.599
11.111
11.65
12.1794
12.6846
13.1696
13.6218
14.0637
14.6144
15.1225
15.5168
14.9987
13.9932
14.0625
14.4045
14.8647
15.3631
15.935
16.5761
17.2317
17.8048
18.2936
18.7208
19.1286
19.505
19.8405
20.1714
20.5439
20.9609
11.9693
9.93148
9.63352
9.90179
10.0418
10.2316
9.93452
9.44175
9.559
9.80788
10.1595
10.6004
11.1179
11.66
12.1916
12.6967
13.1828
13.6386
14.0883
14.6425
15.1497
15.5236
14.991
14.0134
14.1323
14.4976
14.9538
15.4359
15.9978
16.6523
17.3367
17.9501
18.4399
18.8428
19.2113
19.56
19.8674
20.1889
20.5627
20.9667
11.9677
9.93825
9.63851
9.89832
10.0478
10.2663
9.99349
9.48623
9.58216
9.82276
10.1733
10.6092
11.1209
11.6623
12.1966
12.7049
13.1963
13.656
14.1134
14.6523
15.1376
15.4823
14.9647
14.0294
14.1837
14.5657
15.0231
15.4979
16.0376
16.6839
17.3721
18.0207
18.5258
18.9228
19.2581
19.5857
19.8873
20.2144
20.5939
20.9848
11.9675
9.94342
9.64565
9.90306
10.0691
10.3074
10.04
9.52232
9.59674
9.84274
10.198
10.6304
11.1283
11.6607
12.1951
12.7087
13.207
13.6728
14.1344
14.6508
15.1035
15.4114
14.9309
14.0439
14.2127
14.6084
15.0735
15.5468
16.0613
16.6785
17.3556
18.0222
18.564
18.9652
19.29
19.6152
19.9204
20.2542
20.642
21.0409
11.9674
9.94527
9.65293
9.91995
10.1075
10.3478
10.0669
9.54857
9.60103
9.86221
10.2278
10.6585
11.1407
11.6568
12.1842
12.7029
13.2096
13.6844
14.1528
14.6433
15.0617
15.3533
14.92
14.0655
14.216
14.6249
15.104
15.5862
16.0871
16.6563
17.2916
17.9552
18.5484
18.9964
19.3405
19.6653
19.9761
20.3211
20.7313
21.1472
11.9671
9.94293
9.65714
9.94715
10.16
10.3827
10.0768
9.55872
9.59837
9.87966
10.2603
10.6909
11.1555
11.6492
12.1608
12.6804
13.1951
13.6891
14.1695
14.6363
15.0234
15.3204
14.9478
14.1139
14.2187
14.6269
15.1181
15.619
16.1226
16.6434
17.2058
17.8204
18.4408
18.9752
19.3902
19.739
20.0715
20.4444
20.8738
21.2625
11.9691
9.93623
9.65864
9.97973
10.2177
10.4111
10.0747
9.55468
9.58839
9.8897
10.2914
10.7213
11.1672
11.6332
12.1229
12.6384
13.1621
13.6904
14.1884
14.6423
15.0022
15.3023
15.0034
14.2031
14.2354
14.6265
15.1293
15.6547
16.1585
16.6439
17.1352
17.6719
18.2686
18.8754
19.4059
19.8334
20.2114
20.6084
21.0106
21.3381
11.9697
9.9251
9.65987
10.0111
10.2685
10.4331
10.0673
9.54296
9.57016
9.88999
10.3113
10.7404
11.1688
11.6043
12.069
12.5767
13.1147
13.6914
14.2171
14.6644
14.9967
15.2978
15.0797
14.3204
14.2639
14.6347
15.1476
15.6869
16.1852
16.6338
17.0785
17.5534
18.0981
18.7337
19.3741
19.9233
20.3649
20.7402
21.0634
21.3456
11.9707
9.91167
9.65288
10.03
10.3016
10.4382
10.0538
9.52086
9.54017
9.87404
10.3128
10.7427
11.155
11.5607
12
12.5017
13.0652
13.6883
14.2603
14.6979
14.999
15.2987
15.1613
14.4466
14.2913
14.6423
15.1585
15.7008
16.1941
16.6246
17.0358
17.4706
17.9694
18.5961
19.3082
19.9706
20.489
20.822
21.0528
21.2624
11.9718
9.90179
9.64628
10.032
10.308
10.43
10.038
9.4898
9.49991
9.83748
10.2864
10.7171
11.1159
11.5011
11.924
12.4266
13.029
13.6909
14.3067
14.7247
15.0022
15.2864
15.2283
14.5592
14.3099
14.6437
15.1572
15.6952
16.1837
16.6119
17.0081
17.4215
17.8943
18.4924
19.2386
19.9648
20.5294
20.8502
21.0193
21.1455
11.9731
9.8983
9.64703
10.0198
10.2871
10.413
10.0211
9.45113
9.44947
9.78139
10.2285
10.6535
11.0465
11.4277
11.8521
12.3762
13.0236
13.7074
14.3221
14.7208
14.9886
15.2552
15.2621
14.6441
14.3182
14.6418
15.1459
15.6702
16.1464
16.5773
16.9812
17.3969
17.8679
18.4657
19.1853
19.8909
20.4647
20.8083
20.9559
21.029
11.975
9.90085
9.65332
9.99751
10.2403
10.3858
10.0028
9.40658
9.3935
9.71374
10.1427
10.5623
10.9567
11.3495
11.7949
12.356
13.0264
13.7091
14.3009
14.677
14.9535
15.2087
15.2633
14.6916
14.3124
14.6292
15.1166
15.6156
16.0698
16.5052
16.9359
17.378
17.868
18.4599
19.1077
19.7355
20.2697
20.6343
20.8291
20.9272
11.9775
9.9084
9.66329
9.96887
10.178
10.3474
9.98264
9.36428
9.34252
9.64627
10.0465
10.4559
10.8601
11.2834
11.7693
12.3515
13.0013
13.663
14.2302
14.6048
14.9014
15.1455
15.2375
14.6981
14.2763
14.5838
15.0467
15.5114
15.9419
16.3842
16.8461
17.329
17.8522
18.4177
18.9804
19.497
19.9586
20.3656
20.6655
20.8313
11.9801
9.91334
9.6658
9.94089
10.1191
10.3029
9.95974
9.32976
9.30338
9.59023
9.96072
10.3572
10.7765
11.2417
11.7662
12.3448
12.9461
13.5684
14.1026
14.502
14.8273
15.0656
15.1631
14.6371
14.1863
14.4807
14.9116
15.3401
15.7524
16.1986
16.6849
17.2182
17.7811
18.3131
18.7797
19.1839
19.5834
20.0033
20.4052
20.7028
11.9817
9.91258
9.65586
9.91524
10.073
10.2614
9.93701
9.31114
9.28613
9.55291
9.89404
10.2789
10.718
11.2224
11.7666
12.3222
12.8757
13.425
13.9322
14.3645
14.7176
14.9547
15.0287
14.4953
14.0316
14.3034
14.7009
15.0997
15.4988
15.9427
16.4467
17.0165
17.5983
18.0934
18.4693
18.8159
19.1951
19.5951
20.0358
20.4579
11.9808
9.90602
9.63881
9.89171
10.0421
10.2288
9.92295
9.30765
9.28547
9.53136
9.85205
10.2348
10.6925
11.2137
11.7528
12.2764
12.7839
13.268
13.7373
14.1863
14.565
14.8146
14.8388
14.2753
13.8122
14.0469
14.4146
14.797
15.187
15.6237
16.1381
16.7113
17.2752
17.732
18.0696
18.3956
18.7709
19.1514
19.5901
20.09
11.9791
9.89479
9.61888
9.87279
10.0244
10.2108
9.91845
9.31224
9.29718
9.5232
9.83722
10.2251
10.69
11.2038
11.7201
12.2031
12.6808
13.1165
13.5339
13.9781
14.3783
14.6558
14.6177
14.0042
13.5477
13.7334
14.0684
14.4462
14.8361
15.2749
15.7816
16.3205
16.827
17.2474
17.5939
17.9275
18.2874
18.6534
19.0874
19.6404
11.9699
9.87884
9.59932
9.86003
10.0212
10.2087
9.92167
9.32384
9.31852
9.52864
9.84305
10.235
10.6967
11.1865
11.6718
12.1262
12.5722
12.974
13.3472
13.7647
14.1657
14.4839
14.3895
13.7199
13.2722
13.3997
13.7015
14.0773
14.4805
14.9275
15.4082
15.8786
16.309
16.7006
17.074
17.4401
17.7948
18.1512
18.5799
19.151
11.9617
9.86316
9.58334
9.85485
10.028
10.2206
9.92803
9.33793
9.34298
9.54813
9.86557
10.2567
10.7028
11.1645
11.6136
12.0453
12.4684
12.8519
13.1926
13.5712
13.9447
14.283
14.1699
13.458
13.0159
13.0905
13.3621
13.739
14.163
14.6096
15.0412
15.4343
15.8002
16.1655
16.5633
16.9657
17.3426
17.7054
18.1362
18.7071
11.9543
9.84869
9.57304
9.85737
10.0491
10.2434
9.93329
9.34853
9.36711
9.58085
9.89868
10.279
10.7008
11.1301
11.5528
11.9699
12.38
12.7582
13.0793
13.4105
13.7367
14.0666
13.9668
13.2409
12.7996
12.8458
13.095
13.4748
13.9068
14.3344
14.7099
15.0449
15.3698
15.7237
16.1243
16.5453
16.9572
17.3616
17.8123
18.3775
11.9476
9.83583
9.5655
9.86779
10.0792
10.2706
9.9371
9.3526
9.38924
9.61871
9.92983
10.2937
10.6888
11.0915
11.4988
11.9101
12.3135
12.6904
13.009
13.2998
13.5682
13.844
13.7671
13.0565
12.6241
12.6826
12.9333
13.3078
13.7233
14.1071
14.4405
14.7502
15.0629
15.4093
15.7994
16.2225
16.6672
17.1362
17.6423
18.2013
11.9415
9.82475
9.56124
9.87899
10.1067
10.2951
9.94376
9.35581
9.41077
9.6568
9.95468
10.2996
10.6724
11.0584
11.4568
11.8641
12.2637
12.6452
12.9754
13.2464
13.4536
13.6476
13.5658
12.8857
12.4766
12.6082
12.8833
13.2364
13.6025
13.9398
14.2579
14.5782
14.8984
15.2357
15.6095
16.0247
16.4936
17.0268
17.5988
18.1556
11.9376
9.81816
9.56301
9.89308
10.1296
10.3112
9.94775
9.35551
9.425
9.68637
9.97206
10.3022
10.6597
11.0363
11.4304
11.8349
12.2329
12.621
12.9694
13.2384
13.4035
13.5183
13.3985
12.7465
12.4134
12.5872
12.9078
13.226
13.5373
13.8417
14.1541
14.4872
14.8313
15.1777
15.539
15.9396
16.4198
16.9993
17.6278
18.1875
11.9356
9.81662
9.56828
9.90539
10.1469
10.3248
9.95287
9.35729
9.43442
9.70974
9.98803
10.3101
10.6583
11.0285
11.4162
11.816
12.2161
12.6103
12.9726
13.2448
13.3957
13.4708
13.3093
12.6546
12.3775
12.5855
12.9523
13.253
13.5386
13.8222
14.1263
14.4612
14.8216
15.1872
15.5474
15.9429
16.4256
17.0214
17.681
18.2537
20.0586
20.3182
20.4267
19.8939
19.1047
18.955
18.963
19.0966
19.2499
19.3913
19.5405
19.7212
19.9201
20.1298
20.2974
20.4032
20.4609
20.494
20.5214
20.5791
20.7058
20.9425
21.2448
21.3848
21.4073
20.9038
19.8098
19.3343
19.3257
19.3438
19.4219
19.5049
19.5935
19.6726
19.7131
19.6931
19.6308
19.5536
19.4915
19.4647
19.4769
19.5497
19.6977
19.8895
19.9731
19.985
19.6523
18.8506
18.3306
18.2178
18.2613
18.4173
18.6116
18.766
18.8878
19.0175
19.1787
19.3527
19.4569
19.4505
19.34
19.2527
19.2439
19.2837
19.3217
19.2747
19.0421
18.4834
18.1608
18.1486
18.2014
18.2663
18.3367
18.3993
18.4565
18.5498
18.6921
18.8597
19.001
19.1967
19.9622
20.2145
20.2425
19.6842
19.0389
18.9738
19.006
19.1454
19.2973
19.4468
19.6074
19.7958
20.004
20.211
20.3693
20.4632
20.5152
20.5462
20.5805
20.6473
20.7788
21.007
21.2455
21.2789
21.2023
20.5549
19.5603
19.2463
19.257
19.3127
19.4252
19.5239
19.6128
19.7008
19.7406
19.7204
19.6719
19.6077
19.5545
19.5362
19.5692
19.6616
19.8044
19.9667
19.9827
19.9063
19.4618
18.6775
18.3035
18.2516
18.3256
18.4816
18.6394
18.7553
18.8526
18.9708
19.1234
19.2706
19.3611
19.3651
19.3234
19.3216
19.3432
19.3639
19.3426
19.2512
18.9498
18.403
18.1327
18.1383
18.1851
18.269
18.367
18.4466
18.5304
18.6193
18.713
18.832
18.9545
19.1336
19.9326
20.2151
20.2051
19.603
19.0001
18.964
19.0193
19.1659
19.3282
19.4903
19.6598
19.8445
20.0317
20.1987
20.3252
20.405
20.4579
20.4921
20.5409
20.6389
20.7949
21.0427
21.2886
21.3162
21.0663
20.2024
19.235
19.0778
19.1314
19.2608
19.4157
19.5294
19.6059
19.6652
19.7033
19.7039
19.6828
19.6478
19.6138
19.6035
19.6345
19.7246
19.8812
20.0209
19.9789
19.818
19.305
18.5518
18.3226
18.3128
18.3948
18.5225
18.6351
18.7162
18.7955
18.8983
19.0223
19.1353
19.2332
19.3068
19.3457
19.4052
19.4535
19.4727
19.3991
19.2742
18.9121
18.3362
18.0864
18.0878
18.1447
18.273
18.4117
18.523
18.6008
18.6644
18.7246
18.8039
18.8932
19.0512
19.9128
20.2092
20.1831
19.5574
18.9831
18.972
19.0532
19.2157
19.3934
19.5654
19.7326
19.8934
20.0378
20.1625
20.2704
20.3488
20.406
20.4553
20.5229
20.6229
20.8207
21.0921
21.2545
21.2229
20.7877
19.797
18.9363
18.8706
18.979
19.1791
19.3794
19.5092
19.5703
19.6022
19.6478
19.6989
19.7255
19.727
19.7186
19.723
19.762
19.8529
19.9979
20.0488
19.9334
19.6892
19.1132
18.4437
18.319
18.3725
18.4406
18.53
18.5939
18.643
18.7087
18.8031
18.9046
19.0073
19.1269
19.2628
19.3903
19.5032
19.5809
19.5979
19.4851
19.302
18.8419
18.2516
18.0369
18.0341
18.1232
18.2877
18.4733
18.5961
18.6589
18.6936
18.7214
18.7719
18.8442
18.9952
19.9379
20.2273
20.2042
19.5483
18.9745
18.9896
19.0948
19.2767
19.4741
19.6531
19.7969
19.9027
19.9922
20.0877
20.1866
20.2703
20.3391
20.402
20.4735
20.6092
20.8176
21.0746
21.1347
20.9858
20.4701
19.4504
18.7159
18.6512
18.7958
19.0604
19.3058
19.4345
19.4773
19.5051
19.5652
19.6583
19.741
19.7839
19.7951
19.8063
19.8428
19.9309
20.0465
20.0307
19.8495
19.559
18.9346
18.3827
18.3369
18.398
18.4404
18.4981
18.5365
18.583
18.6609
18.7571
18.8415
18.9223
19.0468
19.2213
19.4135
19.5756
19.6737
19.6855
19.565
19.3188
18.7631
18.1633
17.9974
18.0049
18.1192
18.3167
18.5148
18.6349
18.6778
18.6901
18.7044
18.7433
18.8142
18.9693
20.0183
20.2726
20.2374
19.547
18.9862
19.0273
19.166
19.3672
19.578
19.7392
19.8254
19.87
19.9133
19.9822
20.0735
20.1721
20.2576
20.3393
20.4457
20.5836
20.7621
20.9486
20.9167
20.6669
20.1384
19.1656
18.5657
18.5066
18.646
18.9114
19.1634
19.2902
19.3297
19.3705
19.4447
19.5582
19.6807
19.7594
19.794
19.8177
19.856
19.9383
20.0268
19.9736
19.7548
19.4403
18.7872
18.3364
18.3021
18.3534
18.3928
18.4545
18.51
18.5726
18.6552
18.7276
18.7825
18.8565
18.9824
19.1728
19.4008
19.6057
19.7402
19.7433
19.6075
19.3172
18.6864
18.0949
17.9875
18.0103
18.143
18.34
18.5135
18.6224
18.6612
18.6672
18.6812
18.7307
18.8068
18.967
20.1449
20.3542
20.2832
19.5483
19.0047
19.0619
19.2647
19.4838
19.6756
19.7815
19.809
19.81
19.8168
19.8588
19.9422
20.0534
20.1792
20.299
20.4078
20.5181
20.6417
20.711
20.6327
20.3774
19.853
18.9476
18.4594
18.4322
18.5645
18.7701
18.9598
19.0791
19.1496
19.2064
19.2949
19.4267
19.5756
19.6907
19.7546
19.7824
19.8079
19.8745
19.9409
19.8777
19.6739
19.3467
18.663
18.2642
18.2279
18.2716
18.3511
18.4417
18.5184
18.5937
18.6618
18.7021
18.7481
18.8116
18.921
19.101
19.3505
19.5965
19.7843
19.7852
19.6422
19.315
18.6288
18.0524
17.9853
18.0414
18.1751
18.3431
18.4856
18.5554
18.5954
18.631
18.6743
18.7412
18.8166
18.9756
20.2994
20.4601
20.3536
19.5663
19.0218
19.096
19.3606
19.5947
19.7358
19.7773
19.7672
19.7333
19.7175
19.7376
19.8219
19.9657
20.119
20.2533
20.3363
20.3883
20.4493
20.4489
20.3426
20.1183
19.6265
18.7897
18.3913
18.3995
18.4954
18.6334
18.7491
18.8366
18.9163
18.9921
19.0858
19.2182
19.3781
19.5246
19.6207
19.6537
19.6741
19.7427
19.8204
19.7744
19.6179
19.2659
18.5588
18.1876
18.1658
18.211
18.3345
18.4683
18.5657
18.6294
18.6613
18.6889
18.7275
18.7826
18.8679
19.0224
19.2683
19.5564
19.7775
19.8045
19.6519
19.3015
18.5973
18.0465
17.9994
18.086
18.2005
18.3262
18.4152
18.4742
18.5315
18.6008
18.676
18.7577
18.8364
18.9943
20.478
20.5875
20.4522
19.6031
19.0386
19.1295
19.4093
19.6525
19.7535
19.7545
19.7086
19.6467
19.6138
19.6393
19.7226
19.8704
20.0383
20.174
20.2199
20.2161
20.2274
20.205
20.1005
19.9035
19.4565
18.6956
18.3592
18.3692
18.4167
18.5053
18.5818
18.6445
18.7087
18.7829
18.8683
18.9783
19.1145
19.2533
19.3619
19.4104
19.45
19.5438
19.661
19.6601
19.5778
19.1842
18.4812
18.1494
18.0976
18.1704
18.3528
18.5338
18.6411
18.6691
18.668
18.6821
18.7192
18.7746
18.8418
18.9628
19.1758
19.4736
19.7237
19.7944
19.6595
19.2956
18.6013
18.0735
18.0348
18.1154
18.1961
18.2872
18.3572
18.4201
18.4883
18.5686
18.6587
18.7489
18.8264
18.979
20.6686
20.7394
20.5812
19.6676
19.0509
19.1353
19.4053
19.6366
19.7154
19.6943
19.6348
19.5612
19.536
19.5587
19.6377
19.7777
19.9405
20.062
20.0758
20.0475
20.0261
20.004
19.9154
19.7406
19.3411
18.6602
18.3371
18.3336
18.3306
18.3813
18.4506
18.5151
18.5796
18.6567
18.7463
18.8498
18.967
19.0768
19.1562
19.2036
19.2562
19.3664
19.5152
19.571
19.5356
19.0925
18.4006
18.1022
18.0591
18.1737
18.3962
18.615
18.718
18.7143
18.6898
18.6893
18.7237
18.7798
18.8395
18.9273
19.0933
19.3542
19.6205
19.742
19.672
19.3136
18.6415
18.1224
18.0634
18.1167
18.1723
18.2549
18.3363
18.4086
18.4815
18.5586
18.6355
18.7083
18.7738
18.9176
20.8513
20.9004
20.7354
19.7745
19.0697
19.1029
19.3268
19.5336
19.6259
19.6266
19.5712
19.5219
19.5031
19.5187
19.5814
19.6997
19.8402
19.9425
19.9435
19.9059
19.8737
19.8643
19.7904
19.6448
19.298
18.6529
18.3174
18.2933
18.2505
18.2967
18.3674
18.4358
18.5113
18.5974
18.6918
18.7906
18.8984
19
19.0686
19.1248
19.1982
19.3236
19.4756
19.5407
19.4728
18.9803
18.305
18.0768
18.059
18.2003
18.4392
18.66
18.753
18.7464
18.7205
18.7149
18.7448
18.7984
18.8554
18.9174
19.0241
19.2298
19.4951
19.6496
19.6958
19.3798
18.7167
18.1837
18.089
18.0997
18.157
18.2536
18.3539
18.4358
18.5056
18.5612
18.5956
18.6464
18.7175
18.8683
21.0062
21.0527
20.8951
19.893
19.0774
19.0423
19.1819
19.3673
19.512
19.5623
19.5461
19.5201
19.5032
19.5064
19.548
19.6395
19.7552
19.839
19.841
19.7965
19.77
19.7827
19.729
19.6217
19.2975
18.6522
18.3089
18.2416
18.2097
18.2606
18.3365
18.4096
18.4854
18.5657
18.6483
18.7392
18.8395
18.9369
19.017
19.1008
19.2143
19.3678
19.5018
19.5287
19.3791
18.8384
18.2023
18.0638
18.077
18.2231
18.4472
18.6425
18.7401
18.7571
18.7542
18.7552
18.7796
18.8257
18.8773
18.9204
18.9823
19.1325
19.3782
19.5827
19.729
19.4829
18.8159
18.2691
18.1261
18.1005
18.1674
18.2763
18.3918
18.481
18.522
18.532
18.5565
18.6095
18.6976
18.8597
21.122
21.1878
21.0357
19.9989
19.0601
18.9736
19.0276
19.1853
19.3754
19.5114
19.559
19.5495
19.5182
19.5026
19.5308
19.6027
19.6898
19.7503
19.758
19.7218
19.7148
19.7526
19.7219
19.6453
19.3097
18.6504
18.285
18.2131
18.2033
18.2625
18.3441
18.4146
18.4779
18.5375
18.6047
18.6877
18.7905
18.905
19.019
19.1354
19.2787
19.4433
19.5333
19.4866
19.2508
18.6793
18.1
18.0176
18.0861
18.2371
18.4322
18.586
18.6995
18.7701
18.795
18.8109
18.8321
18.8617
18.8978
18.9324
18.987
19.1098
19.3248
19.5328
19.7424
19.5645
18.9182
18.3699
18.1889
18.1441
18.217
18.3368
18.4473
18.507
18.5188
18.5258
18.5701
18.6445
18.7561
18.95
21.205
21.3013
21.1355
20.0683
19.0432
18.8971
18.9076
19.0465
19.2561
19.4449
19.5714
19.6028
19.5658
19.5339
19.536
19.5775
19.643
19.685
19.6939
19.6731
19.6986
19.7699
19.7542
19.6899
19.3352
18.65
18.278
18.2061
18.2233
18.2933
18.3769
18.4359
18.4764
18.5116
18.5601
18.6368
18.7533
18.903
19.064
19.2203
19.3787
19.5089
19.5396
19.4127
19.1226
18.5368
18.0296
17.9996
18.104
18.2339
18.3772
18.5111
18.6347
18.742
18.8196
18.8753
18.901
18.9119
18.9301
18.9661
19.0332
19.1685
19.3731
19.531
19.6917
19.5812
19.0053
18.4836
18.2884
18.2295
18.299
18.3974
18.4765
18.5129
18.5352
18.5747
18.64
18.7821
18.9763
19.2078
21.2597
21.3677
21.1784
20.1112
19.0364
18.8679
18.8658
18.9913
19.2033
19.3967
19.5537
19.6367
19.6352
19.5931
19.5725
19.5835
19.6136
19.6325
19.6401
19.6508
19.7177
19.8166
19.8157
19.7425
19.3499
18.6532
18.2842
18.2203
18.265
18.3506
18.431
18.468
18.4801
18.4955
18.5284
18.6032
18.7317
18.91
19.1267
19.3276
19.4757
19.5431
19.5208
19.3375
19.028
18.4514
18.016
18.0124
18.1323
18.217
18.3089
18.4177
18.5503
18.7017
18.8346
18.9189
18.9635
18.9745
18.9861
19.0326
19.131
19.2843
19.4566
19.529
19.5903
19.506
19.0407
18.5805
18.41
18.3404
18.3721
18.4304
18.4778
18.5234
18.5812
18.6811
18.8449
19.0279
19.1961
19.4153
21.279
21.3811
21.1802
20.1487
19.0577
18.9045
18.9157
19.0278
19.2
19.348
19.497
19.618
19.6776
19.6659
19.6352
19.605
19.5889
19.5818
19.5972
19.6504
19.7592
19.8799
19.889
19.786
19.3675
18.6643
18.3011
18.2539
18.318
18.4128
18.4823
18.5003
18.4947
18.4959
18.5272
18.6003
18.7324
18.9395
19.2054
19.4207
19.5517
19.5695
19.5068
19.2933
18.9909
18.4411
18.0851
18.071
18.1573
18.2059
18.274
18.355
18.4629
18.6201
18.8076
18.9473
19.0109
19.0312
19.0583
19.1362
19.2599
19.4091
19.5404
19.5465
19.483
19.3528
18.9648
18.6326
18.5337
18.4339
18.4242
18.4464
18.495
18.5724
18.7271
18.9248
19.0944
19.2148
19.3129
19.5166
21.2805
21.373
21.1774
20.2089
19.1459
19.0018
18.9952
19.0685
19.1759
19.2833
19.4027
19.5452
19.6604
19.716
19.6911
19.6363
19.5712
19.5436
19.5783
19.6783
19.8178
19.9541
19.9606
19.8099
19.3862
18.6839
18.3274
18.2926
18.3581
18.4529
18.5189
18.5342
18.5262
18.5291
18.5667
18.6448
18.8009
19.0295
19.2893
19.4739
19.5815
19.579
19.4947
19.282
19.0203
18.5138
18.1769
18.1278
18.1595
18.2024
18.2731
18.348
18.4274
18.5484
18.7271
18.9132
19.0337
19.0879
19.1409
19.2321
19.3546
19.4936
19.5849
19.5387
19.3981
19.216
18.8208
18.6234
18.5829
18.514
18.4634
18.5024
18.5927
18.7646
18.9682
19.1311
19.2281
19.3091
19.373
19.5498
21.278
21.385
21.2086
20.313
19.2661
19.0851
19.0576
19.1132
19.1822
19.2324
19.3097
19.4511
19.6116
19.7109
19.7192
19.6594
19.5763
19.5398
19.5967
19.7339
19.8943
20.0325
20.0244
19.8221
19.406
18.7152
18.3569
18.3218
18.3766
18.4726
18.5501
18.5802
18.5905
18.6128
18.6697
18.7859
18.9539
19.149
19.3313
19.4716
19.5571
19.5633
19.4913
19.3263
19.109
18.6316
18.2452
18.171
18.1644
18.206
18.289
18.3656
18.4356
18.5238
18.643
18.8131
18.9908
19.1215
19.1965
19.2869
19.3879
19.5107
19.5989
19.5408
19.3539
19.111
18.6892
18.525
18.5377
18.5746
18.5874
18.6554
18.8008
18.9702
19.1069
19.208
19.2804
19.3206
19.3677
19.5325
21.3072
21.4503
21.2793
20.4203
19.3377
19.1269
19.0957
19.1326
19.1813
19.2096
19.2495
19.3448
19.5094
19.6519
19.6965
19.6659
19.6031
19.5863
19.6576
19.8187
19.9936
20.098
20.0726
19.8398
19.4231
18.7497
18.3842
18.3384
18.3814
18.4824
18.5873
18.6583
18.7027
18.7665
18.8798
19.0132
19.1304
19.2286
19.322
19.4159
19.4981
19.5372
19.5034
19.4121
19.2134
18.7352
18.3034
18.1727
18.1456
18.2028
18.3045
18.4038
18.4715
18.5236
18.5982
18.7111
18.8919
19.0803
19.198
19.2761
19.3558
19.4535
19.5352
19.5163
19.3576
19.0696
18.6016
18.3815
18.4657
18.5998
18.7522
18.9069
19.0193
19.1137
19.1856
19.2173
19.2378
19.2866
19.3459
19.4934
21.3865
21.5505
21.347
20.5003
19.382
19.128
19.0967
19.138
19.1907
19.2139
19.2356
19.2867
19.3797
19.5131
19.6173
19.6445
19.6511
19.6801
19.7707
19.944
20.104
20.1602
20.1103
19.8609
19.4431
18.7812
18.4125
18.3559
18.4008
18.517
18.6439
18.7652
18.8913
19.0238
19.1396
19.2139
19.2511
19.2726
19.2945
19.3401
19.4302
19.5034
19.5439
19.4979
19.2833
18.8036
18.3266
18.1665
18.1269
18.2048
18.3302
18.4479
18.5187
18.5552
18.5943
18.6649
18.801
18.9762
19.1173
19.1834
19.2525
19.3533
19.4484
19.4731
19.3655
19.061
18.571
18.2989
18.4033
18.6675
18.959
19.1348
19.2077
19.2065
19.1786
19.1892
19.2162
19.2612
19.3308
19.4711
21.4922
21.6374
21.3844
20.5348
19.3933
19.0997
19.0555
19.1142
19.2013
19.2418
19.2553
19.2667
19.2912
19.3559
19.4725
19.5913
19.6812
19.7789
19.9192
20.097
20.2194
20.2392
20.1605
19.8946
19.4699
18.8151
18.4569
18.4053
18.4624
18.5903
18.775
18.9644
19.1305
19.2492
19.3173
19.3402
19.3355
19.2975
19.2579
19.269
19.3636
19.4904
19.5961
19.5686
19.3155
18.8195
18.3325
18.1513
18.1157
18.2115
18.3583
18.4908
18.5634
18.5883
18.6047
18.6618
18.7552
18.8718
18.9857
19.0552
19.1193
19.2228
19.3252
19.3741
19.341
19.0628
18.5807
18.3113
18.409
18.7326
19.0526
19.2337
19.2903
19.2596
19.2186
19.2062
19.2358
19.2866
19.3518
19.4768
21.5666
21.6779
21.3888
20.5371
19.3798
19.0396
18.9929
19.0828
19.209
19.2814
19.2945
19.2754
19.2581
19.263
19.3362
19.498
19.697
19.8744
20.0373
20.189
20.286
20.305
20.2182
19.9565
19.5184
18.8668
18.5392
18.5016
18.5817
18.7524
18.9565
19.1414
19.2858
19.3858
19.4271
19.4212
19.3768
19.2924
19.2194
19.2123
19.3036
19.4856
19.627
19.6058
19.3272
18.8263
18.3322
18.1412
18.1148
18.2214
18.3798
18.5253
18.602
18.6249
18.6312
18.6573
18.7217
18.7955
18.8689
18.9346
19.0129
19.113
19.2101
19.262
19.2545
19.0312
18.6086
18.423
18.5129
18.7152
18.9886
19.2024
19.2746
19.2672
19.2592
19.2604
19.2857
19.3358
19.3889
19.4957
21.584
21.6539
21.355
20.4974
19.3402
18.9903
18.9567
19.0628
19.2132
19.314
19.3323
19.288
19.2409
19.2294
19.2874
19.4416
19.6866
19.9455
20.1279
20.2405
20.3107
20.3567
20.286
20.0481
19.6109
18.9582
18.6708
18.6644
18.7668
18.9282
19.0904
19.2302
19.3475
19.4359
19.4643
19.4515
19.3822
19.2689
19.1942
19.1778
19.2778
19.4665
19.6171
19.6191
19.3515
18.8466
18.3404
18.1552
18.132
18.2352
18.3844
18.526
18.6181
18.6565
18.6582
18.6569
18.675
18.7176
18.7823
18.8714
18.9688
19.059
19.1062
19.1169
19.1385
19.0087
18.7066
18.5876
18.5769
18.6443
18.7979
19.0081
19.1509
19.2297
19.2737
19.3067
19.3378
19.3785
19.4227
19.5186
21.5429
21.5647
21.2727
20.4329
19.2973
18.9729
18.9523
19.0616
19.2188
19.3263
19.348
19.3105
19.2589
19.2491
19.3149
19.4789
19.7161
19.9626
20.1303
20.2286
20.3125
20.3825
20.3738
20.1856
19.7577
19.1233
18.8753
18.8744
18.9454
19.0556
19.1746
19.2754
19.3607
19.4263
19.446
19.4225
19.3435
19.2397
19.1748
19.182
19.2895
19.438
19.5774
19.5901
19.3761
18.9031
18.3864
18.1939
18.164
18.2475
18.3673
18.4919
18.601
18.6721
18.6835
18.6594
18.6445
18.6703
18.7441
18.8604
18.9836
19.0642
19.0717
19.0471
19.0541
18.9994
18.8006
18.6579
18.6143
18.5873
18.6315
18.76
18.9594
19.1201
19.2191
19.2763
19.3152
19.3555
19.3978
19.4823
21.4467
21.4427
21.1876
20.3848
19.2818
18.9882
18.978
19.0806
19.2264
19.3115
19.3244
19.3047
19.2912
19.3203
19.4098
19.5752
19.7725
19.93
20.0409
20.1403
20.2727
20.395
20.4412
20.3316
19.9573
19.3598
19.0911
19.0416
19.0828
19.1583
19.2268
19.2811
19.3306
19.37
19.3772
19.3566
19.306
19.2377
19.1953
19.218
19.3016
19.4136
19.5062
19.5426
19.4225
18.999
18.4725
18.2562
18.2043
18.2512
18.3303
18.4409
18.5598
18.6585
18.6929
18.6681
18.6448
18.6626
18.7475
18.8882
19.0269
19.1046
19.0905
19.0651
19.0905
19.0268
18.789
18.6138
18.5747
18.5157
18.5021
18.5861
18.7174
18.8902
19.0439
19.1477
19.2141
19.2662
19.3122
19.3879
21.3077
21.3033
21.104
20.3486
19.2957
19.0335
19.0275
19.1111
19.2231
19.2762
19.2876
19.2981
19.3331
19.412
19.5405
19.6968
19.8202
19.8842
19.9279
20.004
20.1497
20.3417
20.5097
20.5369
20.1713
19.5664
19.255
19.1529
19.1589
19.2148
19.2655
19.2915
19.3039
19.3034
19.2934
19.2834
19.2735
19.2559
19.2584
19.2811
19.3219
19.3953
19.4355
19.4894
19.4775
19.1188
18.5903
18.331
18.238
18.2345
18.2919
18.3906
18.504
18.6114
18.6817
18.6851
18.6791
18.7044
18.7896
18.9313
19.0722
19.1572
19.1697
19.1719
19.1775
19.0446
18.7436
18.5306
18.4648
18.4489
18.4616
18.5145
18.5946
18.66
18.7478
18.8429
18.9191
18.9843
19.0553
19.1383
21.1607
21.1646
21.0193
20.3109
19.3303
19.0959
19.082
19.1366
19.2067
19.2383
19.2572
19.302
19.3862
19.5125
19.6666
19.7947
19.8542
19.8696
19.8799
19.94
20.0819
20.2724
20.5517
20.6511
20.2672
19.6343
19.3079
19.2041
19.2118
19.2721
19.3146
19.3172
19.2899
19.2454
19.215
19.2179
19.2581
19.3055
19.3584
19.3719
19.3656
19.3673
19.4065
19.4509
19.5221
19.2451
18.716
18.4103
18.2558
18.2218
18.2668
18.348
18.4475
18.5461
18.6436
18.7229
18.7483
18.7909
18.8626
18.9726
19.0968
19.2024
19.2876
19.3339
19.2842
19.0739
18.7111
18.4446
18.3775
18.3873
18.4437
18.4968
18.5489
18.5866
18.601
18.6097
18.6256
18.646
18.6878
18.7585
21.0454
21.0476
20.9422
20.2672
19.3641
19.1507
19.1269
19.1533
19.196
19.2203
19.2506
19.3257
19.4509
19.6118
19.7668
19.8494
19.8631
19.8633
19.8939
19.9891
20.1702
20.3327
20.5105
20.5767
20.2207
19.594
19.288
19.1965
19.2336
19.3153
19.3604
19.3482
19.2912
19.2152
19.1715
19.1897
19.2679
19.3897
19.4687
19.4562
19.4086
19.3845
19.4248
19.4538
19.5571
19.3534
18.8305
18.4969
18.2967
18.2322
18.2593
18.3215
18.4022
18.4893
18.5966
18.7235
18.8336
18.9053
18.9583
19.0171
19.1157
19.2418
19.3952
19.4577
19.3573
19.0775
18.7033
18.4227
18.3473
18.3469
18.41
18.4776
18.5283
18.5463
18.5532
18.5579
18.5635
18.5725
18.5915
18.6394
20.9369
20.9331
20.8712
20.2217
19.3775
19.1931
19.1581
19.1661
19.199
19.2271
19.2753
19.3756
19.5269
19.707
19.8405
19.8685
19.8641
19.879
19.9537
20.1103
20.3045
20.4236
20.4964
20.4369
20.0681
19.4469
19.2012
19.1616
19.2193
19.3203
19.3759
19.37
19.3048
19.2143
19.1634
19.1995
19.3183
19.4711
19.555
19.5189
19.4658
19.4514
19.4817
19.5004
19.5744
19.4127
18.9164
18.5438
18.3652
18.2763
18.2815
18.3244
18.3855
18.4662
18.5874
18.7414
18.8994
19.004
19.0491
19.0835
19.1507
19.2913
19.4489
19.4904
19.3878
19.1181
18.7489
18.4502
18.3451
18.3215
18.37
18.4351
18.4967
18.5331
18.5481
18.5546
18.5675
18.5872
18.6117
18.656
20.8261
20.8223
20.7988
20.1649
19.3701
19.2173
19.168
19.1823
19.2213
19.2627
19.3317
19.4468
19.614
19.7923
19.8696
19.8782
19.8855
19.9246
20.0409
20.2256
20.4142
20.5229
20.5387
20.3957
19.9467
19.2569
19.0519
19.0908
19.1877
19.2981
19.3512
19.337
19.2784
19.205
19.1893
19.2563
19.3935
19.5248
19.5838
19.556
19.527
19.5448
19.5843
19.5882
19.552
19.4005
18.9534
18.5679
18.4592
18.3524
18.3377
18.3628
18.4121
18.4956
18.626
18.7932
18.9483
19.0567
19.1054
19.1436
19.2048
19.3206
19.4202
19.4476
19.3547
19.1462
18.8147
18.4981
18.3613
18.308
18.3265
18.3829
18.4537
18.5128
18.5546
18.5858
18.6132
18.6381
18.6618
18.7036
20.6997
20.7208
20.7176
20.0813
19.3274
19.2076
19.162
19.1974
19.2591
19.3254
19.4155
19.5437
19.7065
19.8426
19.8857
19.9076
19.9401
20.0059
20.1343
20.3089
20.4826
20.5659
20.5355
20.3806
19.9125
19.1637
18.9121
18.9641
19.0704
19.1898
19.2496
19.249
19.223
19.2064
19.236
19.3266
19.4413
19.5335
19.559
19.5562
19.5759
19.6315
19.6826
19.6669
19.5351
19.3488
18.9315
18.605
18.5141
18.4575
18.435
18.4502
18.4909
18.5739
18.6996
18.8339
18.9615
19.0585
19.1274
19.1843
19.2447
19.2979
19.3241
19.3171
19.2689
19.1484
18.8616
18.5382
18.3731
18.2925
18.2889
18.3397
18.4192
18.4995
18.5685
18.6249
18.6695
18.6991
18.7242
18.7629
20.4771
20.6526
20.5982
19.942
19.2364
19.1597
19.1366
19.2056
19.3038
19.4057
19.521
19.6536
19.7862
19.8632
19.9172
19.9684
20.029
20.1121
20.2216
20.3482
20.4862
20.5462
20.501
20.3717
19.9318
19.1709
18.8752
18.8803
18.9019
18.9833
19.0403
19.0726
19.1165
19.1804
19.2714
19.3697
19.4395
19.4752
19.4981
19.5408
19.6
19.6735
19.7448
19.7126
19.5298
19.2741
18.864
18.5898
18.535
18.5582
18.5522
18.5735
18.6074
18.6767
18.7623
18.8485
18.9368
19.0308
19.1159
19.2114
19.2502
19.2249
19.18
19.1473
19.1491
19.0985
18.849
18.5346
18.3671
18.2818
18.2699
18.322
18.4128
18.5103
18.5934
18.6577
18.7037
18.7341
18.7603
18.7972
20.1655
20.5204
20.4165
19.7304
19.1115
19.0429
19.0812
19.2078
19.3562
19.5009
19.6383
19.7626
19.8446
19.8991
19.9664
20.0498
20.1383
20.2244
20.2937
20.3464
20.434
20.4895
20.4567
20.3529
19.9494
19.204
18.8762
18.8616
18.8166
18.826
18.8376
18.8771
18.9663
19.109
19.2559
19.3524
19.3713
19.3764
19.4161
19.4912
19.5847
19.6648
19.7451
19.71
19.5102
19.2279
18.7978
18.4937
18.5272
18.6168
18.6727
18.7098
18.7383
18.7623
18.7844
18.8235
18.8773
18.9755
19.0975
19.1783
19.1778
19.1131
19.0313
18.9897
18.9875
18.982
18.7888
18.5016
18.3565
18.2856
18.2779
18.3397
18.4388
18.5382
18.6155
18.6668
18.709
18.7426
18.7715
18.8045
19.772
20.2456
20.1498
19.4522
18.953
18.9045
19.0144
19.2156
19.4237
19.6099
19.765
19.8724
19.9158
19.9602
20.0347
20.1379
20.2417
20.3141
20.3258
20.3158
20.3639
20.4322
20.4203
20.3254
19.9399
19.2119
18.8624
18.8347
18.753
18.7382
18.7464
18.7705
18.8566
19.0193
19.1797
19.2579
19.2606
19.2626
19.3031
19.3958
19.5177
19.607
19.6905
19.6385
19.4559
19.1873
18.7449
18.3673
18.433
18.625
18.7912
18.841
18.8324
18.7913
18.757
18.7547
18.8117
18.9048
19.0112
19.0436
19.013
18.9661
18.931
18.9017
18.8478
18.814
18.661
18.4444
18.3391
18.3122
18.3184
18.3875
18.4808
18.561
18.6172
18.6593
18.6993
18.7356
18.7688
18.798
19.3374
19.8755
19.7902
19.1156
18.7643
18.7627
18.9558
19.2363
19.5006
19.7244
19.8954
19.9812
20.0136
20.0503
20.1215
20.2234
20.3154
20.351
20.3224
20.2941
20.3313
20.4107
20.3959
20.2852
19.9005
19.1661
18.8077
18.776
18.6985
18.6949
18.7149
18.7605
18.8518
18.9713
19.0813
19.1267
19.1328
19.1426
19.181
19.2663
19.392
19.4997
19.5835
19.5454
19.3892
19.1467
18.7236
18.3169
18.3291
18.568
18.8142
18.9138
18.8752
18.7807
18.701
18.6851
18.7201
18.8062
18.8714
18.8783
18.846
18.8556
18.8833
18.8726
18.8119
18.7154
18.5396
18.3599
18.3233
18.3408
18.3877
18.4548
18.5235
18.576
18.6116
18.644
18.6823
18.7248
18.7653
18.7941
18.9427
19.4593
19.3616
18.7176
18.5349
18.6308
18.9149
19.2592
19.5774
19.8406
20.0253
20.0999
20.133
20.1639
20.2174
20.2923
20.351
20.3658
20.3404
20.3132
20.3404
20.4209
20.3947
20.2546
19.8241
19.0473
18.6932
18.6741
18.6511
18.6925
18.7403
18.8025
18.8833
18.9662
18.9992
19.0077
19.0227
19.0508
19.0884
19.1455
19.235
19.3419
19.4412
19.4421
19.3268
19.125
18.7406
18.3449
18.3196
18.4764
18.7243
18.8653
18.8598
18.7625
18.6631
18.6329
18.6762
18.7578
18.7851
18.7808
18.759
18.7903
18.8584
18.8748
18.8019
18.6777
18.4945
18.2837
18.2922
18.3589
18.4329
18.5045
18.5562
18.589
18.6101
18.6351
18.675
18.7278
18.7817
18.81
18.6679
19.0776
18.9334
18.3173
18.2821
18.5412
18.9079
19.287
19.6438
19.9372
20.1212
20.2064
20.2461
20.272
20.3032
20.3374
20.3615
20.3686
20.3641
20.3494
20.3719
20.4442
20.4036
20.217
19.7392
18.9189
18.549
18.5434
18.6139
18.7222
18.8094
18.8739
18.9227
18.9398
18.9244
18.9254
18.9495
18.9895
19.0292
19.0651
19.1118
19.1951
19.3122
19.3583
19.3133
19.1514
18.8081
18.4023
18.3386
18.4131
18.5778
18.7396
18.7951
18.7534
18.6894
18.6662
18.7006
18.7365
18.7402
18.7075
18.704
18.76
18.8476
18.8849
18.8242
18.6987
18.5166
18.2807
18.2515
18.3352
18.4301
18.5019
18.5574
18.5951
18.6208
18.6533
18.7033
18.7593
18.8167
18.8509
18.5482
18.8011
18.5529
17.9732
18.066
18.473
18.9177
19.3495
19.7346
20.0281
20.2071
20.3039
20.3492
20.3659
20.3684
20.3601
20.3517
20.3458
20.3469
20.3539
20.3913
20.4531
20.4062
20.1765
19.659
18.8144
18.4243
18.4219
18.5574
18.7586
18.8958
18.9488
18.95
18.9147
18.8843
18.8835
18.9123
18.9545
18.9871
18.9998
19.0192
19.0844
19.2107
19.2936
19.3268
19.2302
18.9081
18.4938
18.3928
18.3991
18.4804
18.6148
18.7305
18.7755
18.7792
18.7766
18.7519
18.7254
18.6859
18.6607
18.6767
18.7474
18.8448
18.8923
18.8651
18.7697
18.5722
18.3177
18.2288
18.2632
18.3555
18.4481
18.5335
18.597
18.6442
18.6909
18.7519
18.8276
18.901
18.9443
18.5343
18.6616
18.2967
17.7445
17.9269
18.4377
18.9944
19.4637
19.8272
20.0872
20.2685
20.3806
20.4321
20.4392
20.4158
20.3699
20.3294
20.3131
20.3254
20.3527
20.3954
20.4553
20.4086
20.1412
19.5991
18.7437
18.3412
18.3433
18.5195
18.7798
18.9711
19.0175
18.9724
18.9015
18.8616
18.8683
18.9038
18.9432
18.967
18.964
18.9613
19.0163
19.1475
19.2567
19.348
19.3161
19.0047
18.5829
18.4315
18.3394
18.3861
18.5135
18.6819
18.8187
18.9044
18.8916
18.8111
18.7076
18.6328
18.6301
18.6739
18.7439
18.8386
18.8937
18.8973
18.8594
18.6489
18.3621
18.2355
18.2014
18.2464
18.3618
18.4823
18.5858
18.6777
18.7627
18.8419
18.9134
18.9813
19.0242
18.5743
18.6413
18.1921
17.656
17.8522
18.4237
19.0574
19.5648
19.909
20.1442
20.3134
20.4281
20.4801
20.4789
20.4401
20.3695
20.301
20.2717
20.2861
20.3251
20.3783
20.4465
20.4113
20.1285
19.5657
18.6988
18.2849
18.289
18.4897
18.7797
19.013
19.0761
19.0038
18.9029
18.847
18.8524
18.8925
18.9344
18.9555
18.9448
18.9302
18.9761
19.103
19.2302
19.3643
19.3754
19.088
18.6592
18.4729
18.3299
18.3385
18.4593
18.6291
18.8666
18.992
18.9798
18.8708
18.6992
18.6048
18.6056
18.6654
18.7404
18.8388
18.8914
18.8989
18.9057
18.7213
18.4042
18.2263
18.1536
18.1657
18.2532
18.4148
18.5896
18.7291
18.8318
18.9137
18.9835
19.0507
19.0976
)
;

boundaryField
{
    inlet
    {
        type            fixedValue;
        value           uniform 10;
    }
    outlet
    {
        type            zeroGradient;
    }
    bottom
    {
        type            symmetryPlane;
    }
    top
    {
        type            symmetryPlane;
    }
    obstacle
    {
        type            zeroGradient;
    }
    defaultFaces
    {
        type            empty;
    }
}


// ************************************************************************* //
