/*--------------------------------*- C++ -*----------------------------------*\
| =========                 |                                                 |
| \\      /  F ield         | OpenFOAM: The Open Source CFD Toolbox           |
|  \\    /   O peration     | Version:  v1912                                 |
|   \\  /    A nd           | Website:  www.openfoam.com                      |
|    \\/     M anipulation  |                                                 |
\*---------------------------------------------------------------------------*/
FoamFile
{
    version     2.0;
    format      ascii;
    class       volScalarField;
    location    "0.44";
    object      rho;
}
// * * * * * * * * * * * * * * * * * * * * * * * * * * * * * * * * * * * * * //

dimensions      [1 -3 0 0 0 0 0];


internalField   nonuniform List<scalar> 
4800
(
14.7992
1.54119
0.946976
0.936778
0.917085
0.897059
0.87363
0.847908
0.82161
0.798046
0.779681
0.765763
0.754628
0.744784
0.735477
0.724606
0.71112
0.69547
0.678936
0.662285
0.646089
0.630275
0.614676
0.599579
0.585566
0.573169
0.562896
0.554931
0.549066
0.544802
0.541557
0.539241
0.537682
0.535575
0.53405
0.533575
0.53422
0.535766
0.538759
0.541614
14.8045
1.54406
0.945718
0.935709
0.916825
0.896971
0.87354
0.84788
0.82159
0.798178
0.780106
0.766308
0.755033
0.74491
0.735423
0.724459
0.710968
0.695464
0.678965
0.662246
0.645795
0.629613
0.613809
0.598608
0.584634
0.572377
0.562114
0.554072
0.548151
0.543862
0.54071
0.538489
0.536867
0.535109
0.534091
0.534079
0.534837
0.53657
0.539546
0.542596
14.8091
1.54801
0.944097
0.934771
0.916587
0.896827
0.873587
0.847851
0.821464
0.798293
0.780565
0.766999
0.755329
0.744958
0.735185
0.724177
0.710784
0.695573
0.679154
0.66238
0.645462
0.62876
0.612585
0.597342
0.583402
0.571114
0.560785
0.552606
0.546575
0.542317
0.539258
0.537229
0.535798
0.534775
0.534385
0.534768
0.535763
0.537486
0.540114
0.543027
14.8175
1.55203
0.941815
0.933235
0.915936
0.896574
0.873166
0.847114
0.820831
0.798389
0.781304
0.767972
0.755888
0.745188
0.735026
0.723946
0.710707
0.695636
0.679557
0.662661
0.645269
0.627866
0.611059
0.595437
0.581342
0.569049
0.558779
0.550634
0.544674
0.540433
0.537529
0.535728
0.534801
0.534598
0.534926
0.535703
0.536939
0.538656
0.540937
0.54369
14.8288
1.55502
0.939203
0.931257
0.914706
0.896007
0.872387
0.845789
0.819657
0.798387
0.782365
0.769261
0.756986
0.745823
0.735081
0.723758
0.710599
0.695877
0.680051
0.663134
0.645364
0.627346
0.609847
0.593646
0.579164
0.566684
0.556445
0.548429
0.542664
0.538414
0.535782
0.534426
0.5341
0.53467
0.535664
0.53693
0.538186
0.539728
0.541684
0.544121
14.8441
1.55751
0.935788
0.928142
0.912305
0.894241
0.870346
0.843488
0.818136
0.798334
0.783918
0.770845
0.758577
0.746997
0.735581
0.723786
0.710513
0.696205
0.680609
0.663755
0.645754
0.627302
0.60924
0.592378
0.577341
0.564504
0.554104
0.546092
0.540299
0.53631
0.534283
0.53352
0.533828
0.535213
0.536719
0.538226
0.539405
0.540644
0.542252
0.544314
14.8609
1.55872
0.931788
0.92461
0.908832
0.891168
0.86722
0.840814
0.817149
0.799215
0.785376
0.772587
0.760499
0.748637
0.736608
0.724127
0.710578
0.69644
0.681088
0.66437
0.646386
0.627666
0.609115
0.591624
0.575959
0.562626
0.551961
0.543849
0.53813
0.534659
0.533309
0.533164
0.534085
0.536109
0.537908
0.539501
0.540504
0.54141
0.542626
0.544306
14.881
1.5588
0.927276
0.920401
0.904385
0.886995
0.863843
0.83926
0.817055
0.800269
0.786488
0.774202
0.762492
0.750554
0.738013
0.724696
0.710706
0.696486
0.681371
0.664938
0.64718
0.628447
0.609516
0.591427
0.575042
0.561068
0.550082
0.541814
0.536411
0.533592
0.532816
0.533282
0.534976
0.53723
0.539089
0.540644
0.541461
0.542002
0.542833
0.544137
14.9012
1.55456
0.922457
0.916041
0.899958
0.883072
0.861954
0.839388
0.81801
0.801761
0.787667
0.775572
0.764233
0.752304
0.73929
0.725307
0.710873
0.696483
0.681493
0.665379
0.647918
0.62933
0.610251
0.59164
0.574567
0.559994
0.548527
0.540267
0.535312
0.533048
0.532706
0.533724
0.535988
0.538313
0.540091
0.541518
0.5422
0.542523
0.542952
0.543687
14.9196
1.54245
0.918006
0.912204
0.896961
0.881172
0.861963
0.840858
0.820652
0.804038
0.789379
0.776817
0.765186
0.753206
0.739942
0.725705
0.71121
0.696452
0.681396
0.665512
0.648352
0.629978
0.610901
0.591976
0.574376
0.559288
0.547431
0.53932
0.534732
0.532841
0.532833
0.534428
0.537013
0.539136
0.540765
0.54207
0.542646
0.542793
0.542796
0.542912
14.9417
1.52198
0.91527
0.90997
0.895861
0.881134
0.863274
0.844134
0.825012
0.807612
0.791792
0.77787
0.765169
0.752802
0.739637
0.725962
0.711475
0.696403
0.681061
0.665209
0.64824
0.630067
0.611086
0.592116
0.574373
0.559039
0.547019
0.539021
0.534669
0.533039
0.533357
0.535478
0.53784
0.53967
0.541089
0.542165
0.542694
0.542679
0.542268
0.541834
14.9694
1.49233
0.914505
0.909398
0.896243
0.88253
0.866476
0.849172
0.830719
0.812078
0.79441
0.778442
0.764372
0.751519
0.738901
0.725767
0.711507
0.69631
0.680584
0.664486
0.647521
0.629374
0.610423
0.591549
0.573963
0.558737
0.546971
0.539203
0.535112
0.53382
0.534491
0.536477
0.538326
0.539798
0.540979
0.541867
0.54227
0.542096
0.541362
0.54062
14.9999
1.45158
0.915029
0.910068
0.898209
0.885756
0.871556
0.855494
0.837
0.816846
0.796623
0.778673
0.763129
0.749843
0.737545
0.725004
0.711125
0.695999
0.680096
0.663602
0.646304
0.627973
0.608988
0.590282
0.573021
0.558307
0.547155
0.539889
0.536183
0.535198
0.535926
0.53731
0.538558
0.539557
0.540392
0.541066
0.541343
0.54105
0.54021
0.539443
15.0266
1.40149
0.917093
0.911953
0.901391
0.890243
0.877178
0.861768
0.84286
0.821251
0.798973
0.778856
0.762065
0.748126
0.735732
0.723639
0.710257
0.695401
0.679525
0.662693
0.644853
0.626108
0.607007
0.588539
0.571761
0.557863
0.547586
0.541045
0.537852
0.537016
0.537351
0.538068
0.538665
0.539047
0.539407
0.539774
0.539904
0.539591
0.538945
0.538428
15.0534
1.3491
0.919522
0.914758
0.905232
0.894737
0.881963
0.866707
0.847541
0.825164
0.801533
0.779455
0.761511
0.74662
0.733749
0.721749
0.708957
0.694632
0.678938
0.661845
0.643449
0.624208
0.604952
0.586697
0.570473
0.55749
0.548244
0.542627
0.539927
0.538956
0.538745
0.538807
0.538651
0.538384
0.538228
0.538169
0.538096
0.537929
0.537704
0.537603
15.0758
1.30171
0.921827
0.917927
0.908624
0.898295
0.885402
0.870051
0.8509
0.828425
0.804215
0.780731
0.761394
0.745406
0.731822
0.719612
0.707393
0.693774
0.678416
0.661157
0.642283
0.622609
0.603125
0.585022
0.569477
0.557498
0.549298
0.544482
0.541998
0.540788
0.540074
0.539417
0.538545
0.537673
0.536918
0.536449
0.536238
0.536306
0.536551
0.53699
15.0855
1.26862
0.923421
0.920133
0.911179
0.900932
0.887866
0.872296
0.853192
0.830892
0.806665
0.782658
0.761524
0.744487
0.730147
0.717654
0.705855
0.69294
0.677937
0.660626
0.641434
0.62137
0.601798
0.583991
0.569212
0.558119
0.550737
0.5463
0.543766
0.542281
0.5412
0.539935
0.538356
0.536821
0.535551
0.534812
0.53462
0.53498
0.535784
0.536631
15.0834
1.25057
0.92461
0.92153
0.912968
0.902848
0.889737
0.873968
0.854908
0.832878
0.808752
0.78421
0.761806
0.74382
0.728839
0.7161
0.704465
0.692066
0.677368
0.660139
0.640862
0.620717
0.60127
0.583927
0.569879
0.559433
0.552334
0.547845
0.545075
0.543333
0.541898
0.540092
0.537901
0.535858
0.534338
0.533515
0.533513
0.534183
0.535473
0.536701
15.0744
1.2434
0.925939
0.922639
0.914192
0.904085
0.891033
0.87533
0.856437
0.834554
0.810327
0.785276
0.762111
0.743397
0.728041
0.715024
0.703249
0.691068
0.676603
0.65954
0.640396
0.620615
0.601599
0.584936
0.571488
0.561272
0.553987
0.549102
0.545954
0.543818
0.542072
0.539841
0.537193
0.534913
0.533437
0.532769
0.533048
0.534053
0.535534
0.537207
15.0618
1.2428
0.927395
0.923541
0.914887
0.904629
0.891906
0.876541
0.857822
0.835805
0.811331
0.78589
0.762303
0.743202
0.727699
0.714366
0.702276
0.690018
0.675582
0.658714
0.640079
0.621015
0.602749
0.586938
0.573903
0.563517
0.555597
0.549966
0.546262
0.543807
0.541686
0.538989
0.536174
0.534047
0.532899
0.532579
0.533131
0.534363
0.535954
0.537912
15.0489
1.24979
0.928941
0.92421
0.914932
0.904506
0.892049
0.877058
0.858587
0.836586
0.811823
0.786095
0.762334
0.743164
0.727624
0.714052
0.701559
0.688866
0.674435
0.657794
0.639949
0.621783
0.604688
0.5897
0.576749
0.565765
0.556955
0.550509
0.546192
0.543217
0.540538
0.537571
0.534987
0.533288
0.532619
0.532767
0.5335
0.535007
0.536939
0.538674
15.0347
1.26542
0.930691
0.925017
0.914671
0.903726
0.891321
0.876866
0.858811
0.836937
0.811991
0.78616
0.762485
0.743464
0.727911
0.714171
0.701082
0.687859
0.673247
0.657041
0.640157
0.622924
0.60716
0.592698
0.579477
0.567718
0.557962
0.550744
0.545641
0.541962
0.538864
0.535924
0.533811
0.532635
0.532443
0.533
0.534329
0.536348
0.538216
0.539522
15.0175
1.28881
0.932066
0.925514
0.914005
0.902025
0.889729
0.875778
0.858364
0.836717
0.811684
0.786012
0.762872
0.744233
0.728654
0.714324
0.70066
0.686768
0.672166
0.656718
0.640605
0.62475
0.609854
0.595571
0.581803
0.56921
0.558594
0.550555
0.544594
0.540336
0.536984
0.534271
0.532672
0.531994
0.532265
0.533543
0.535635
0.537951
0.539625
0.540428
14.9906
1.31934
0.932598
0.925494
0.912795
0.899996
0.88733
0.87378
0.856865
0.835516
0.810754
0.785733
0.763411
0.74525
0.729402
0.714452
0.700111
0.68587
0.671479
0.656902
0.641583
0.627051
0.612599
0.598021
0.583589
0.570139
0.558836
0.549933
0.54327
0.538613
0.535158
0.532734
0.531475
0.53126
0.532295
0.534312
0.537048
0.539327
0.540735
0.541259
14.9729
1.357
0.93206
0.924666
0.911362
0.898112
0.884556
0.870852
0.853975
0.833098
0.809275
0.785516
0.764246
0.746621
0.730164
0.714593
0.699651
0.685321
0.671338
0.657283
0.643364
0.629486
0.614956
0.599817
0.584652
0.570542
0.558571
0.548972
0.541896
0.536957
0.533425
0.531246
0.53036
0.530806
0.532654
0.535369
0.538104
0.540116
0.541377
0.541898
14.9496
1.39775
0.930097
0.922686
0.909466
0.895757
0.881091
0.866776
0.849687
0.829621
0.807457
0.785545
0.765497
0.74832
0.73124
0.714938
0.69956
0.685224
0.671742
0.658096
0.645448
0.63177
0.616718
0.600805
0.584948
0.570409
0.557871
0.547867
0.540533
0.535371
0.531948
0.530105
0.529626
0.530746
0.533316
0.536226
0.538571
0.540307
0.541548
0.542253
14.9274
1.44463
0.926131
0.918844
0.90639
0.892354
0.87677
0.861495
0.844215
0.825337
0.80538
0.785737
0.767337
0.750361
0.732638
0.71576
0.699996
0.685671
0.672192
0.659786
0.647503
0.633575
0.617785
0.601052
0.584652
0.56968
0.556851
0.546683
0.539212
0.533963
0.530727
0.529208
0.529305
0.531256
0.534038
0.536608
0.538606
0.540123
0.541426
0.542397
14.9032
1.50186
0.920382
0.913137
0.901685
0.887368
0.871188
0.854805
0.837673
0.82045
0.803169
0.786158
0.769754
0.75256
0.734576
0.717207
0.701105
0.686694
0.673124
0.661635
0.649404
0.634837
0.618249
0.600825
0.583932
0.568474
0.555522
0.545396
0.537885
0.532752
0.529881
0.528848
0.529698
0.532161
0.534695
0.536793
0.538417
0.539809
0.541193
0.542386
14.8792
1.56736
0.913811
0.906518
0.895383
0.880748
0.863913
0.846758
0.830091
0.815195
0.801263
0.787181
0.772232
0.755151
0.73715
0.719382
0.702915
0.687951
0.674877
0.663493
0.650893
0.635615
0.618391
0.60029
0.582717
0.566851
0.553899
0.543899
0.536553
0.531802
0.529567
0.529406
0.530813
0.533063
0.53531
0.537002
0.538334
0.539585
0.540948
0.542337
14.859
1.63665
0.907434
0.899492
0.887588
0.872223
0.854553
0.837565
0.822226
0.810492
0.800386
0.788683
0.77484
0.758159
0.74022
0.722187
0.705466
0.68972
0.677064
0.665323
0.651928
0.635845
0.61793
0.599135
0.581033
0.564905
0.551913
0.542055
0.535221
0.531288
0.529928
0.530537
0.532076
0.534055
0.535835
0.537212
0.53836
0.539484
0.540791
0.542249
14.8415
1.7062
0.901326
0.891792
0.877925
0.861284
0.843285
0.827814
0.816267
0.807023
0.800045
0.790551
0.777671
0.761449
0.74357
0.725447
0.708348
0.692561
0.679537
0.666885
0.65241
0.635483
0.616771
0.597469
0.578982
0.562689
0.549608
0.540085
0.534082
0.531192
0.530893
0.53177
0.533285
0.534897
0.536315
0.537492
0.538561
0.539604
0.540783
0.542124
14.8341
1.77428
0.894617
0.882666
0.866029
0.848454
0.83208
0.819641
0.811325
0.806334
0.799871
0.79242
0.780545
0.764742
0.746951
0.729064
0.711585
0.69615
0.682216
0.668129
0.6524
0.63456
0.615146
0.595536
0.576686
0.560221
0.547286
0.53839
0.53336
0.53163
0.531913
0.532976
0.534344
0.535647
0.536755
0.537864
0.538982
0.540007
0.541024
0.542135
14.8341
1.83764
0.886467
0.871814
0.852687
0.835541
0.822505
0.813857
0.808381
0.805004
0.801207
0.794235
0.783045
0.767613
0.75012
0.732772
0.715476
0.700005
0.684904
0.669067
0.651853
0.6331
0.613202
0.593151
0.574138
0.557688
0.545177
0.537215
0.533146
0.532335
0.53284
0.534124
0.535063
0.536042
0.537079
0.538251
0.539495
0.540609
0.541518
0.542349
14.8254
1.89483
0.876631
0.859271
0.838681
0.823601
0.814413
0.80972
0.807106
0.805151
0.802738
0.79582
0.784698
0.769739
0.753107
0.736319
0.720376
0.704353
0.68759
0.669775
0.650798
0.630932
0.61053
0.590375
0.571466
0.555369
0.543681
0.536753
0.53341
0.532928
0.533728
0.534798
0.535525
0.536351
0.537327
0.538582
0.539995
0.541272
0.542208
0.542879
14.7881
1.94883
0.867791
0.845913
0.823809
0.811757
0.80671
0.806515
0.806981
0.806292
0.803662
0.796696
0.785167
0.77106
0.755954
0.740669
0.725639
0.70894
0.690367
0.670308
0.649402
0.628325
0.607456
0.587269
0.568861
0.553728
0.543081
0.536963
0.533945
0.533505
0.534372
0.535087
0.535804
0.536628
0.537585
0.538869
0.540423
0.541889
0.542987
0.543751
14.7277
2.0083
0.864093
0.834102
0.809049
0.799581
0.79839
0.802977
0.807208
0.807705
0.804169
0.796405
0.784562
0.771808
0.758732
0.745552
0.730921
0.713435
0.693021
0.670558
0.647569
0.625129
0.60379
0.584
0.566697
0.553005
0.543353
0.537638
0.534728
0.534129
0.534399
0.534991
0.535751
0.536653
0.537761
0.539113
0.540741
0.542386
0.54376
0.544822
14.6786
2.06883
0.866425
0.826614
0.796469
0.787108
0.78904
0.798949
0.80744
0.808813
0.804169
0.795101
0.783309
0.772173
0.761486
0.750056
0.735838
0.71756
0.695358
0.670456
0.645311
0.621473
0.599903
0.581025
0.565298
0.553069
0.544234
0.538666
0.535766
0.534411
0.534185
0.53469
0.535501
0.536475
0.537671
0.539114
0.5408
0.54268
0.544464
0.545965
14.6529
2.1146
0.871053
0.822292
0.785767
0.775691
0.780144
0.795056
0.807397
0.809284
0.803667
0.793529
0.782186
0.772391
0.764017
0.753967
0.739968
0.720964
0.697228
0.670237
0.642928
0.617792
0.596395
0.578767
0.564608
0.553537
0.545294
0.539772
0.536395
0.534523
0.533919
0.534298
0.535167
0.536275
0.53758
0.539004
0.540736
0.542821
0.545101
0.547032
14.6506
2.14034
0.872078
0.817439
0.776802
0.766853
0.773487
0.792348
0.807181
0.809182
0.802894
0.792317
0.781356
0.772398
0.765943
0.756972
0.743017
0.723399
0.698503
0.669842
0.640658
0.614845
0.593941
0.577387
0.564367
0.554062
0.546116
0.540647
0.536758
0.534495
0.533704
0.533941
0.534825
0.536133
0.537495
0.538919
0.540653
0.542829
0.545382
0.547564
14.6564
2.14867
0.869451
0.812456
0.770016
0.761181
0.769702
0.791254
0.807193
0.809109
0.802433
0.791575
0.780903
0.772244
0.766944
0.758869
0.745071
0.725058
0.699334
0.669495
0.63885
0.612828
0.592305
0.576422
0.564171
0.554359
0.546737
0.541263
0.537192
0.534632
0.533636
0.533734
0.53455
0.535789
0.537251
0.538828
0.540712
0.543032
0.545778
0.548194
0.545836
0.547582
0.549439
0.550818
0.551372
0.551391
0.55078
0.549146
0.546707
0.544441
0.543209
0.543286
0.54483
0.547163
0.549659
0.552387
0.554467
0.556549
0.558687
0.560987
0.563577
0.566457
0.569552
0.57213
0.574117
0.574677
0.573506
0.570911
0.567903
0.565638
0.565118
0.567029
0.570229
0.572508
0.573715
0.57273
0.569469
0.565761
0.562862
0.561386
0.561622
0.563408
0.56579
0.568255
0.569736
0.571318
0.573702
0.576779
0.579726
0.581335
0.581034
0.579207
0.5764
0.573958
0.57305
0.573739
0.575468
0.576133
0.575963
0.573923
0.571055
0.569147
0.568473
0.569253
0.570841
0.571795
0.571616
0.57003
0.567292
0.565413
0.565131
0.566342
0.568508
0.571153
0.573433
0.574895
0.57582
0.57671
0.577879
0.578626
0.545989
0.548267
0.550163
0.551197
0.551361
0.551061
0.550151
0.548377
0.546153
0.54428
0.543477
0.544068
0.545953
0.548297
0.55062
0.553033
0.554985
0.55691
0.558928
0.5611
0.563436
0.566127
0.568867
0.571054
0.572392
0.572516
0.571245
0.569002
0.567198
0.566507
0.567079
0.568985
0.571363
0.572906
0.572901
0.571178
0.567782
0.564621
0.562403
0.561655
0.562511
0.564788
0.567016
0.568996
0.570355
0.57207
0.574484
0.577349
0.579697
0.580813
0.580272
0.578292
0.575654
0.573661
0.572998
0.573718
0.57517
0.5757
0.575033
0.573529
0.571243
0.569738
0.569497
0.570341
0.571213
0.571727
0.571269
0.569659
0.567751
0.566594
0.56673
0.56808
0.570363
0.572527
0.574232
0.575541
0.57671
0.577844
0.579165
0.580121
0.546286
0.548746
0.550457
0.551376
0.551437
0.550989
0.549963
0.54836
0.546739
0.5456
0.54511
0.54557
0.546969
0.548751
0.550886
0.552931
0.554853
0.556788
0.558796
0.560846
0.563017
0.565423
0.567576
0.569128
0.569925
0.569781
0.568907
0.568039
0.567646
0.568139
0.569162
0.570477
0.571752
0.572395
0.571694
0.569845
0.567292
0.564645
0.563131
0.562865
0.563797
0.565657
0.567672
0.569494
0.57115
0.573007
0.57522
0.577281
0.578894
0.579506
0.578956
0.577425
0.575478
0.573979
0.573189
0.573351
0.574241
0.574355
0.574031
0.573597
0.57248
0.571352
0.571089
0.571209
0.571191
0.571037
0.570369
0.569684
0.569085
0.568646
0.569101
0.570435
0.57212
0.573616
0.574944
0.576332
0.577892
0.57932
0.580777
0.581706
0.546665
0.54903
0.550659
0.551338
0.551164
0.550505
0.549449
0.548288
0.547569
0.547358
0.547389
0.547582
0.548218
0.549417
0.550982
0.552816
0.554778
0.556697
0.558576
0.560345
0.562128
0.563846
0.565249
0.566284
0.566791
0.567127
0.567232
0.567758
0.569014
0.570344
0.571183
0.571686
0.571874
0.571574
0.570465
0.568781
0.567069
0.565493
0.564661
0.564468
0.565224
0.566584
0.568204
0.570081
0.572148
0.574102
0.575885
0.577119
0.577988
0.577921
0.577445
0.576578
0.575538
0.574619
0.573367
0.572679
0.572619
0.572773
0.573284
0.573899
0.574177
0.57368
0.572892
0.572129
0.570974
0.570049
0.569915
0.570235
0.570989
0.571876
0.572762
0.573596
0.574396
0.575054
0.576185
0.578036
0.580057
0.581595
0.582778
0.583288
0.546849
0.549042
0.550516
0.551064
0.550661
0.549745
0.54888
0.548454
0.548716
0.549352
0.549667
0.549697
0.549632
0.550034
0.551088
0.552682
0.554521
0.556293
0.557998
0.559561
0.560836
0.561787
0.562518
0.563229
0.563868
0.564752
0.56629
0.568461
0.570656
0.572199
0.572524
0.57219
0.571524
0.570522
0.569267
0.568091
0.567336
0.567313
0.567034
0.566637
0.566945
0.56751
0.568754
0.57069
0.573137
0.575148
0.576362
0.576854
0.576939
0.576608
0.576376
0.576421
0.576264
0.575221
0.573491
0.571752
0.570697
0.570985
0.572354
0.57402
0.575652
0.576112
0.575055
0.573057
0.57074
0.569637
0.570067
0.571226
0.573406
0.575659
0.576729
0.5768
0.576564
0.576918
0.578071
0.579934
0.581914
0.583246
0.584132
0.584249
0.546747
0.548742
0.54989
0.550199
0.549691
0.548856
0.548514
0.548837
0.54999
0.551103
0.551474
0.551396
0.550919
0.550781
0.55137
0.552613
0.554162
0.555776
0.557295
0.558485
0.559224
0.559622
0.559835
0.560278
0.561339
0.563119
0.566163
0.569573
0.57217
0.573489
0.573177
0.572055
0.570539
0.569181
0.568416
0.568115
0.568715
0.569769
0.569876
0.569074
0.568425
0.56841
0.56945
0.571372
0.573874
0.575788
0.576351
0.576234
0.57572
0.575693
0.576131
0.576953
0.577043
0.575797
0.573661
0.570857
0.56929
0.569476
0.571526
0.5747
0.577023
0.577866
0.577055
0.574103
0.571166
0.570237
0.570958
0.573312
0.5765
0.578907
0.579929
0.579597
0.579238
0.579614
0.580831
0.582299
0.583658
0.584588
0.585013
0.584764
0.546303
0.548051
0.548878
0.548877
0.548418
0.547957
0.548264
0.549462
0.551173
0.552416
0.552691
0.552423
0.551825
0.551497
0.551826
0.552689
0.553835
0.555126
0.556315
0.55714
0.557612
0.557784
0.557829
0.558327
0.559927
0.562458
0.566346
0.57036
0.573113
0.573993
0.573124
0.57123
0.569073
0.56792
0.567902
0.56885
0.571276
0.572589
0.572892
0.571477
0.570077
0.569679
0.570417
0.57221
0.574432
0.575888
0.575959
0.575432
0.575022
0.575499
0.576522
0.577808
0.577985
0.576692
0.573785
0.570372
0.568432
0.568393
0.570601
0.574871
0.577713
0.578525
0.577793
0.575287
0.572739
0.571959
0.572906
0.575493
0.578568
0.580845
0.581982
0.582094
0.582216
0.58275
0.583716
0.584561
0.584868
0.58491
0.58485
0.584424
0.545515
0.546824
0.547363
0.547264
0.547116
0.547314
0.548382
0.550198
0.551953
0.553074
0.553337
0.552936
0.552301
0.551973
0.552144
0.552677
0.553505
0.554334
0.555074
0.555676
0.556174
0.556423
0.55677
0.557688
0.559709
0.562593
0.566745
0.570704
0.573035
0.573397
0.57212
0.569777
0.567682
0.566981
0.5678
0.570846
0.574048
0.575334
0.575411
0.573938
0.572063
0.571329
0.57161
0.572923
0.574621
0.575447
0.575088
0.574793
0.574919
0.575843
0.577358
0.578657
0.578624
0.577115
0.573994
0.570585
0.568436
0.568072
0.569922
0.574045
0.577295
0.578256
0.577632
0.576417
0.57499
0.57444
0.575499
0.577271
0.579554
0.581799
0.583158
0.584147
0.58503
0.585755
0.586211
0.586212
0.585835
0.585424
0.585263
0.584677
0.544395
0.545109
0.545535
0.545633
0.545967
0.54702
0.548683
0.550625
0.552228
0.553098
0.553258
0.552875
0.552352
0.552079
0.552211
0.552535
0.553056
0.553464
0.553928
0.554506
0.555095
0.555706
0.556579
0.558017
0.560336
0.563359
0.567047
0.570266
0.571927
0.571782
0.570405
0.568263
0.566818
0.56682
0.568976
0.572843
0.576038
0.577571
0.577519
0.576429
0.574501
0.573328
0.573085
0.573431
0.573991
0.574309
0.574268
0.574472
0.575257
0.576681
0.578292
0.579357
0.579171
0.577457
0.574505
0.571535
0.569473
0.569261
0.569972
0.572306
0.575499
0.577001
0.57709
0.577003
0.576917
0.577134
0.577655
0.578664
0.580137
0.582109
0.584026
0.58579
0.587196
0.587994
0.588087
0.587753
0.587279
0.586791
0.586708
0.586006
0.543086
0.543255
0.543713
0.544296
0.545402
0.547118
0.548913
0.550554
0.55184
0.552427
0.552471
0.552174
0.551946
0.55182
0.551878
0.552086
0.552389
0.552663
0.55316
0.553777
0.554522
0.555558
0.557016
0.558987
0.561333
0.564271
0.566946
0.568846
0.569719
0.569356
0.568151
0.566792
0.566532
0.567751
0.570351
0.573758
0.577002
0.578724
0.579007
0.578298
0.577088
0.575341
0.574131
0.573236
0.572771
0.572672
0.573244
0.574329
0.575796
0.577611
0.579082
0.579804
0.579169
0.577526
0.575528
0.573024
0.571464
0.571078
0.570671
0.570752
0.572419
0.574751
0.576376
0.577677
0.578883
0.579389
0.579242
0.579501
0.580407
0.582117
0.584486
0.586803
0.588626
0.589346
0.589239
0.589245
0.589277
0.589158
0.589208
0.588454
0.541691
0.541646
0.542247
0.543542
0.545428
0.54737
0.548935
0.550076
0.550993
0.551356
0.551344
0.551285
0.551162
0.551103
0.551079
0.551356
0.551825
0.552329
0.552878
0.553501
0.554416
0.555877
0.557836
0.560022
0.562649
0.564792
0.566138
0.566712
0.566613
0.566237
0.565797
0.565796
0.566922
0.569046
0.57132
0.573703
0.576651
0.578725
0.579593
0.579532
0.578593
0.576877
0.574602
0.572485
0.571138
0.570915
0.571875
0.573947
0.575992
0.577737
0.579008
0.579251
0.578512
0.577456
0.576526
0.575313
0.574212
0.573031
0.571538
0.569982
0.569608
0.571515
0.574903
0.577876
0.579729
0.580389
0.580035
0.57984
0.580443
0.581965
0.584449
0.586989
0.588539
0.589059
0.589471
0.590149
0.590917
0.591612
0.591899
0.591227
0.540372
0.540469
0.541246
0.543185
0.545603
0.547512
0.548817
0.549467
0.549853
0.550041
0.550092
0.550081
0.55005
0.550116
0.550278
0.550724
0.551461
0.552214
0.552871
0.553545
0.55462
0.556358
0.558679
0.561485
0.56373
0.56472
0.564698
0.563884
0.563186
0.563003
0.563622
0.565331
0.567777
0.570048
0.571809
0.573325
0.57526
0.577543
0.579377
0.580302
0.579804
0.577712
0.574569
0.57135
0.569329
0.568833
0.570319
0.573074
0.575564
0.576912
0.577677
0.577849
0.577647
0.577438
0.577624
0.577856
0.576858
0.57474
0.572201
0.569799
0.56864
0.569134
0.572165
0.576504
0.579067
0.580045
0.579896
0.579679
0.58022
0.581943
0.583952
0.585892
0.58715
0.588094
0.589449
0.590886
0.59187
0.592775
0.592779
0.592473
0.539258
0.539675
0.540705
0.543127
0.545791
0.547606
0.548508
0.548768
0.548849
0.548847
0.548825
0.548891
0.54905
0.549313
0.549751
0.550344
0.551322
0.552279
0.553106
0.553927
0.555219
0.557255
0.560203
0.562864
0.56417
0.564155
0.56288
0.561156
0.560248
0.560515
0.562079
0.565169
0.568375
0.570564
0.571904
0.572541
0.573431
0.575639
0.578443
0.580249
0.5802
0.578042
0.574045
0.569992
0.567614
0.567208
0.568839
0.571718
0.574114
0.57501
0.575602
0.576172
0.576655
0.577582
0.579164
0.579803
0.578791
0.576136
0.572836
0.570224
0.56903
0.569011
0.570489
0.573766
0.576878
0.578508
0.579242
0.579512
0.580139
0.581227
0.582413
0.58371
0.585089
0.586589
0.588477
0.590556
0.592527
0.59371
0.593734
0.593454
0.53848
0.539139
0.540423
0.543027
0.545662
0.547286
0.548006
0.54814
0.548059
0.548
0.548042
0.548271
0.548616
0.549013
0.549599
0.550367
0.551433
0.552546
0.553609
0.554765
0.556445
0.558965
0.561789
0.563644
0.564065
0.563127
0.560883
0.558917
0.558189
0.558971
0.561476
0.565286
0.568553
0.570837
0.571418
0.571372
0.571761
0.573478
0.576701
0.579114
0.579401
0.577366
0.573368
0.569071
0.5664
0.565739
0.567022
0.569489
0.57143
0.572219
0.573031
0.574056
0.575702
0.578126
0.58014
0.580659
0.57968
0.576869
0.573396
0.571131
0.570096
0.569884
0.570373
0.571906
0.574009
0.576187
0.57786
0.578886
0.579152
0.57935
0.579794
0.580845
0.582686
0.585125
0.587813
0.590093
0.591506
0.591909
0.590866
0.590443
0.537891
0.538795
0.540238
0.542791
0.54523
0.546724
0.547425
0.547677
0.547699
0.547763
0.547956
0.548293
0.548711
0.549183
0.549731
0.550571
0.551716
0.553044
0.55449
0.556238
0.558532
0.561134
0.563039
0.563822
0.563369
0.561708
0.559194
0.55751
0.557259
0.558566
0.56178
0.565609
0.568747
0.570541
0.570667
0.570411
0.570758
0.572058
0.574608
0.576943
0.57753
0.575849
0.572403
0.568381
0.565533
0.564404
0.565033
0.566493
0.567742
0.568638
0.569939
0.57202
0.574965
0.578004
0.579856
0.580233
0.579422
0.57722
0.57423
0.572387
0.571488
0.571059
0.570935
0.571526
0.572567
0.574215
0.576092
0.577499
0.577477
0.577046
0.576777
0.577467
0.579401
0.581997
0.58451
0.585722
0.585046
0.58286
0.580561
0.58062
0.537679
0.538855
0.54041
0.542504
0.544511
0.546006
0.546949
0.547566
0.547953
0.548197
0.54843
0.548745
0.549163
0.549565
0.550116
0.550979
0.552227
0.553868
0.555895
0.558476
0.561061
0.562836
0.563579
0.563429
0.562339
0.560258
0.558174
0.55714
0.55752
0.559421
0.562711
0.566165
0.568584
0.569852
0.569969
0.570022
0.57053
0.571696
0.573374
0.575017
0.57545
0.574336
0.571862
0.568551
0.565781
0.564132
0.563624
0.563822
0.56423
0.56544
0.567441
0.57039
0.573837
0.576846
0.578634
0.578892
0.578514
0.577254
0.575438
0.574004
0.573213
0.572422
0.571806
0.571789
0.572629
0.574148
0.575651
0.576591
0.576499
0.575815
0.574864
0.574636
0.575543
0.576988
0.577794
0.576259
0.572478
0.568355
0.566337
0.567005
0.537692
0.53916
0.540636
0.542089
0.543747
0.545402
0.546834
0.547954
0.548724
0.549086
0.54932
0.54959
0.549871
0.550201
0.550705
0.551603
0.553063
0.555064
0.557994
0.561008
0.563101
0.563843
0.563614
0.562662
0.561051
0.55916
0.558077
0.557869
0.558827
0.561105
0.564031
0.566495
0.56819
0.569128
0.56975
0.570289
0.570909
0.571973
0.573031
0.573874
0.574148
0.573668
0.572175
0.569732
0.56683
0.564462
0.56267
0.561726
0.561793
0.563058
0.565854
0.569351
0.57268
0.575353
0.577101
0.577445
0.57732
0.577209
0.576865
0.57585
0.574729
0.573603
0.572699
0.572655
0.573471
0.57494
0.575941
0.576244
0.575881
0.575495
0.574828
0.574749
0.575014
0.574546
0.572526
0.568819
0.564584
0.562476
0.561805
0.562703
0.538044
0.539517
0.540655
0.541606
0.542994
0.544944
0.546923
0.548509
0.549559
0.550126
0.5504
0.550587
0.550801
0.551069
0.55157
0.552481
0.554342
0.556828
0.560144
0.562885
0.5642
0.56418
0.563129
0.56143
0.559586
0.558548
0.55865
0.559466
0.561148
0.563373
0.565371
0.566714
0.567622
0.568712
0.569976
0.570974
0.571874
0.572609
0.573155
0.57329
0.573481
0.57368
0.573253
0.571641
0.568547
0.565008
0.562168
0.560783
0.560673
0.562066
0.5653
0.56878
0.571751
0.574015
0.57517
0.57565
0.576403
0.577387
0.578052
0.577676
0.576245
0.574852
0.573969
0.574014
0.574646
0.575735
0.576202
0.576113
0.576065
0.576398
0.576142
0.576379
0.576008
0.574025
0.570267
0.565762
0.56269
0.561184
0.560672
0.5617
0.538712
0.539826
0.540463
0.541118
0.542262
0.544481
0.546941
0.548889
0.550205
0.550965
0.551375
0.551615
0.551831
0.552124
0.552626
0.553823
0.555882
0.558505
0.561623
0.563889
0.564637
0.5638
0.56204
0.559786
0.558398
0.55846
0.559507
0.561689
0.564027
0.565706
0.566453
0.566753
0.56731
0.568448
0.570039
0.571856
0.573174
0.573601
0.573449
0.573163
0.573391
0.574239
0.57481
0.57386
0.57065
0.566297
0.562638
0.56083
0.560502
0.561982
0.565411
0.568358
0.570807
0.571853
0.572943
0.574231
0.575888
0.577691
0.578908
0.579233
0.578056
0.57651
0.575767
0.57558
0.575628
0.576054
0.576289
0.57637
0.576843
0.577708
0.578363
0.578202
0.576588
0.573067
0.568226
0.563944
0.56157
0.560563
0.560268
0.561506
0.539363
0.540062
0.540219
0.540647
0.541894
0.543969
0.546741
0.548982
0.55051
0.551494
0.552123
0.552496
0.552865
0.553296
0.554077
0.555403
0.557292
0.559601
0.562212
0.56377
0.563953
0.56268
0.560342
0.55827
0.557596
0.558534
0.560961
0.564024
0.56645
0.567281
0.567094
0.566785
0.567272
0.568344
0.570497
0.572909
0.574438
0.574673
0.574065
0.573591
0.573931
0.575408
0.57669
0.576165
0.573145
0.568362
0.563928
0.561688
0.561306
0.562779
0.565655
0.567805
0.569133
0.569506
0.570755
0.572954
0.575513
0.577859
0.579408
0.580392
0.58016
0.578901
0.577987
0.577273
0.576518
0.576047
0.576199
0.576821
0.578077
0.579663
0.580157
0.579129
0.575862
0.570919
0.565798
0.562582
0.561127
0.560596
0.560543
0.561926
0.539854
0.540236
0.540074
0.540311
0.541443
0.543524
0.546192
0.54864
0.550357
0.551532
0.552387
0.553134
0.553795
0.554631
0.555588
0.556812
0.558287
0.559942
0.561759
0.562687
0.562238
0.560639
0.558475
0.557117
0.55736
0.559177
0.562427
0.565673
0.567771
0.568112
0.56745
0.566943
0.567235
0.568592
0.571229
0.573689
0.575235
0.57532
0.5748
0.574643
0.575201
0.577065
0.578662
0.578412
0.575662
0.570645
0.565891
0.563492
0.562971
0.563893
0.565547
0.56666
0.566898
0.567389
0.5691
0.572012
0.575285
0.578031
0.579921
0.581358
0.582096
0.581721
0.58049
0.578766
0.577067
0.575883
0.575986
0.577369
0.579344
0.58069
0.580505
0.57802
0.573374
0.567829
0.563781
0.561813
0.561069
0.560945
0.561104
0.562668
0.54023
0.540368
0.540073
0.540218
0.541114
0.542927
0.545214
0.547777
0.549755
0.551185
0.552387
0.553529
0.554691
0.555816
0.556868
0.557854
0.558715
0.559453
0.560289
0.560431
0.559665
0.558188
0.556796
0.556356
0.557444
0.559956
0.563262
0.566301
0.567927
0.568017
0.567462
0.567125
0.567693
0.569444
0.572038
0.574171
0.57543
0.575569
0.575424
0.575779
0.576905
0.578629
0.580025
0.580035
0.577985
0.573635
0.56864
0.566029
0.564782
0.564627
0.564869
0.564722
0.564887
0.566014
0.568334
0.571588
0.575102
0.578116
0.580434
0.58235
0.583598
0.58398
0.582891
0.58028
0.577713
0.576166
0.575932
0.577614
0.579517
0.580032
0.578489
0.574676
0.569439
0.565021
0.562644
0.561542
0.561192
0.561318
0.561628
0.563314
0.540601
0.540511
0.540193
0.540208
0.540717
0.541987
0.543923
0.546374
0.548771
0.550648
0.552276
0.553874
0.555353
0.55667
0.557712
0.558367
0.558544
0.558281
0.558017
0.557388
0.556448
0.555607
0.555315
0.555863
0.557599
0.560248
0.563206
0.565693
0.566882
0.567204
0.567218
0.567581
0.568709
0.570584
0.572586
0.574248
0.575071
0.575404
0.575917
0.576875
0.578264
0.579347
0.580413
0.580661
0.579582
0.576929
0.573145
0.569313
0.566565
0.564978
0.563531
0.562927
0.563669
0.565567
0.568272
0.571552
0.574942
0.578126
0.580859
0.583118
0.584562
0.585092
0.584236
0.581814
0.579012
0.577241
0.577092
0.577809
0.578321
0.577109
0.573925
0.569608
0.565731
0.563513
0.562208
0.561586
0.561434
0.561588
0.56196
0.563727
0.541169
0.540885
0.540437
0.540185
0.540356
0.541127
0.542597
0.544723
0.547276
0.549846
0.552084
0.553992
0.555663
0.557036
0.557935
0.558277
0.557885
0.55673
0.555309
0.553957
0.553211
0.553201
0.553941
0.555466
0.557681
0.56003
0.562327
0.563821
0.564951
0.566023
0.567069
0.568251
0.569847
0.571471
0.572871
0.573852
0.574466
0.575155
0.576248
0.577603
0.578889
0.579478
0.579678
0.57999
0.5801
0.579579
0.577341
0.573321
0.568655
0.565078
0.562707
0.56201
0.563236
0.565687
0.568663
0.57175
0.574921
0.578102
0.581031
0.583335
0.584699
0.584958
0.584206
0.582676
0.580799
0.579258
0.578547
0.577693
0.575996
0.572771
0.568841
0.565803
0.563965
0.562867
0.562191
0.561826
0.561705
0.561916
0.56238
0.564259
0.541831
0.54153
0.540913
0.54041
0.540203
0.540458
0.541404
0.543134
0.545748
0.54882
0.55153
0.553707
0.555472
0.55685
0.557657
0.557762
0.556896
0.555111
0.552841
0.551093
0.550544
0.551166
0.552926
0.555214
0.557457
0.559398
0.560586
0.561459
0.562729
0.564635
0.566757
0.56893
0.570752
0.572034
0.572828
0.57332
0.57392
0.57493
0.576336
0.577771
0.578585
0.578674
0.578236
0.5784
0.579538
0.580562
0.579875
0.576577
0.57121
0.565876
0.562693
0.561933
0.56333
0.565969
0.569212
0.57205
0.575054
0.578179
0.581024
0.583064
0.584127
0.584136
0.583773
0.583038
0.582384
0.581388
0.579659
0.577081
0.573538
0.569459
0.566106
0.564253
0.563168
0.562658
0.562404
0.562117
0.562173
0.5626
0.5633
0.565359
0.542476
0.542329
0.541677
0.540788
0.54011
0.539957
0.540586
0.542098
0.544515
0.547631
0.550593
0.553003
0.554975
0.556412
0.557156
0.557053
0.555873
0.553752
0.551067
0.549207
0.548837
0.549788
0.552185
0.554877
0.556841
0.558254
0.558528
0.559223
0.560878
0.563363
0.56644
0.56938
0.571383
0.572112
0.572395
0.572686
0.573452
0.574515
0.576143
0.577262
0.57757
0.577068
0.576559
0.57665
0.578258
0.580066
0.580525
0.578265
0.573343
0.567405
0.563509
0.562324
0.563512
0.566212
0.569364
0.5723
0.575172
0.577993
0.580482
0.582204
0.583045
0.583178
0.583087
0.583578
0.583792
0.582817
0.580219
0.576144
0.5715
0.567568
0.56489
0.563534
0.562866
0.562742
0.562704
0.562657
0.563036
0.563835
0.564884
0.567171
0.543007
0.54312
0.542579
0.541431
0.540319
0.539868
0.540197
0.541449
0.5437
0.546634
0.549715
0.552411
0.554378
0.55573
0.556409
0.556345
0.555209
0.552966
0.550208
0.548402
0.548152
0.549237
0.551761
0.554356
0.555906
0.556837
0.556752
0.557582
0.559683
0.562691
0.56627
0.569582
0.571444
0.571797
0.571725
0.572107
0.572827
0.574158
0.575471
0.576043
0.57587
0.575114
0.574725
0.575098
0.576809
0.578706
0.579576
0.578349
0.574706
0.569506
0.565176
0.563453
0.56408
0.566522
0.569517
0.57228
0.574939
0.577395
0.579362
0.580789
0.581635
0.582017
0.583012
0.58407
0.584343
0.583074
0.579889
0.575097
0.570216
0.566501
0.564358
0.563471
0.563046
0.56302
0.563286
0.563651
0.564419
0.565592
0.566997
0.569508
0.543369
0.543751
0.543452
0.542369
0.54113
0.540514
0.540645
0.541671
0.543561
0.546109
0.549065
0.551643
0.553716
0.555188
0.555941
0.555903
0.554933
0.552765
0.550229
0.548689
0.54847
0.549554
0.551792
0.553837
0.554973
0.55556
0.555857
0.556957
0.559331
0.562672
0.566314
0.569437
0.570771
0.570897
0.57094
0.571507
0.572302
0.573564
0.574308
0.574284
0.573608
0.572945
0.573107
0.574044
0.575377
0.576877
0.577658
0.577265
0.575242
0.571776
0.567864
0.565591
0.565371
0.566894
0.569396
0.572036
0.574425
0.576358
0.577782
0.579101
0.57999
0.581454
0.583056
0.583939
0.583665
0.581963
0.578645
0.574269
0.569979
0.5668
0.564824
0.563874
0.563448
0.56366
0.564377
0.565267
0.566331
0.567745
0.569395
0.572046
0.543524
0.544165
0.544105
0.54345
0.542551
0.542028
0.542032
0.542681
0.54389
0.545875
0.54857
0.551232
0.553434
0.55501
0.555768
0.555713
0.554939
0.553066
0.550969
0.549823
0.549617
0.550493
0.552069
0.553461
0.554236
0.55482
0.555911
0.557463
0.560015
0.563186
0.566326
0.568518
0.569363
0.569594
0.570086
0.570776
0.57175
0.572579
0.572526
0.571865
0.570996
0.570833
0.57162
0.573138
0.574534
0.575379
0.575587
0.57566
0.575227
0.573763
0.571009
0.568422
0.56717
0.567382
0.569054
0.571356
0.573517
0.575029
0.576149
0.577408
0.579022
0.581133
0.582678
0.582927
0.581962
0.579783
0.576871
0.573868
0.570829
0.568178
0.566179
0.564981
0.564581
0.564974
0.566059
0.567373
0.568602
0.570132
0.57193
0.574552
0.543542
0.544359
0.544613
0.544545
0.544237
0.543939
0.543816
0.544045
0.544733
0.546076
0.548374
0.551167
0.553498
0.555075
0.555781
0.555726
0.555125
0.553713
0.552302
0.551599
0.55151
0.551911
0.5526
0.553286
0.553956
0.554911
0.556564
0.558865
0.561423
0.564004
0.565965
0.56714
0.56774
0.568385
0.569203
0.570041
0.57084
0.57097
0.570338
0.569597
0.569227
0.569697
0.570895
0.57228
0.573393
0.573807
0.573745
0.574246
0.575103
0.575216
0.573828
0.571442
0.569325
0.56821
0.568628
0.570334
0.572248
0.573753
0.574967
0.5766
0.578694
0.580586
0.581605
0.581114
0.579552
0.577359
0.575303
0.573557
0.57214
0.570426
0.568541
0.56716
0.566699
0.567215
0.568416
0.569763
0.571101
0.572742
0.574629
0.577069
0.543428
0.544394
0.545128
0.545699
0.546011
0.546059
0.545931
0.545829
0.546055
0.546874
0.548654
0.551295
0.553628
0.555127
0.555761
0.555726
0.555294
0.554525
0.554013
0.553853
0.553886
0.553661
0.553603
0.553645
0.554258
0.555705
0.557969
0.560824
0.563211
0.564531
0.565385
0.565818
0.566408
0.567365
0.568289
0.569161
0.569442
0.569001
0.568406
0.568128
0.568521
0.569528
0.570832
0.571897
0.572425
0.572462
0.572635
0.57352
0.57527
0.576425
0.575891
0.574016
0.571474
0.569427
0.568577
0.569214
0.570892
0.572615
0.574481
0.576762
0.578742
0.579786
0.579845
0.578843
0.577093
0.575459
0.574121
0.573364
0.572868
0.572137
0.571154
0.570324
0.570076
0.570501
0.571435
0.572491
0.573878
0.575654
0.577509
0.5796
0.543319
0.544374
0.545629
0.546795
0.547648
0.547983
0.547887
0.547642
0.547549
0.548103
0.549279
0.551501
0.553817
0.555184
0.555539
0.555528
0.555322
0.5553
0.555687
0.556116
0.556054
0.555443
0.554768
0.554709
0.555488
0.557547
0.560272
0.562845
0.564739
0.565059
0.564824
0.564797
0.565491
0.566475
0.56753
0.568044
0.567735
0.567088
0.566862
0.567341
0.568643
0.570086
0.571349
0.571895
0.57183
0.571676
0.572195
0.573435
0.57578
0.577397
0.577517
0.576071
0.573495
0.570715
0.569027
0.56866
0.569792
0.571907
0.574785
0.577436
0.578743
0.578681
0.577727
0.576287
0.574747
0.573636
0.573271
0.573221
0.573322
0.573443
0.573589
0.573852
0.574272
0.574586
0.575049
0.575813
0.577146
0.578828
0.580339
0.581974
0.543348
0.544476
0.546118
0.547772
0.548959
0.549481
0.54941
0.549088
0.548901
0.549263
0.550112
0.551787
0.553741
0.554771
0.554826
0.554942
0.555055
0.555749
0.556964
0.55785
0.557836
0.556944
0.555999
0.556104
0.557465
0.559974
0.562738
0.564691
0.565616
0.565194
0.564394
0.56427
0.564983
0.565973
0.56685
0.566861
0.566215
0.565582
0.565746
0.566995
0.569034
0.570983
0.572154
0.572112
0.571852
0.571686
0.572354
0.573638
0.575965
0.577858
0.578461
0.577465
0.575321
0.572363
0.569928
0.568987
0.569381
0.571634
0.575193
0.577792
0.578234
0.57722
0.575591
0.573738
0.572361
0.571956
0.572299
0.572942
0.573636
0.57448
0.57576
0.57697
0.577773
0.578476
0.578897
0.579507
0.580523
0.581723
0.582679
0.583921
0.543683
0.5449
0.546665
0.54847
0.549855
0.550533
0.550547
0.550189
0.549866
0.550084
0.55076
0.551803
0.552963
0.553717
0.553715
0.553919
0.554454
0.555794
0.557585
0.558898
0.559109
0.558152
0.557403
0.557637
0.559147
0.561924
0.564597
0.565833
0.565965
0.565038
0.564216
0.564265
0.564717
0.565759
0.566225
0.565822
0.565113
0.564842
0.565457
0.567304
0.569793
0.571913
0.572971
0.572654
0.572316
0.572367
0.573088
0.574423
0.576388
0.578124
0.578964
0.578427
0.576695
0.574119
0.571471
0.57035
0.570717
0.572338
0.575109
0.576898
0.576682
0.575349
0.573262
0.571229
0.57035
0.57041
0.571153
0.572444
0.574149
0.576289
0.578431
0.5798
0.580692
0.581199
0.581771
0.582573
0.583399
0.584092
0.584552
0.585478
0.54453
0.545696
0.54727
0.54891
0.550139
0.550759
0.550858
0.550566
0.550304
0.550492
0.55093
0.551288
0.551432
0.551927
0.55221
0.552619
0.553595
0.555312
0.557425
0.559171
0.55981
0.559283
0.55873
0.559169
0.560298
0.562797
0.565281
0.566185
0.565807
0.565029
0.564564
0.564413
0.564955
0.565777
0.565965
0.565513
0.56488
0.564928
0.566083
0.568408
0.571234
0.573155
0.573692
0.573297
0.573098
0.573439
0.574231
0.57549
0.576972
0.578168
0.578925
0.578903
0.577844
0.575893
0.57362
0.572593
0.572852
0.573441
0.57429
0.575077
0.57469
0.573286
0.57097
0.569458
0.569033
0.569432
0.57043
0.572252
0.574943
0.57777
0.580091
0.581603
0.582503
0.583068
0.583789
0.584626
0.585317
0.585764
0.586019
0.586652
0.545798
0.546873
0.547975
0.549084
0.549936
0.550376
0.550584
0.55045
0.550276
0.550291
0.550283
0.549981
0.549473
0.549717
0.55014
0.550976
0.552361
0.554377
0.55661
0.558636
0.55991
0.560221
0.560156
0.560501
0.561571
0.562967
0.5649
0.565846
0.565686
0.565259
0.564958
0.565107
0.565679
0.566287
0.566421
0.566252
0.56614
0.566621
0.568175
0.570302
0.572723
0.57418
0.574383
0.574125
0.574249
0.574831
0.575604
0.576527
0.57724
0.577873
0.5785
0.578861
0.5784
0.577384
0.575989
0.574971
0.574545
0.573913
0.573043
0.572793
0.57215
0.570714
0.56925
0.568518
0.568427
0.569089
0.570629
0.573125
0.575899
0.578394
0.580603
0.582256
0.5834
0.584363
0.585253
0.586067
0.586664
0.586959
0.586974
0.587358
0.547236
0.548193
0.54874
0.549097
0.549407
0.549662
0.549965
0.550058
0.549899
0.549468
0.548893
0.548244
0.547718
0.547388
0.547787
0.548978
0.550873
0.553122
0.555387
0.557534
0.559469
0.560817
0.561464
0.561827
0.562418
0.563115
0.56395
0.564942
0.565524
0.565808
0.565863
0.566364
0.566854
0.567263
0.567466
0.567618
0.568057
0.568856
0.570249
0.572085
0.573444
0.57444
0.574862
0.575009
0.575298
0.575911
0.576753
0.577279
0.577401
0.577565
0.577937
0.578387
0.578498
0.578405
0.577831
0.576646
0.575264
0.573676
0.572031
0.570555
0.569202
0.568446
0.568229
0.568289
0.568733
0.569887
0.572002
0.574353
0.576413
0.578335
0.580114
0.581908
0.583483
0.584749
0.585747
0.586576
0.587167
0.587497
0.587498
0.587654
0.548603
0.54941
0.549448
0.549077
0.548774
0.548799
0.549051
0.54925
0.548991
0.548287
0.547382
0.546372
0.545475
0.545238
0.545694
0.547051
0.549394
0.551802
0.55409
0.556339
0.558804
0.560917
0.562347
0.562913
0.563059
0.562978
0.563139
0.563936
0.565095
0.566257
0.567127
0.567776
0.568133
0.568327
0.568604
0.569192
0.570139
0.571124
0.572277
0.573381
0.573808
0.574296
0.575085
0.575893
0.57677
0.577549
0.57791
0.577836
0.577454
0.577146
0.577287
0.577816
0.578428
0.57892
0.578896
0.577851
0.575978
0.573815
0.570926
0.568111
0.566606
0.566443
0.567192
0.568225
0.569729
0.571635
0.573661
0.575539
0.577119
0.578379
0.579457
0.580701
0.582233
0.58369
0.584956
0.586022
0.586885
0.587515
0.5878
0.587888
0.549372
0.550247
0.550028
0.549181
0.548354
0.547999
0.548127
0.548322
0.548098
0.54746
0.546214
0.544596
0.543624
0.543602
0.544222
0.545834
0.548356
0.550777
0.553125
0.555477
0.558214
0.560755
0.562794
0.563645
0.563494
0.562822
0.562608
0.563064
0.564489
0.566554
0.568283
0.569175
0.56931
0.569255
0.569435
0.570333
0.571812
0.573094
0.574011
0.574399
0.574055
0.573947
0.574935
0.576418
0.57802
0.579116
0.57944
0.579042
0.578313
0.577507
0.576974
0.577142
0.577932
0.578884
0.579151
0.578684
0.576558
0.573005
0.569111
0.5661
0.564893
0.565142
0.566303
0.568339
0.571044
0.573424
0.575246
0.576548
0.577394
0.578046
0.578702
0.579537
0.580508
0.582011
0.583643
0.585114
0.586483
0.587648
0.588503
0.588894
0.550117
0.551027
0.550576
0.54931
0.547992
0.547203
0.547056
0.547267
0.547294
0.547189
0.54567
0.543592
0.542433
0.542501
0.543132
0.544862
0.547414
0.54983
0.552251
0.554748
0.557622
0.560554
0.563007
0.564123
0.56389
0.562889
0.562399
0.562678
0.563995
0.5665
0.568883
0.570054
0.570122
0.569984
0.570311
0.571419
0.573207
0.574719
0.575611
0.57534
0.574402
0.574123
0.574845
0.576665
0.578749
0.580086
0.580475
0.580063
0.57918
0.578031
0.576892
0.576385
0.577268
0.578648
0.579457
0.579121
0.577222
0.572787
0.568055
0.565008
0.56379
0.564037
0.565395
0.568542
0.572022
0.574745
0.576614
0.57738
0.577661
0.577889
0.578159
0.578571
0.579279
0.580157
0.581514
0.583388
0.585558
0.58779
0.589552
0.590353
)
;

boundaryField
{
    inlet
    {
        type            calculated;
        value           uniform 0.140001;
    }
    outlet
    {
        type            calculated;
        value           nonuniform List<scalar> 
40
(
0.578626
0.580121
0.581706
0.583288
0.584249
0.584764
0.584424
0.584677
0.586006
0.588454
0.591227
0.592473
0.593454
0.590443
0.58062
0.567005
0.562703
0.5617
0.561506
0.561926
0.562668
0.563314
0.563727
0.564259
0.565359
0.567171
0.569508
0.572046
0.574552
0.577069
0.5796
0.581974
0.583921
0.585478
0.586652
0.587358
0.587654
0.587888
0.588894
0.590353
)
;
    }
    bottom
    {
        type            symmetryPlane;
    }
    top
    {
        type            symmetryPlane;
    }
    obstacle
    {
        type            calculated;
        value           nonuniform List<scalar> 
80
(
0.545836
0.547582
0.549439
0.550818
0.551372
0.551391
0.55078
0.549146
0.546707
0.544441
0.543209
0.543286
0.54483
0.547163
0.549659
0.552387
0.554467
0.556549
0.558687
0.560987
0.563577
0.566457
0.569552
0.57213
0.574117
0.574677
0.573506
0.570911
0.567903
0.565638
0.565118
0.567029
0.570229
0.572508
0.573715
0.57273
0.569469
0.565761
0.562862
0.561386
0.561622
0.563408
0.56579
0.568255
0.569736
0.571318
0.573702
0.576779
0.579726
0.581335
0.581034
0.579207
0.5764
0.573958
0.57305
0.573739
0.575468
0.576133
0.575963
0.573923
0.571055
0.569147
0.568473
0.569253
0.570841
0.571795
0.571616
0.57003
0.567292
0.565413
0.565131
0.566342
0.568508
0.571153
0.573433
0.574895
0.57582
0.57671
0.577879
0.578626
)
;
    }
    defaultFaces
    {
        type            empty;
    }
}


// ************************************************************************* //
