/*--------------------------------*- C++ -*----------------------------------*\
| =========                 |                                                 |
| \\      /  F ield         | OpenFOAM: The Open Source CFD Toolbox           |
|  \\    /   O peration     | Version:  v1912                                 |
|   \\  /    A nd           | Website:  www.openfoam.com                      |
|    \\/     M anipulation  |                                                 |
\*---------------------------------------------------------------------------*/
FoamFile
{
    version     2.0;
    format      ascii;
    class       volScalarField;
    location    "0.62";
    object      T;
}
// * * * * * * * * * * * * * * * * * * * * * * * * * * * * * * * * * * * * * //

dimensions      [0 0 0 1 0 0 0];


internalField   nonuniform List<scalar> 
4800
(
13.2448
10.9442
10.0984
10.3091
9.93808
9.42092
9.28886
9.46033
9.77478
10.1942
10.6973
11.2501
11.8063
12.3081
12.6895
12.984
13.2343
13.5011
13.5076
12.9719
12.6318
12.8661
13.1607
13.5159
13.9013
14.3057
14.7439
15.2349
15.7863
16.3987
17.0679
17.7705
18.4375
18.9801
19.2995
19.4306
19.0293
18.2565
18.1104
18.2505
13.2463
10.942
10.0859
10.2966
9.935
9.42823
9.30019
9.47969
9.79614
10.2146
10.7117
11.253
11.7937
12.2809
12.6671
12.9823
13.2557
13.5307
13.5273
12.9855
12.6271
12.8419
13.1416
13.5043
13.9013
14.3241
14.7803
15.2845
15.8434
16.4569
17.1012
17.7567
18.3966
18.9454
19.2986
19.4633
19.0705
18.2978
18.1583
18.3025
13.2451
10.9327
10.0644
10.2786
9.93342
9.44355
9.32149
9.51514
9.83412
10.2498
10.7353
11.255
11.7751
12.2484
12.6456
12.9891
13.2934
13.5565
13.5303
12.9958
12.6163
12.8096
13.1175
13.4903
13.9075
14.36
14.845
15.3708
15.9394
16.5385
17.1439
17.744
18.3482
18.9205
19.3206
19.5307
19.1441
18.3612
18.2166
18.3518
13.242
10.9197
10.0411
10.2614
9.93891
9.47018
9.35356
9.56122
9.88036
10.2912
10.7608
11.2555
11.7546
12.2133
12.6247
12.9984
13.3346
13.5745
13.5354
13.0143
12.6107
12.7691
13.0851
13.4798
13.9193
14.3985
14.918
15.474
16.0581
16.6349
17.1898
17.7471
18.3214
18.906
19.3464
19.6091
19.2347
18.4462
18.3022
18.4306
13.238
10.9065
10.0201
10.2485
9.95147
9.50259
9.39155
9.60845
9.92406
10.3236
10.7744
11.2525
11.7341
12.1859
12.6163
13.0101
13.361
13.5779
13.5406
13.0372
12.6087
12.7284
13.0484
13.4747
13.9457
14.4584
15.0056
15.5777
16.1638
16.7195
17.2458
17.7702
18.3174
18.9005
19.3706
19.682
19.3319
18.5472
18.3989
18.5185
13.2328
10.8942
10.0043
10.2408
9.96821
9.53632
9.42813
9.65132
9.95917
10.3438
10.7789
11.2461
11.7214
12.1769
12.6222
13.024
13.3666
13.5709
13.5458
13.0601
12.6099
12.6987
13.018
13.4789
13.9887
14.5298
15.0863
15.656
16.2175
16.7612
17.2918
17.8091
18.3386
18.9143
19.4001
19.7501
19.4313
18.6581
18.4983
18.6086
13.2254
10.8817
9.99232
10.2376
9.98763
9.56717
9.45523
9.67996
9.97565
10.3467
10.7754
11.2417
11.7177
12.1803
12.638
13.0385
13.3584
13.5531
13.5417
13.0705
12.6114
12.6867
13.0043
13.4924
14.0348
14.5894
15.1377
15.6858
16.2303
16.7792
17.3306
17.8622
18.393
18.9664
19.4492
19.8161
19.5256
18.7701
18.5912
18.6912
13.2225
10.8723
9.98306
10.237
10.0042
9.58569
9.47021
9.69416
9.9749
10.3385
10.7666
11.2375
11.7253
12.2031
12.6652
13.0474
13.3341
13.5193
13.5244
13.0687
12.6131
12.6949
13.0323
13.5347
14.0803
14.6228
15.1549
15.6817
16.2283
16.8001
17.3713
17.927
18.4753
19.0494
19.5116
19.8767
19.6107
18.8714
18.676
18.7651
13.2203
10.8666
9.97984
10.2416
10.0156
9.58941
9.46901
9.68977
9.96228
10.3258
10.7636
11.2536
11.758
12.2524
12.6978
13.0435
13.3022
13.4891
13.5067
13.0646
12.6206
12.7364
13.1049
13.6045
14.1268
14.6471
15.1583
15.6764
16.2315
16.8213
17.4154
18.0024
18.5833
19.1576
19.5926
19.9317
19.6722
18.9429
18.7431
18.8296
13.2208
10.8657
9.98212
10.2514
10.0221
9.57759
9.45326
9.67142
9.94354
10.3187
10.7776
11.2924
11.8079
12.3051
12.7258
13.0363
13.28
13.4739
13.4949
13.0584
12.6423
12.8112
13.2048
13.6784
14.1755
14.6822
15.1787
15.6871
16.2467
16.8473
17.4669
18.0947
18.7147
19.2865
19.6831
19.9668
19.701
18.9716
18.7726
18.8575
13.2238
10.8693
9.98882
10.263
10.016
9.54585
9.4233
9.64458
9.92726
10.3207
10.8006
11.3319
11.8559
12.3469
12.7402
13.0348
13.2742
13.4774
13.4919
13.0536
12.682
12.9053
13.3033
13.7504
14.2348
14.7195
15.2056
15.7256
16.2936
16.8994
17.5385
18.2019
18.8548
19.4166
19.7629
19.9785
19.6933
18.9547
18.7599
18.8461
13.2295
10.878
9.99728
10.27
9.99715
9.49977
9.38452
9.61624
9.91711
10.3317
10.8293
11.3723
11.9055
12.3779
12.7524
13.0442
13.2847
13.5002
13.5032
13.0527
12.7394
13.0016
13.3883
13.8206
14.2849
14.7589
15.2534
15.7923
16.3726
16.9864
17.6391
18.3263
18.9944
19.5287
19.8229
19.976
19.6459
18.8854
18.7037
18.8034
13.2376
10.8911
10.0079
10.276
9.96905
9.44823
9.34655
9.59282
9.91652
10.3501
10.86
11.4072
11.9405
12.3939
12.7589
13.0625
13.3133
13.5433
13.5344
13.0573
12.7928
13.0821
13.4569
13.8799
14.3348
14.8124
15.3252
15.8811
16.4735
17.1044
17.7797
18.4787
19.1283
19.6162
19.8661
19.9709
19.5722
18.7555
18.5934
18.7084
13.2451
10.9067
10.0208
10.2767
9.93331
9.39917
9.31362
9.57313
9.92479
10.3756
10.8937
11.4404
11.9683
12.4009
12.76
13.0827
13.3565
13.6098
13.5842
13.0757
12.8351
13.1385
13.4968
13.9234
14.3875
14.8804
15.4155
15.9898
16.6047
17.2614
17.9493
18.6319
19.2432
19.6896
19.9021
19.968
19.5059
18.6272
18.4453
18.5626
13.2471
10.922
10.0372
10.2761
9.89969
9.36465
9.28765
9.55696
9.93838
10.4042
10.9262
11.4724
11.9882
12.4018
12.76
13.1018
13.4105
13.6897
13.6454
13.1084
12.8788
13.1594
13.5215
13.9569
14.4398
14.9593
15.5216
16.1238
16.7694
17.4424
18.1094
18.7542
19.3251
19.7406
19.9338
19.9579
19.4448
18.5348
18.3199
18.4247
13.2494
10.9381
10.0548
10.274
9.87466
9.34874
9.27075
9.54335
9.94808
10.4286
10.9517
11.4955
11.9935
12.3963
12.7586
13.1154
13.4715
13.7763
13.7124
13.1448
12.9257
13.1661
13.5316
13.9788
14.4863
15.0423
15.6406
16.2779
16.9441
17.605
18.2373
18.8322
19.3584
19.7659
19.9575
19.9451
19.3849
18.47
18.2482
18.3418
13.2513
10.9544
10.0714
10.2667
9.85741
9.35147
9.26704
9.53593
9.95406
10.4423
10.9618
11.5034
11.9912
12.3894
12.7551
13.1301
13.5276
13.8574
13.7724
13.1871
12.9597
13.1671
13.5332
13.9931
14.5259
15.1203
15.7624
16.432
17.1009
17.7299
18.3167
18.8648
19.3655
19.7797
19.9802
19.939
19.3427
18.4326
18.2286
18.3447
13.2517
10.9691
10.0867
10.2609
9.85311
9.37605
9.27727
9.53532
9.95698
10.4494
10.965
11.5036
11.9875
12.3857
12.7605
13.1475
13.576
13.9174
13.8239
13.2396
12.994
13.1686
13.5317
14.0077
14.5633
15.1955
15.8735
16.5628
17.2195
17.8108
18.3554
18.8705
19.3551
19.7794
19.9968
19.9461
19.3329
18.4366
18.2669
18.4079
13.2513
10.9808
10.0992
10.261
9.87145
9.42104
9.30315
9.54079
9.9573
10.4484
10.9627
11.4938
11.9791
12.3891
12.7765
13.1731
13.6138
13.9551
13.8733
13.2963
13.0246
13.1764
13.5381
14.0295
14.6077
15.2673
15.9607
16.6531
17.2955
17.854
18.3705
18.8624
19.3321
19.7643
20.0025
19.9656
19.3525
18.4906
18.3794
18.5259
13.2504
10.9873
10.1098
10.2717
9.90333
9.47403
9.34246
9.55399
9.95675
10.4376
10.9473
11.4701
11.97
12.4024
12.8022
13.2073
13.64
13.9735
13.9091
13.3473
13.0492
13.1967
13.5643
14.0667
14.664
15.3304
16.0159
16.6955
17.3237
17.8659
18.3722
18.8486
19.3024
19.7349
19.9948
19.9939
19.3962
18.6002
18.5281
18.6581
13.2498
10.9886
10.1174
10.2845
9.94312
9.52668
9.38731
9.57184
9.95512
10.422
10.9279
11.4475
11.968
12.4242
12.8375
13.2476
13.6565
13.9697
13.9295
13.3852
13.0649
13.226
13.6067
14.1258
14.7252
15.3747
16.0351
16.7016
17.3178
17.8664
18.3727
18.8371
19.2751
19.7078
19.989
20.0318
19.4739
18.7384
18.6478
18.7416
13.2503
10.9848
10.1129
10.2965
9.98466
9.57502
9.43064
9.59102
9.95306
10.4062
10.9112
11.4358
11.973
12.4526
12.8778
13.2865
13.6618
13.9604
13.9364
13.4077
13.072
13.2539
13.6613
14.1908
14.776
15.391
16.0238
16.6759
17.3053
17.8712
18.3787
18.8305
19.2576
19.6935
20.003
20.1036
19.5519
18.8198
18.7179
18.7659
13.2515
10.9762
10.1004
10.3068
10.0228
9.6135
9.46851
9.60952
9.9533
10.3952
10.9009
11.4357
11.9817
12.4819
12.9174
13.3148
13.666
13.9441
13.9327
13.4142
13.0675
13.2789
13.7142
14.2461
14.807
15.3858
15.9925
16.6333
17.2839
17.8797
18.3945
18.8395
19.2627
19.7074
20.0542
20.1727
19.5809
18.8342
18.7451
18.7558
13.2528
10.9658
10.0867
10.3168
10.055
9.63984
9.5007
9.62923
9.9586
10.3911
10.8962
11.438
11.9895
12.5089
12.9525
13.3344
13.6667
13.9219
13.9113
13.3936
13.048
13.292
13.7584
14.2853
14.8206
15.3702
15.9523
16.5819
17.2459
17.8747
18.4145
18.8713
19.3069
19.7695
20.1447
20.218
19.5538
18.7974
18.726
18.7137
13.2542
10.9561
10.0713
10.3259
10.0787
9.65297
9.52677
9.65045
9.97169
10.395
10.8972
11.4412
11.999
12.5342
12.9811
13.3473
13.6611
13.8944
13.8652
13.3367
13.0155
13.2992
13.7899
14.305
14.8246
15.3469
15.9048
16.5253
17.1898
17.8428
18.4308
18.929
19.3945
19.8633
20.2333
20.2243
19.4887
18.7436
18.6602
18.6577
13.2564
10.949
10.0557
10.3318
10.092
9.65318
9.54547
9.67068
9.98856
10.4066
10.9055
11.4483
12.0097
12.5543
13.0024
13.3526
13.6443
13.8564
13.7958
13.2562
12.979
13.3034
13.8028
14.3087
14.8158
15.3183
15.8542
16.4586
17.1136
17.7814
18.4298
19.0096
19.5152
19.9588
20.2771
20.1961
19.3869
18.6649
18.5835
18.6081
13.2588
10.9458
10.0415
10.3318
10.0918
9.63898
9.55442
9.68797
10.0049
10.4196
10.9168
11.4576
12.0205
12.5696
13.0128
13.3452
13.61
13.803
13.7075
13.1556
12.9511
13.3059
13.798
14.2961
14.7945
15.2846
15.8063
16.3881
17.0231
17.6978
18.4011
19.0752
19.6365
20.0389
20.2742
20.1363
19.2719
18.5964
18.5242
18.5688
13.261
10.9467
10.0266
10.3189
10.0712
9.60823
9.55482
9.70106
10.0185
10.4314
10.9275
11.4664
12.0312
12.5794
13.0095
13.318
13.5544
13.7323
13.6
13.0401
12.9217
13.3023
13.7819
14.2713
14.759
15.2439
15.7595
16.3188
16.9246
17.5958
18.3455
19.0988
19.7166
20.0944
20.2295
20.0463
19.1549
18.5381
18.482
18.5434
13.2628
10.9503
10.0123
10.3002
10.0331
9.56465
9.54773
9.70884
10.0276
10.4427
10.94
11.4789
12.0441
12.5832
12.99
13.2685
13.4767
13.6433
13.4771
12.9152
12.8785
13.2869
13.7475
14.2245
14.7049
15.1885
15.6996
16.2412
16.8261
17.4889
18.2583
19.062
19.7314
20.1063
20.1584
19.9545
19.0549
18.4869
18.4526
18.5364
13.2637
10.9536
9.99664
10.274
9.9809
9.51331
9.53181
9.70969
10.0296
10.4503
10.9525
11.4941
12.0596
12.5817
12.9583
13.2059
13.3833
13.539
13.3432
12.7916
12.819
13.2468
13.6838
14.1532
14.6296
15.1108
15.6174
16.15
16.7277
17.3824
18.1482
18.9596
19.6677
20.0368
20.0961
19.8766
18.9801
18.4535
18.4385
18.5455
13.2632
10.9553
9.97676
10.2385
9.91615
9.45771
9.50781
9.70324
10.0254
10.4498
10.9577
11.5052
12.072
12.5748
12.9212
13.1401
13.2876
13.4286
13.2027
12.6783
12.7454
13.1743
13.5878
14.05
14.5235
15.0024
15.5045
16.0352
16.6142
17.2643
18.0111
18.8023
19.4935
19.8856
20.0013
19.7787
18.8983
18.4234
18.4323
18.5758
13.2613
10.955
9.95224
10.1947
9.84367
9.40075
9.47917
9.68991
10.0101
10.4384
10.9528
11.5067
12.0757
12.5605
12.8803
13.0755
13.2003
13.3261
13.0651
12.5721
12.6679
13.0676
13.4627
13.9121
14.3829
14.8611
15.3573
15.8873
16.4693
17.1079
17.8231
18.5816
19.236
19.6634
19.8708
19.651
18.7976
18.3825
18.4334
18.6449
13.2592
10.9552
9.92891
10.1484
9.77026
9.34477
9.44572
9.6677
9.98761
10.42
10.94
11.4962
12.0637
12.535
12.8356
13.017
13.1313
13.2415
12.9433
12.4681
12.5838
12.94
13.3179
13.7489
14.2152
14.6934
15.1836
15.7086
16.2841
16.907
17.5859
18.2998
18.9368
19.4081
19.693
19.4865
18.6801
18.3327
18.4518
18.7403
13.2581
10.9567
9.91259
10.1079
9.70546
9.29448
9.40788
9.63941
9.96306
10.399
10.9206
11.4738
12.0302
12.492
12.7882
12.9721
13.0965
13.1927
12.8516
12.3701
12.4886
12.805
13.1686
13.5814
14.0329
14.5089
14.9987
15.514
16.0726
16.6688
17.3056
17.9747
18.6183
19.1374
19.4842
19.305
18.555
18.2724
18.4615
18.798
13.2577
10.9603
9.90427
10.078
9.65432
9.24737
9.36884
9.61063
9.94148
10.3789
10.898
11.4428
11.9777
12.4285
12.7348
12.9416
13.0941
13.1849
12.7975
12.2817
12.3953
12.6726
13.0226
13.4225
13.8609
14.3223
14.8083
15.3224
15.8623
16.4249
17.0145
17.6412
18.287
18.834
19.24
19.0944
18.3978
18.1737
18.4277
18.7903
13.2576
10.9654
9.90307
10.0585
9.61496
9.20328
9.32559
9.57854
9.92056
10.362
10.8752
11.4097
11.9208
12.351
12.6751
12.9205
13.1156
13.2039
12.7717
12.2089
12.3062
12.5483
12.8838
13.2734
13.7041
14.1576
14.6365
15.1441
15.6744
16.2128
16.7606
17.3474
17.984
18.5425
18.9878
18.8833
18.2346
18.0568
18.3543
18.7308
13.2579
10.9717
9.90658
10.0444
9.58379
9.17168
9.27978
9.54666
9.90441
10.3532
10.8594
11.3813
11.8684
12.2723
12.6185
12.9084
13.1607
13.2389
12.7642
12.163
12.2223
12.439
12.7658
13.1475
13.572
14.0229
14.4946
14.9918
15.5196
16.0529
16.5825
17.1391
17.7508
18.3029
18.7723
18.7102
18.0943
17.9501
18.2751
18.646
13.2582
10.9792
9.91543
10.0368
9.56317
9.15357
9.24049
9.51872
9.89424
10.3537
10.8539
11.3635
11.8257
12.2056
12.5705
12.9044
13.2187
13.2753
12.7682
12.1427
12.1576
12.3546
12.6789
13.0567
13.4758
13.924
14.3967
14.8896
15.411
15.9564
16.4904
17.0262
17.6092
18.1486
18.6314
18.607
18.0077
17.8776
18.1852
18.5465
13.2575
10.9861
9.92541
10.0333
9.54865
9.14369
9.21166
9.49613
9.89039
10.3615
10.8577
11.3583
11.7974
12.1533
12.5296
12.904
13.2736
13.3076
12.7792
12.1344
12.1154
12.2975
12.6228
13.0006
13.4187
13.8652
14.3377
14.833
15.3568
15.9141
16.4605
16.9838
17.5465
18.079
18.5672
18.5696
17.9693
17.834
18.1222
18.4732
13.2582
10.9902
9.93358
10.0345
9.54559
9.14143
9.19775
9.47693
9.88337
10.3664
10.8635
11.3657
11.7859
12.127
12.5036
12.9062
13.3071
13.3338
12.7936
12.1366
12.0947
12.2656
12.5919
12.9719
13.3911
13.8391
14.311
14.8112
15.3407
15.9082
16.4708
16.998
17.5498
18.0735
18.5575
18.5717
17.9705
17.8315
18.1039
18.4432
18.4654
18.7346
18.9507
19.1327
19.3
19.4796
19.6618
19.8275
19.9715
20.089
20.2202
20.4453
20.7827
21.0196
21.0591
20.7644
19.8104
18.8092
18.6066
18.6
18.7004
18.8451
18.944
18.9755
18.9712
18.9592
18.9572
18.9803
19.0468
19.152
19.2936
19.4395
19.4661
19.3488
19.0922
18.5118
17.9989
17.9154
17.9893
18.0566
18.1567
18.2718
18.4121
18.6088
18.844
19.0761
19.2467
19.402
19.5366
19.6126
19.6251
19.5761
19.3025
18.8142
18.6055
18.6183
18.7024
18.8119
18.9167
18.9653
18.9201
18.8262
18.7372
18.7356
18.8698
19.1237
19.3181
19.3697
19.2197
18.8795
18.3469
17.9353
17.8664
17.9161
18.0274
18.1817
18.3165
18.4415
18.5062
18.6409
18.5509
18.8185
19.0311
19.209
19.3715
19.5336
19.6907
19.8402
19.9736
20.0898
20.2282
20.4527
20.7349
20.8584
20.8348
20.461
19.5102
18.7092
18.5912
18.6157
18.7212
18.8574
18.9481
18.9785
18.9766
18.9696
18.9789
19.0187
19.0942
19.2069
19.3449
19.4506
19.441
19.2643
18.9642
18.3779
18.0004
17.9527
18.03
18.0929
18.1968
18.3273
18.4818
18.6647
18.8526
19.0308
19.1618
19.2859
19.3942
19.4523
19.4166
19.297
18.9776
18.5061
18.3517
18.3925
18.4998
18.6385
18.7641
18.8314
18.8137
18.7512
18.718
18.7822
18.9851
19.2293
19.3668
19.3806
19.1817
18.8126
18.2779
17.9362
17.884
17.9385
18.049
18.1971
18.3327
18.4484
18.5212
18.6544
18.5952
18.8658
19.0858
19.2672
19.41
19.5224
19.6386
19.7595
19.8854
20.0189
20.1759
20.3958
20.6592
20.7308
20.6737
20.2508
19.2591
18.632
18.5552
18.5959
18.7043
18.8304
18.9082
18.9369
18.9454
18.9579
18.986
19.0324
19.1025
19.2054
19.3474
19.4422
19.4031
19.2428
18.9368
18.3149
17.9866
17.9666
18.013
18.0984
18.234
18.39
18.5473
18.6918
18.8161
18.9173
19.003
19.1008
19.1845
19.2348
19.2002
19.0806
18.7148
18.2321
18.1089
18.1707
18.2991
18.4601
18.5977
18.6674
18.6865
18.6829
18.7381
18.8742
19.0596
19.262
19.3728
19.3762
19.2052
18.8226
18.2573
17.9319
17.8786
17.9306
18.0459
18.1949
18.3345
18.456
18.5317
18.6566
18.6668
18.9337
19.1544
19.3231
19.432
19.5017
19.565
19.6415
19.754
19.9063
20.1006
20.3259
20.5304
20.5463
20.4322
19.9531
18.9982
18.5515
18.5227
18.5567
18.6603
18.7725
18.8453
18.8848
18.9179
18.956
18.9998
19.0536
19.1172
19.209
19.3498
19.4268
19.365
19.2408
18.8854
18.2525
17.9706
17.9633
17.9947
18.1162
18.2823
18.4503
18.5922
18.6967
18.7773
18.8382
18.8951
18.9811
19.0321
19.0392
18.9687
18.7959
18.3556
17.8654
17.751
17.7962
17.9186
18.0948
18.2825
18.4299
18.5435
18.6473
18.7859
18.9482
19.1091
19.2854
19.3672
19.3782
19.2559
18.8589
18.2772
17.964
17.8948
17.9312
18.045
18.1882
18.3257
18.4497
18.5405
18.6665
18.7458
19.0034
19.2131
19.348
19.4138
19.4478
19.4762
19.5289
19.6312
19.7926
20.0082
20.2263
20.3511
20.3292
20.1756
19.6601
18.801
18.4817
18.4805
18.5082
18.605
18.7095
18.7886
18.8472
18.9031
18.9569
19.015
19.0704
19.1255
19.2047
19.3326
19.4036
19.3653
19.2583
18.8198
18.1844
17.9582
17.9283
17.9843
18.1405
18.3358
18.5018
18.6122
18.6803
18.7256
18.7563
18.7962
18.8865
18.9379
18.9335
18.8456
18.6326
18.1353
17.6548
17.5445
17.5325
17.5872
17.7167
17.9077
18.1314
18.3611
18.598
18.8178
18.9703
19.1041
19.2438
19.3197
19.3736
19.3259
18.9417
18.3404
18.0331
17.9411
17.9505
18.0457
18.1829
18.3179
18.4439
18.546
18.6735
18.8238
19.064
19.2468
19.3458
19.3779
19.3811
19.3989
19.4578
19.5629
19.7195
19.9192
20.1107
20.1578
20.0753
19.8979
19.3845
18.6578
18.4206
18.4382
18.466
18.5553
18.6588
18.7507
18.8303
18.9029
18.9702
19.0314
19.0775
19.1206
19.2022
19.3181
19.3815
19.3873
19.2524
18.7134
18.1014
17.9265
17.8905
17.9828
18.1696
18.3824
18.5357
18.6137
18.6427
18.6553
18.6775
18.7366
18.8535
18.9212
18.9097
18.8177
18.5796
18.0386
17.5844
17.4848
17.4454
17.467
17.5526
17.6964
17.8972
18.1677
18.4945
18.778
18.9149
19.0257
19.1416
19.2471
19.3406
19.3497
19.0034
18.4525
18.1761
18.0429
18.0108
18.0858
18.2068
18.328
18.4417
18.5387
18.6684
18.8885
19.1018
19.2506
19.3205
19.3317
19.3342
19.365
19.4361
19.5486
19.6895
19.8343
19.9762
19.9816
19.8576
19.6714
19.182
18.5503
18.3595
18.3859
18.429
18.5206
18.6319
18.7399
18.8378
18.9235
18.9943
19.0442
19.0667
19.1048
19.2001
19.3217
19.3829
19.4124
19.2054
18.57
18.0108
17.8835
17.868
17.9893
18.1979
18.4152
18.5484
18.5881
18.5815
18.5867
18.6225
18.7108
18.8522
18.9404
18.9346
18.8476
18.5834
18.0164
17.5975
17.4919
17.4284
17.4317
17.5045
17.6573
17.8816
18.1464
18.4264
18.6398
18.7643
18.8788
19.0187
19.1671
19.2745
19.3218
18.9834
18.4783
18.2644
18.1966
18.1488
18.1604
18.2358
18.3373
18.4391
18.5246
18.6518
18.9364
19.1165
19.2353
19.283
19.3003
19.3262
19.3739
19.4539
19.5575
19.6613
19.7499
19.8302
19.8216
19.6989
19.5196
19.0629
18.4745
18.3052
18.3361
18.3944
18.5013
18.627
18.7518
18.8673
18.9618
19.0235
19.049
19.0616
19.1032
19.2169
19.3524
19.3974
19.4161
19.1053
18.409
17.93
17.8379
17.8629
18.003
18.2238
18.4259
18.5314
18.5342
18.5236
18.5262
18.577
18.6995
18.8628
18.9745
18.9724
18.8939
18.5993
18.0079
17.6229
17.507
17.4407
17.4543
17.5549
17.7328
17.9629
18.208
18.4049
18.5045
18.5892
18.7097
18.8551
18.9944
19.0745
19.1238
18.8477
18.4046
18.253
18.2754
18.2931
18.3097
18.3415
18.3985
18.4631
18.5251
18.6503
18.9704
19.1176
19.2134
19.2626
19.3013
19.3493
19.4087
19.4919
19.5642
19.6122
19.6545
19.6968
19.6951
19.6078
19.445
19.0149
18.4336
18.2681
18.303
18.3796
18.5039
18.6479
18.7875
18.9072
18.9976
19.0452
19.0591
19.0732
19.1306
19.2645
19.4001
19.4401
19.3866
18.9714
18.2561
17.8777
17.81
17.8723
18.0286
18.2375
18.4054
18.4823
18.488
18.4754
18.4736
18.5324
18.6846
18.8729
19.0099
19.0146
18.9352
18.6074
17.992
17.6409
17.5211
17.4693
17.5132
17.657
17.8663
18.1065
18.3101
18.3873
18.4131
18.4772
18.5951
18.7118
18.8071
18.8063
18.7419
18.4933
18.2182
18.1838
18.2451
18.3245
18.4144
18.4994
18.5341
18.5583
18.5791
18.6995
18.9759
19.102
19.1934
19.2629
19.3259
19.3954
19.471
19.5381
19.557
19.5456
19.56
19.5978
19.615
19.5766
19.4277
19.0019
18.4163
18.2521
18.2893
18.3799
18.5315
18.6935
18.8305
18.9389
19.0136
19.0543
19.0667
19.0999
19.2034
19.3525
19.4595
19.4862
19.3241
18.8354
18.1381
17.8535
17.8091
17.8944
18.0585
18.2374
18.3622
18.4175
18.4347
18.4324
18.4341
18.4966
18.6646
18.8758
19.0358
19.0629
18.9591
18.5917
17.9551
17.6317
17.5259
17.5131
17.6093
17.8009
18.0432
18.262
18.3637
18.3654
18.3761
18.4317
18.5451
18.6672
18.74
18.6978
18.5376
18.1493
17.7952
17.8968
18.1251
18.3119
18.4441
18.539
18.6119
18.6652
18.6966
18.8197
18.9501
19.0683
19.1753
19.2698
19.3665
19.4671
19.5417
19.5664
19.5337
19.487
19.4941
19.5492
19.591
19.5859
19.4453
19.0091
18.4194
18.2589
18.3003
18.4002
18.5608
18.7225
18.8505
18.9434
19.0032
19.0377
19.0711
19.154
19.3092
19.4732
19.544
19.5175
19.2596
18.7095
18.0558
17.8475
17.8376
17.932
18.0809
18.2179
18.3061
18.3527
18.3752
18.3869
18.4063
18.4774
18.654
18.8844
19.0551
19.0991
18.9622
18.5431
17.8996
17.6038
17.527
17.5733
17.734
17.9783
18.2228
18.367
18.3798
18.3749
18.4
18.4682
18.5777
18.6807
18.7227
18.664
18.4941
18.074
17.6099
17.5659
17.7579
18.0851
18.375
18.5569
18.6556
18.7108
18.7447
18.8724
18.9064
19.0234
19.1522
19.288
19.4291
19.5503
19.5956
19.5722
19.5097
19.4616
19.4725
19.5467
19.6058
19.6207
19.4861
19.0399
18.4434
18.2851
18.318
18.4121
18.5671
18.7174
18.8308
18.9034
18.9476
18.9952
19.073
19.217
19.429
19.5984
19.65
19.5387
19.2188
18.6186
18.0232
17.8675
17.8946
17.9768
18.0872
18.1863
18.2539
18.2988
18.324
18.3442
18.3824
18.4708
18.6591
18.9013
19.069
19.1114
18.9357
18.4669
17.8339
17.5702
17.5309
17.6506
17.8764
18.1569
18.348
18.3919
18.391
18.4067
18.4574
18.5444
18.6508
18.7433
18.7547
18.6751
18.5013
18.0817
17.6181
17.5104
17.5541
17.7284
18.0448
18.3673
18.5807
18.7079
18.802
18.9394
18.8406
18.9801
19.1528
19.3251
19.493
19.5998
19.614
19.5689
19.5011
19.4643
19.492
19.5779
19.641
19.6703
19.539
19.0817
18.483
18.3299
18.3568
18.4393
18.579
18.7041
18.7824
18.8291
18.8777
18.9532
19.0905
19.3109
19.555
19.7077
19.7319
19.5679
19.2113
18.5877
18.037
17.9303
17.9647
18.0109
18.0797
18.1495
18.2103
18.2594
18.2935
18.3225
18.3729
18.476
18.6749
18.9184
19.0691
19.0934
18.8762
18.3775
17.7694
17.551
17.5686
17.7454
18.0328
18.2775
18.3779
18.3936
18.398
18.4376
18.5144
18.621
18.7315
18.8449
18.8208
18.7177
18.5444
18.1213
17.6543
17.5423
17.556
17.638
17.7905
18.019
18.2865
18.5204
18.6896
18.8458
18.7465
18.9373
19.1628
19.3664
19.5323
19.6036
19.6006
19.561
19.5088
19.4949
19.5377
19.6366
19.6944
19.7254
19.5881
19.1122
18.5173
18.3666
18.3843
18.4545
18.5733
18.6704
18.7225
18.7605
18.8212
18.9274
19.121
19.3841
19.6322
19.7562
19.7682
19.5984
19.2389
18.6144
18.0863
18.0024
18.0291
18.0364
18.0773
18.1283
18.1791
18.2294
18.281
18.33
18.3886
18.4975
18.6957
18.9282
19.045
19.039
18.7983
18.2954
17.7197
17.5655
17.6414
17.8785
18.151
18.3145
18.377
18.3895
18.404
18.4468
18.5241
18.6327
18.7484
18.8893
18.9001
18.8018
18.6111
18.1817
17.7044
17.5722
17.5515
17.6117
17.7514
17.9238
18.0769
18.2302
18.3905
18.5406
18.6418
18.9001
19.1737
19.3924
19.531
19.5794
19.5797
19.5525
19.5295
19.5452
19.6026
19.7082
19.7528
19.7735
19.6208
19.1217
18.5312
18.3918
18.4012
18.4654
18.5603
18.6355
18.686
18.7346
18.8088
18.9572
19.1722
19.3985
19.6038
19.7003
19.7089
19.5945
19.2732
18.6859
18.1759
18.0814
18.0802
18.069
18.0908
18.1322
18.1738
18.2197
18.2799
18.3512
18.4248
18.5289
18.7092
18.9186
18.99
18.9505
18.7163
18.2388
17.7041
17.632
17.7748
18.0088
18.2046
18.3079
18.3635
18.3933
18.4123
18.4436
18.5058
18.6007
18.7178
18.8678
18.9236
18.8698
18.6772
18.248
17.7838
17.6489
17.6044
17.6169
17.7146
17.8644
18.0164
18.1485
18.2522
18.3637
18.5735
18.8905
19.1832
19.387
19.4975
19.5454
19.5517
19.5484
19.5554
19.5906
19.6602
19.7681
19.8022
19.8082
19.6353
19.1117
18.5315
18.4027
18.3958
18.4454
18.5382
18.6264
18.7009
18.7706
18.881
19.0557
19.2256
19.3479
19.4681
19.5573
19.5843
19.5562
19.3102
18.7803
18.2973
18.174
18.1208
18.1026
18.1243
18.1604
18.1965
18.2394
18.3
18.38
18.4659
18.5621
18.7063
18.8666
18.9106
18.8607
18.6584
18.2125
17.7599
17.7675
17.9241
18.0912
18.1987
18.2944
18.3594
18.4034
18.4241
18.4389
18.4645
18.5261
18.6439
18.8102
18.8944
18.8789
18.6943
18.2669
17.8228
17.7216
17.7083
17.7217
17.7929
17.8971
17.9989
18.0785
18.1422
18.2311
18.5965
18.921
19.1892
19.3503
19.4485
19.4954
19.521
19.5458
19.5743
19.6196
19.6983
19.8106
19.8381
19.8297
19.6334
19.0793
18.5067
18.379
18.3552
18.4045
18.5231
18.6569
18.7685
18.8806
19.0235
19.1623
19.2433
19.2684
19.3032
19.3663
19.4084
19.4707
19.3362
18.8767
18.4118
18.2549
18.1679
18.1444
18.1694
18.2084
18.2452
18.2853
18.3437
18.4212
18.5042
18.5823
18.6845
18.7788
18.8141
18.794
18.6456
18.2506
17.916
17.9189
18.0338
18.1068
18.1925
18.2841
18.3635
18.4152
18.4328
18.4243
18.4202
18.4604
18.5768
18.7421
18.825
18.8533
18.6974
18.2779
17.8501
17.7666
17.7898
17.8565
17.9614
18.0473
18.0884
18.1091
18.1214
18.1903
18.676
18.9723
19.1691
19.2982
19.3799
19.439
19.4956
19.5454
19.5851
19.6319
19.7249
19.8468
19.8665
19.8373
19.6154
19.0238
18.4536
18.3251
18.2983
18.3695
18.5278
18.7139
18.8908
19.0507
19.1652
19.2189
19.2235
19.1993
19.1886
19.2111
19.2478
19.3398
19.3105
18.9302
18.4714
18.3051
18.2214
18.2107
18.2325
18.2739
18.3159
18.3596
18.4142
18.4794
18.5367
18.5855
18.6449
18.6971
18.7284
18.7548
18.6753
18.3808
18.1064
18.0418
18.0671
18.1021
18.1874
18.2855
18.3719
18.4208
18.4335
18.418
18.4171
18.4489
18.5577
18.7114
18.7935
18.8337
18.6952
18.2706
17.8602
17.7819
17.8099
17.914
18.0722
18.2126
18.2576
18.2461
18.222
18.2765
18.7627
19.0044
19.1478
19.2395
19.3074
19.3764
19.457
19.5298
19.5856
19.6452
19.7541
19.8835
19.8941
19.8327
19.5831
18.9545
18.392
18.2708
18.255
18.3472
18.5469
18.8075
19.0435
19.2
19.2526
19.2354
19.1776
19.1112
19.095
19.1236
19.1633
19.2211
19.2387
18.9153
18.4717
18.3003
18.2199
18.2412
18.3099
18.3693
18.4202
18.4652
18.5134
18.5549
18.5779
18.5946
18.6134
18.6428
18.6748
18.7377
18.7591
18.5493
18.2393
18.1269
18.0566
18.0947
18.1902
18.2963
18.3788
18.425
18.442
18.4444
18.4608
18.5132
18.6282
18.7571
18.8223
18.8683
18.7691
18.3715
17.9979
17.9278
17.9531
18.0492
18.1769
18.2757
18.3568
18.398
18.4123
18.474
18.8326
19.0068
19.1152
19.1824
19.2384
19.3085
19.4007
19.4954
19.5811
19.6684
19.7917
19.9193
19.9237
19.8233
19.5397
18.8792
18.3318
18.226
18.2279
18.3527
18.6096
18.9105
19.1537
19.2724
19.2722
19.2158
19.0997
19.0273
19.0336
19.083
19.1417
19.1881
19.1637
18.8402
18.4102
18.2541
18.202
18.2463
18.363
18.4901
18.5703
18.6142
18.6358
18.6456
18.6287
18.615
18.612
18.6383
18.6712
18.8039
18.891
18.6519
18.3031
18.1511
18.0556
18.0982
18.2069
18.3166
18.4027
18.4533
18.4863
18.5262
18.5725
18.6391
18.7598
18.8796
18.93
18.9514
18.8792
18.5194
18.1799
18.1168
18.1245
18.208
18.3406
18.4477
18.5094
18.5414
18.5738
18.6446
18.868
18.9991
19.081
19.1303
19.1753
19.2397
19.3343
19.452
19.5777
19.7024
19.8362
19.9527
19.9542
19.815
19.4946
18.811
18.2884
18.1998
18.2365
18.4068
18.6904
18.9717
19.1708
19.2483
19.2347
19.1505
19.0348
18.9783
19.0084
19.0973
19.1721
19.2061
19.1294
18.7471
18.2863
18.1638
18.159
18.2299
18.3727
18.5592
18.7162
18.7729
18.7722
18.7467
18.6914
18.6498
18.6576
18.7148
18.7961
18.9627
18.9804
18.6737
18.2955
18.1575
18.0814
18.128
18.2399
18.3648
18.4596
18.5199
18.5736
18.6318
18.6859
18.7569
18.8731
18.9825
19.0163
19.0074
18.9136
18.5661
18.2418
18.175
18.1669
18.252
18.4193
18.6035
18.7594
18.8769
18.9751
19.0605
18.8777
18.9806
19.0436
19.0793
19.1147
19.1724
19.2698
19.4129
19.576
19.7425
19.8879
19.9956
19.9904
19.8187
19.4653
18.759
18.2675
18.2104
18.2952
18.4998
18.7504
18.9671
19.1054
19.159
19.1459
19.0836
19.0018
18.9714
19.0289
19.1565
19.2428
19.2484
19.1283
18.7034
18.1774
18.059
18.0888
18.2042
18.3927
18.6138
18.7967
18.8951
18.9
18.85
18.7739
18.7359
18.7852
18.8876
19.0186
19.106
18.9852
18.6365
18.2626
18.1696
18.1364
18.1925
18.312
18.4366
18.5306
18.5947
18.6495
18.7066
18.7612
18.8384
18.9518
19.0497
19.0676
19.0257
18.8883
18.5255
18.2264
18.1832
18.188
18.2765
18.4422
18.6641
18.8761
19.0428
19.1669
19.2497
18.8501
18.9418
19.0014
19.0323
19.062
19.1165
19.2213
19.3845
19.5782
19.7735
19.9361
20.0418
20.0328
19.8351
19.461
18.731
18.2831
18.2782
18.3965
18.5827
18.7642
18.8989
18.9844
19.0312
19.0404
19.0217
18.9907
18.9953
19.083
19.2416
19.3352
19.3098
19.1464
18.7081
18.1418
18.0076
18.0395
18.1556
18.3655
18.6051
18.8123
18.9224
18.9158
18.8768
18.8594
18.8959
18.9836
19.1426
19.231
19.2024
18.9848
18.5871
18.223
18.1709
18.2113
18.2992
18.4078
18.5081
18.5873
18.6496
18.7004
18.7514
18.802
18.8717
18.973
19.0603
19.064
18.9981
18.8302
18.4602
18.1574
18.1236
18.1641
18.2832
18.4887
18.7149
18.9215
19.0863
19.186
19.2474
18.7964
18.889
18.9529
18.9883
19.0218
19.0839
19.1984
19.3707
19.5839
19.7971
19.9637
20.0704
20.0647
19.8669
19.4814
18.7352
18.3509
18.3739
18.4939
18.6241
18.734
18.8009
18.8493
18.898
18.9458
18.977
18.9991
19.0424
19.1608
19.3325
19.4247
19.3659
19.1778
18.7464
18.1789
18.0339
18.0712
18.1527
18.313
18.5114
18.6931
18.8123
18.8548
18.8676
18.9262
19.0423
19.2235
19.3775
19.4094
19.2871
19.0163
18.5977
18.2258
18.226
18.3327
18.4068
18.4824
18.5683
18.6405
18.6857
18.7106
18.7384
18.7864
18.8633
18.9676
19.0514
19.0401
18.9522
18.7666
18.3908
18.0834
18.0662
18.153
18.3108
18.5243
18.7413
18.918
19.0299
19.0928
19.1393
18.7434
18.8354
18.9041
18.9532
19.0055
19.079
19.2026
19.3774
19.5975
19.8099
19.9773
20.081
20.0789
19.9023
19.5267
18.7824
18.4509
18.463
18.5407
18.62
18.6733
18.7024
18.7346
18.7895
18.8689
18.9494
19.0235
19.1079
19.2425
19.4065
19.4812
19.4069
19.2103
18.797
18.2592
18.11
18.1482
18.205
18.2947
18.3963
18.4884
18.5968
18.7088
18.8131
18.979
19.2175
19.4364
19.5568
19.5593
19.4116
19.1432
18.7154
18.3422
18.3385
18.416
18.4618
18.5291
18.5933
18.6464
18.6813
18.7023
18.7263
18.772
18.8523
18.9573
19.0349
19.0122
18.9144
18.726
18.3573
18.0649
18.0572
18.1668
18.3348
18.5389
18.7264
18.8629
18.918
18.9461
18.9904
18.6975
18.7911
18.8687
18.9368
19.0112
19.1084
19.2501
19.4396
19.6389
19.8096
19.9654
20.0797
20.0863
19.9463
19.5945
18.8705
18.5229
18.5135
18.5349
18.5772
18.6127
18.6345
18.659
18.7121
18.808
18.9313
19.0682
19.1768
19.3067
19.453
19.5032
19.4255
19.234
18.8407
18.3377
18.1898
18.2135
18.2376
18.2608
18.2882
18.3126
18.3667
18.5142
18.7478
19.0537
19.3373
19.5292
19.6359
19.6339
19.5283
19.3466
18.9438
18.5187
18.4075
18.427
18.4696
18.54
18.5988
18.6485
18.6893
18.7168
18.7413
18.7856
18.8557
18.9494
19.007
18.9893
18.9001
18.7298
18.3855
18.1054
18.0984
18.1892
18.3271
18.496
18.6409
18.7408
18.7974
18.8305
18.8932
18.665
18.7679
18.8585
18.947
19.0478
19.1894
19.3697
19.5487
19.6773
19.792
19.9379
20.0766
20.0963
20.0075
19.6788
18.943
18.5482
18.5194
18.497
18.5298
18.5756
18.6036
18.6252
18.6704
18.7689
18.9167
19.0974
19.2247
19.3462
19.4684
19.5002
19.4265
19.2455
18.868
18.3773
18.2267
18.2423
18.2394
18.2237
18.2171
18.2228
18.2692
18.3891
18.6612
19.0127
19.2706
19.4198
19.5339
19.6
19.6454
19.5436
19.171
18.6928
18.4884
18.422
18.4415
18.5089
18.5851
18.65
18.7009
18.7417
18.7744
18.8129
18.8661
18.9461
18.9846
18.9778
18.9132
18.759
18.4335
18.1543
18.1247
18.1865
18.2887
18.4166
18.5319
18.6006
18.6351
18.6576
18.7307
18.6516
18.7672
18.8796
18.9973
19.1561
19.3534
19.5396
19.6552
19.7172
19.7839
19.9138
20.0651
20.1
20.068
19.7302
18.9569
18.5336
18.4939
18.4623
18.5048
18.5646
18.602
18.6244
18.6677
18.7624
18.9134
19.1034
19.2417
19.3564
19.4583
19.4758
19.4104
19.2417
18.8724
18.3656
18.1904
18.1884
18.1847
18.1835
18.2163
18.2533
18.3163
18.4666
18.6975
18.8857
19.0352
19.1629
19.3448
19.5171
19.6194
19.6112
19.2855
18.7916
18.523
18.4096
18.3943
18.4596
18.5542
18.6418
18.7123
18.7695
18.8084
18.837
18.8743
18.9343
18.9641
18.9498
18.8863
18.7282
18.4181
18.175
18.1443
18.1549
18.1972
18.281
18.3864
18.4749
18.5298
18.5678
18.6514
18.668
18.8041
18.9486
19.1334
19.3541
19.5585
19.6811
19.7296
19.7566
19.7956
19.9079
20.0689
20.1076
20.1113
19.7385
18.9277
18.4877
18.4509
18.4431
18.5127
18.5841
18.6271
18.6509
18.6876
18.776
18.9198
19.0929
19.2316
19.3312
19.4218
19.4332
19.3715
19.211
18.8422
18.3008
18.0923
18.0871
18.1159
18.1972
18.2951
18.3819
18.5151
18.6852
18.779
18.8028
18.8122
18.8807
19.0345
19.2318
19.388
19.4507
19.2352
18.7961
18.5131
18.3933
18.3615
18.4129
18.5025
18.588
18.6615
18.7287
18.7801
18.812
18.8404
18.8633
18.8828
18.8854
18.85
18.7063
18.3996
18.1399
18.0745
18.0591
18.1094
18.2283
18.358
18.4528
18.5117
18.563
18.6507
18.7078
18.8989
19.1168
19.3563
19.5747
19.7174
19.7808
19.7897
19.7863
19.819
19.9303
20.0975
20.1448
20.1395
19.7344
18.9034
18.4391
18.4042
18.4391
18.5372
18.6255
18.666
18.6869
18.7197
18.797
18.9242
19.0733
19.195
19.2842
19.3751
19.392
19.3274
19.1646
18.785
18.216
17.976
17.9758
18.0401
18.183
18.3829
18.5956
18.7682
18.8438
18.8314
18.7774
18.7486
18.7982
18.8881
18.9905
19.033
19.0742
18.9609
18.6497
18.4385
18.3775
18.3545
18.3831
18.4377
18.5026
18.5762
18.648
18.7017
18.7345
18.7605
18.7741
18.7999
18.7983
18.7565
18.5999
18.2861
18.0311
17.9801
18.0164
18.1223
18.2606
18.3852
18.4849
18.5468
18.5721
18.6469
18.8056
19.0776
19.3435
19.5726
19.7329
19.8193
19.8351
19.8141
19.7996
19.8487
19.9781
20.1483
20.2031
20.1476
19.733
18.8949
18.4038
18.3639
18.4308
18.5485
18.6572
18.7081
18.728
18.7581
18.8225
18.9265
19.0426
19.1438
19.2299
19.3302
19.3605
19.2936
19.1264
18.7419
18.1619
17.9003
17.8949
18.0136
18.2617
18.5699
18.8073
18.8938
18.8687
18.7973
18.7312
18.7112
18.7728
18.8688
18.9459
18.9144
18.7743
18.5762
18.3342
18.2748
18.3085
18.3562
18.3811
18.4024
18.4228
18.4483
18.4863
18.5428
18.5944
18.6321
18.6573
18.6773
18.6572
18.6052
18.4593
18.1686
17.9701
17.9797
18.077
18.1918
18.3182
18.4336
18.5043
18.5471
18.5719
18.6443
18.9503
19.2712
19.5329
19.7099
19.8081
19.8475
19.8341
19.8098
19.8105
19.8811
20.0316
20.1956
20.2381
20.1456
19.7422
18.9172
18.3937
18.3443
18.4131
18.5406
18.6698
18.7456
18.7744
18.8039
18.8542
18.9292
19.0104
19.0904
19.1769
19.2884
19.3399
19.2785
19.1078
18.7237
18.1438
17.8748
17.877
18.0607
18.3926
18.7036
18.854
18.8554
18.7889
18.6956
18.6642
18.698
18.7894
18.8788
18.8994
18.8264
18.6317
18.38
18.0291
17.9567
18.1197
18.2938
18.3802
18.4205
18.4214
18.3998
18.3759
18.3761
18.4166
18.4789
18.5423
18.5936
18.5688
18.5141
18.4093
18.1677
18.0345
18.0725
18.1578
18.2574
18.3482
18.4403
18.5111
18.5528
18.5796
18.6507
19.0872
19.4042
19.6303
19.7581
19.8098
19.8152
19.8083
19.8063
19.8369
19.9238
20.0786
20.2346
20.2739
20.1509
19.7663
18.9644
18.4029
18.3434
18.3994
18.521
18.6641
18.7693
18.8251
18.8592
18.8963
18.9421
18.9853
19.0394
19.1285
19.2547
19.3339
19.2845
19.1216
18.7499
18.1734
17.9319
17.9886
18.2102
18.4933
18.7034
18.7697
18.7365
18.6508
18.5877
18.5959
18.6772
18.8058
18.9099
18.9175
18.82
18.6022
18.3167
17.9314
17.7273
17.824
18.1037
18.3358
18.4478
18.4606
18.4293
18.3803
18.3569
18.3758
18.4342
18.5053
18.5731
18.5477
18.4927
18.4395
18.2855
18.177
18.1709
18.2251
18.2706
18.3452
18.4241
18.4998
18.5552
18.5947
18.6697
19.1482
19.443
19.6444
19.7366
19.7636
19.7662
19.7809
19.8164
19.8804
19.9745
20.1145
20.2578
20.2824
20.1476
19.8015
19.0248
18.4217
18.3445
18.3833
18.4926
18.6455
18.7816
18.8792
18.9304
18.9548
18.9704
18.9771
19.0039
19.0953
19.2383
19.3259
19.3155
19.1774
18.8269
18.2809
18.1064
18.1702
18.3187
18.5091
18.6374
18.6555
18.5816
18.5052
18.488
18.5313
18.6429
18.7887
18.9057
18.9318
18.8536
18.6508
18.3487
17.9199
17.6669
17.6588
17.8619
18.2134
18.4553
18.565
18.5302
18.4705
18.4213
18.4113
18.4466
18.5078
18.5613
18.5695
18.5864
18.6035
18.4612
18.3007
18.252
18.2257
18.2427
18.3074
18.3993
18.4898
18.5603
18.6112
18.6932
19.1321
19.4112
19.5861
19.6708
19.7018
19.725
19.7694
19.8323
19.9241
20.0177
20.1285
20.2536
20.2773
20.1546
19.8473
19.1042
18.4609
18.3616
18.3774
18.4755
18.6325
18.7935
18.9311
19.0167
19.0325
19.0204
19.0027
19.0208
19.1045
19.2487
19.3552
19.3932
19.3061
18.9806
18.4404
18.262
18.266
18.3433
18.4678
18.5231
18.4901
18.4347
18.4037
18.4229
18.4847
18.591
18.7248
18.8597
18.9257
18.8827
18.7332
18.4147
17.941
17.6629
17.5997
17.7251
18.036
18.4202
18.6272
18.6969
18.6277
18.538
18.4819
18.4633
18.4896
18.5848
18.6842
18.808
18.821
18.6157
18.3622
18.249
18.1834
18.1919
18.273
18.3807
18.4788
18.5584
18.6183
18.706
19.0706
19.3239
19.4864
19.586
19.6494
19.7057
19.7729
19.8572
19.9556
20.0345
20.1194
20.2185
20.2449
20.1472
19.884
19.1864
18.5136
18.3968
18.3898
18.4817
18.6455
18.822
18.9799
19.102
19.1354
19.1129
19.088
19.0983
19.1946
19.3579
19.4925
19.5544
19.4727
19.1286
18.5748
18.3379
18.3002
18.3052
18.3388
18.3633
18.3663
18.3598
18.3637
18.4019
18.4654
18.5405
18.6406
18.7682
18.8757
18.8802
18.7871
18.4946
18.0106
17.7088
17.6253
17.7105
17.9356
18.2842
18.6256
18.776
18.7905
18.6926
18.5471
18.4779
18.533
18.6703
18.9064
19.0499
18.9655
18.6691
18.3514
18.195
18.1285
18.1607
18.2468
18.3552
18.4604
18.5475
18.6156
18.7078
18.9649
19.2107
19.3852
19.5136
19.6181
19.7106
19.7913
19.8727
19.953
20.0139
20.0731
20.1677
20.2112
20.1445
19.899
19.253
18.568
18.4392
18.4267
18.5233
18.6962
18.8751
19.0436
19.1765
19.2351
19.2443
19.2348
19.2668
19.3735
19.541
19.6615
19.6901
19.5861
19.2282
18.6552
18.3546
18.2492
18.1861
18.1959
18.2378
18.3001
18.3446
18.3796
18.4288
18.4757
18.5006
18.5591
18.6591
18.7798
18.8239
18.7976
18.5516
18.1021
17.8027
17.7171
17.7611
17.9185
18.1601
18.4758
18.729
18.8112
18.77
18.6526
18.5799
18.6607
18.8912
19.1092
19.1624
19.0031
18.644
18.2982
18.1442
18.1059
18.1497
18.2365
18.3448
18.4504
18.538
18.6074
18.7011
18.8621
19.112
19.3015
19.4577
19.5963
19.7171
19.8109
19.8817
19.9281
19.9517
19.9914
20.0933
20.1539
20.1172
19.9054
19.3045
18.6209
18.4851
18.4814
18.5898
18.7796
18.9737
19.1312
19.2455
19.3258
19.3799
19.4284
19.4973
19.5831
19.7081
19.7914
19.7778
19.6635
19.2994
18.6742
18.3296
18.1519
18.0737
18.0753
18.1341
18.2419
18.3413
18.4228
18.4653
18.4757
18.4744
18.4978
18.5724
18.6795
18.7239
18.7484
18.5779
18.1948
17.9451
17.8838
17.8754
17.9626
18.1173
18.2631
18.4972
18.6848
18.7439
18.7648
18.7937
18.927
19.0948
19.1785
19.1558
18.9413
18.5744
18.2502
18.1221
18.0993
18.1511
18.2393
18.3487
18.4515
18.5334
18.5949
18.6864
18.7898
19.0445
19.255
19.4387
19.5975
19.7276
19.8259
19.883
19.8906
19.8801
19.9132
20.0138
20.0832
20.0618
19.8891
19.3256
18.6558
18.5255
18.5502
18.6889
18.8885
19.0599
19.1831
19.2795
19.3812
19.4961
19.5979
19.6786
19.7421
19.8371
19.8797
19.8167
19.7135
19.3351
18.6559
18.2742
18.0928
18.0113
18.0174
18.0888
18.2187
18.3484
18.46
18.5015
18.4834
18.4567
18.4634
18.518
18.6058
18.6357
18.6693
18.5497
18.2416
18.0708
18.0561
18.0165
18.0362
18.0984
18.1475
18.2207
18.4371
18.6445
18.8185
19.0674
19.2022
19.2543
19.2332
19.0752
18.8315
18.5194
18.2377
18.1357
18.1136
18.1565
18.2437
18.3488
18.4471
18.5261
18.5836
18.6734
18.7508
19.0021
19.2158
19.41
19.5825
19.7235
19.8298
19.8745
19.8547
19.8267
19.8526
19.9467
20.0128
20.0023
19.8693
19.3412
18.7022
18.5801
18.6161
18.7674
18.9723
19.1357
19.2378
19.3161
19.42
19.57
19.7185
19.823
19.8789
19.9513
19.9379
19.8601
19.7535
19.3473
18.6306
18.2315
18.0343
17.9484
17.9601
18.0421
18.1826
18.3352
18.4744
18.5415
18.4995
18.4542
18.4439
18.4846
18.5618
18.584
18.5948
18.5086
18.284
18.1595
18.1624
18.1572
18.1312
18.0895
18.0615
18.0827
18.1629
18.5034
18.9701
19.2884
19.4298
19.3894
19.2305
19.0038
18.7425
18.4464
18.1991
18.134
18.1288
18.1676
18.2498
18.3527
18.4468
18.5224
18.5775
18.6668
)
;

boundaryField
{
    inlet
    {
        type            fixedValue;
        value           uniform 10;
    }
    outlet
    {
        type            zeroGradient;
    }
    bottom
    {
        type            symmetryPlane;
    }
    top
    {
        type            symmetryPlane;
    }
    obstacle
    {
        type            zeroGradient;
    }
    defaultFaces
    {
        type            empty;
    }
}


// ************************************************************************* //
