/*--------------------------------*- C++ -*----------------------------------*\
| =========                 |                                                 |
| \\      /  F ield         | OpenFOAM: The Open Source CFD Toolbox           |
|  \\    /   O peration     | Version:  v1912                                 |
|   \\  /    A nd           | Website:  www.openfoam.com                      |
|    \\/     M anipulation  |                                                 |
\*---------------------------------------------------------------------------*/
FoamFile
{
    version     2.0;
    format      ascii;
    class       volScalarField;
    location    "0.84";
    object      rho;
}
// * * * * * * * * * * * * * * * * * * * * * * * * * * * * * * * * * * * * * //

dimensions      [1 -3 0 0 0 0 0];


internalField   nonuniform List<scalar> 
4800
(
72.2975
2.59232
1.59971
1.56076
1.48922
1.41874
1.35412
1.29224
1.15512
0.919489
0.805326
0.781743
0.780824
0.792399
0.81357
0.844388
0.883572
0.92437
0.958413
0.981047
0.991934
0.993997
0.993214
0.994054
0.991842
0.96974
0.904338
0.757302
0.664493
0.64203
0.634939
0.63716
0.642334
0.650663
0.661691
0.672763
0.678622
0.67899
0.675848
0.670396
72.2995
2.58505
1.60048
1.56237
1.49189
1.42398
1.36027
1.29637
1.15204
0.913417
0.800725
0.777932
0.779538
0.794503
0.818923
0.850615
0.8866
0.921061
0.950632
0.972682
0.984182
0.988649
0.993129
0.997182
0.995237
0.97241
0.902259
0.751961
0.660373
0.639463
0.634389
0.637879
0.643323
0.650654
0.65931
0.667063
0.671776
0.673185
0.672147
0.669906
72.3001
2.57016
1.60237
1.56686
1.49905
1.43504
1.37114
1.30295
1.14625
0.902644
0.793626
0.773157
0.779573
0.799452
0.827454
0.858574
0.888035
0.91366
0.937994
0.958915
0.973947
0.983798
0.994283
1.00279
1.00027
0.976205
0.898246
0.742188
0.654265
0.636336
0.634505
0.639694
0.645575
0.650576
0.65478
0.658384
0.662188
0.665272
0.6665
0.666724
72.2892
2.54706
1.60567
1.5733
1.5113
1.45125
1.38626
1.31098
1.13818
0.888811
0.785306
0.769182
0.781501
0.807033
0.837572
0.865923
0.888382
0.907514
0.925948
0.944722
0.962908
0.979457
0.995096
1.00627
1.0038
0.977091
0.890357
0.729392
0.647229
0.632936
0.634979
0.64197
0.646338
0.646926
0.645865
0.646169
0.649284
0.654477
0.659459
0.662437
72.2891
2.50964
1.61006
1.58091
1.52722
1.46988
1.40384
1.31898
1.1279
0.873238
0.777052
0.767491
0.785344
0.816195
0.847554
0.871426
0.886999
0.900459
0.915213
0.933548
0.955165
0.977108
0.996506
1.00807
1.00308
0.972873
0.87803
0.71509
0.640417
0.631418
0.635896
0.642412
0.643886
0.639728
0.634903
0.633429
0.636566
0.643
0.650332
0.654815
72.292
2.45832
1.61579
1.58905
1.54618
1.49037
1.42002
1.32424
1.1167
0.858339
0.77059
0.76779
0.790585
0.825251
0.854747
0.872595
0.883682
0.894308
0.90761
0.927197
0.952122
0.977491
0.997206
1.00553
0.997763
0.962173
0.861624
0.700376
0.635115
0.631675
0.635682
0.640227
0.638074
0.630401
0.624074
0.622649
0.625973
0.632472
0.639697
0.643905
72.3089
2.40162
1.62179
1.59645
1.56236
1.50672
1.4313
1.32467
1.10583
0.847209
0.767358
0.770142
0.797164
0.832207
0.85747
0.87182
0.880787
0.889832
0.903382
0.925377
0.953342
0.980001
0.996471
0.999118
0.986884
0.947495
0.843773
0.687428
0.631646
0.63154
0.633743
0.635869
0.63107
0.622058
0.616141
0.614855
0.61747
0.622783
0.628426
0.631595
72.3341
2.34745
1.62824
1.60207
1.57024
1.51492
1.43564
1.32199
1.09732
0.840825
0.768289
0.775759
0.804083
0.835297
0.856551
0.869462
0.878126
0.887436
0.902424
0.926442
0.956124
0.982451
0.994919
0.991132
0.97272
0.930178
0.826403
0.677878
0.628927
0.629519
0.630391
0.630758
0.625274
0.617216
0.611711
0.609574
0.61067
0.614351
0.618714
0.621013
72.3391
2.30292
1.63389
1.60525
1.56993
1.51421
1.43252
1.31716
1.09156
0.838883
0.773799
0.783758
0.808636
0.834216
0.852401
0.865361
0.875824
0.886955
0.903373
0.928636
0.957926
0.982505
0.990976
0.982804
0.959189
0.915443
0.813839
0.671473
0.625083
0.625319
0.625507
0.626294
0.622136
0.615732
0.610235
0.607056
0.606412
0.608372
0.611379
0.614094
72.3599
2.27354
1.63732
1.60539
1.56123
1.5048
1.42224
1.31059
1.08773
0.840102
0.781956
0.791794
0.809385
0.829745
0.846351
0.8606
0.873735
0.887496
0.905723
0.930798
0.957384
0.978157
0.982996
0.973407
0.947249
0.905421
0.807834
0.668038
0.620212
0.619843
0.620175
0.622536
0.620857
0.616034
0.610403
0.605817
0.603151
0.603057
0.60593
0.609921
72.3646
2.25707
1.63792
1.60234
1.54625
1.48817
1.40733
1.30357
1.08722
0.844246
0.788838
0.796586
0.807276
0.823892
0.840142
0.856
0.871954
0.888548
0.908534
0.932075
0.954706
0.969033
0.970658
0.962457
0.936936
0.901197
0.809154
0.668806
0.61465
0.611914
0.613599
0.618886
0.620306
0.616569
0.610339
0.60415
0.600308
0.599882
0.603368
0.608579
72.3664
2.25084
1.63565
1.59471
1.52986
1.46757
1.39054
1.2984
1.09062
0.850637
0.793405
0.795055
0.802967
0.818409
0.835086
0.852432
0.870873
0.889981
0.910925
0.931478
0.948426
0.956393
0.956068
0.950123
0.929603
0.901994
0.814881
0.671823
0.610029
0.601768
0.60621
0.614776
0.618985
0.616404
0.609776
0.602829
0.598834
0.598596
0.602588
0.608688
72.3759
2.24543
1.63134
1.58343
1.5148
1.44642
1.37528
1.29729
1.09783
0.856261
0.795116
0.788676
0.796882
0.813205
0.831462
0.850399
0.870596
0.891338
0.911719
0.928392
0.938877
0.941229
0.940902
0.937894
0.926461
0.905286
0.822282
0.67609
0.605289
0.592048
0.59751
0.60869
0.615338
0.614736
0.608831
0.602197
0.598542
0.59861
0.602963
0.609135
72.4045
2.23683
1.626
1.57282
1.5013
1.42757
1.36418
1.30086
1.10825
0.860174
0.793932
0.779752
0.789486
0.807931
0.828925
0.85006
0.871435
0.892341
0.909997
0.921853
0.926444
0.925834
0.928172
0.928367
0.926116
0.909382
0.82984
0.681413
0.601353
0.584053
0.588017
0.59979
0.609211
0.612067
0.607961
0.602581
0.599378
0.599443
0.603378
0.608635
72.4575
2.22472
1.62037
1.56364
1.48931
1.41377
1.35889
1.30849
1.12005
0.862828
0.791145
0.770193
0.781136
0.801975
0.826742
0.850967
0.873495
0.892944
0.906106
0.912174
0.912725
0.913255
0.920376
0.923664
0.927582
0.912041
0.83522
0.687426
0.598781
0.578386
0.578891
0.589029
0.600295
0.607642
0.607878
0.604094
0.60098
0.600415
0.602797
0.606156
72.53
2.20558
1.6152
1.55513
1.47961
1.4067
1.35964
1.31945
1.13308
0.865503
0.786607
0.760835
0.772233
0.794966
0.823273
0.851479
0.875673
0.892793
0.90081
0.901457
0.900379
0.904653
0.917449
0.924118
0.930107
0.912537
0.838612
0.69404
0.597877
0.57471
0.571196
0.578679
0.589862
0.600936
0.607916
0.606145
0.603181
0.600988
0.600631
0.601938
72.6187
2.17735
1.61099
1.549
1.47385
1.40696
1.36698
1.32991
1.14363
0.86708
0.77967
0.752094
0.76326
0.787174
0.818859
0.850924
0.8767
0.891411
0.89543
0.892209
0.890956
0.900118
0.917897
0.928272
0.933212
0.911567
0.84124
0.700886
0.59841
0.572541
0.56579
0.570845
0.580503
0.592738
0.604057
0.608388
0.605241
0.600907
0.597758
0.597395
72.7198
2.1343
1.60807
1.54581
1.47306
1.41405
1.37803
1.33731
1.14959
0.868326
0.772408
0.744932
0.755176
0.779174
0.81286
0.847995
0.875098
0.888859
0.890138
0.885796
0.886164
0.899418
0.920869
0.933663
0.93538
0.910508
0.844127
0.707625
0.599802
0.572094
0.563158
0.566133
0.573399
0.58466
0.598044
0.607173
0.606178
0.600596
0.595151
0.593984
72.8204
2.07679
1.60427
1.54484
1.4756
1.42684
1.39048
1.34103
1.1521
0.87077
0.767749
0.740872
0.74958
0.772244
0.805905
0.84232
0.870999
0.884116
0.885079
0.882235
0.885169
0.901958
0.92567
0.937217
0.935463
0.909292
0.847284
0.714179
0.602065
0.572808
0.562779
0.564377
0.5689
0.577947
0.590013
0.601191
0.603804
0.598662
0.59337
0.592357
72.8978
2.00302
1.59856
1.54735
1.48408
1.44209
1.4006
1.34118
1.1541
0.875675
0.766019
0.740263
0.747263
0.767836
0.799013
0.833813
0.862786
0.877341
0.881483
0.881722
0.888397
0.907254
0.92969
0.938889
0.933866
0.908599
0.85044
0.720213
0.604632
0.574244
0.564468
0.565793
0.568865
0.573535
0.580902
0.590354
0.596638
0.595846
0.592696
0.592326
72.9763
1.90765
1.59338
1.55296
1.50074
1.45826
1.40725
1.33788
1.1573
0.883863
0.766747
0.742474
0.748599
0.766954
0.793608
0.823833
0.851274
0.868867
0.878324
0.884584
0.896046
0.913845
0.932346
0.938368
0.930715
0.90704
0.852973
0.725221
0.60709
0.57614
0.568055
0.569695
0.57122
0.571566
0.572598
0.577132
0.58513
0.590289
0.59151
0.593807
73.0588
1.7924
1.5901
1.56216
1.52194
1.47402
1.41117
1.33357
1.162
0.895621
0.769826
0.747156
0.752084
0.768414
0.790402
0.814503
0.838397
0.858898
0.875923
0.890501
0.906439
0.921306
0.93265
0.933795
0.926952
0.904908
0.854335
0.728612
0.609221
0.578486
0.572714
0.574794
0.574831
0.571051
0.566716
0.566058
0.571381
0.58102
0.58963
0.59627
73.1332
1.67224
1.588
1.5737
1.54487
1.48874
1.41377
1.32884
1.16701
0.910314
0.775953
0.75414
0.757324
0.771541
0.789053
0.807332
0.826985
0.849263
0.874443
0.898537
0.917756
0.927992
0.931026
0.927376
0.921759
0.901992
0.85493
0.730463
0.610896
0.581278
0.577364
0.579747
0.578521
0.571694
0.563875
0.559167
0.560413
0.5698
0.584245
0.59821
73.1669
1.5868
1.58567
1.58438
1.56583
1.50171
1.41612
1.32457
1.17158
0.92584
0.784468
0.76286
0.763816
0.775843
0.789393
0.802658
0.818593
0.84247
0.874911
0.907829
0.928112
0.933007
0.92726
0.920329
0.915656
0.897649
0.85387
0.729855
0.612002
0.584004
0.580975
0.583246
0.580959
0.572541
0.56269
0.555894
0.553796
0.561311
0.577088
0.596323
73.1483
1.54646
1.58222
1.59099
1.58124
1.51333
1.41895
1.32206
1.17608
0.940306
0.793828
0.771714
0.770738
0.780741
0.791041
0.800315
0.813708
0.839845
0.878177
0.917625
0.936146
0.935486
0.923322
0.913753
0.909424
0.892381
0.851206
0.727541
0.612111
0.586432
0.583246
0.585035
0.582254
0.573406
0.562863
0.555029
0.552276
0.55743
0.570897
0.592079
73.0754
1.56101
1.5819
1.59338
1.58753
1.5176
1.42004
1.32088
1.18104
0.953001
0.803063
0.77995
0.777309
0.78515
0.793142
0.799841
0.812368
0.840978
0.884536
0.927264
0.942715
0.937259
0.920346
0.908873
0.904159
0.886887
0.847421
0.723322
0.61104
0.588235
0.583648
0.584701
0.581845
0.573436
0.563384
0.555944
0.553417
0.558182
0.569624
0.587443
72.9434
1.63799
1.58111
1.5923
1.58513
1.51588
1.4206
1.32314
1.18607
0.959873
0.810065
0.786495
0.782415
0.788814
0.795436
0.801379
0.81445
0.846552
0.8935
0.935656
0.947893
0.93845
0.919436
0.906988
0.900697
0.88163
0.841759
0.71657
0.609168
0.589383
0.582925
0.583169
0.579879
0.572691
0.564402
0.558707
0.557358
0.561929
0.572316
0.586465
72.7573
1.79017
1.58211
1.58802
1.57588
1.51011
1.42101
1.32766
1.19014
0.961821
0.814286
0.791337
0.786102
0.791375
0.798105
0.805645
0.821896
0.856523
0.903653
0.941979
0.952662
0.9414
0.92215
0.909145
0.899798
0.87728
0.833906
0.706836
0.606576
0.590496
0.582479
0.581535
0.577963
0.57232
0.566768
0.563914
0.564746
0.570185
0.579385
0.588679
72.5846
1.96533
1.58633
1.58208
1.56189
1.49972
1.41988
1.33278
1.19305
0.960379
0.816097
0.794219
0.788351
0.793496
0.801718
0.812761
0.83375
0.86937
0.913139
0.945043
0.954925
0.946915
0.929955
0.916231
0.902705
0.87584
0.825272
0.695076
0.604461
0.592189
0.583172
0.580834
0.577496
0.57391
0.571821
0.572437
0.576444
0.583601
0.590394
0.594135
72.4363
2.13923
1.59438
1.57714
1.5467
1.48841
1.4161
1.33577
1.19277
0.953659
0.815553
0.794831
0.7894
0.795865
0.807248
0.823675
0.849229
0.883696
0.920535
0.945925
0.956561
0.955057
0.943088
0.928619
0.910667
0.878921
0.818687
0.684274
0.603959
0.595342
0.586004
0.582698
0.579879
0.57867
0.580434
0.585852
0.594697
0.602288
0.604334
0.603302
72.3258
2.29093
1.60491
1.57654
1.53581
1.47814
1.41055
1.33446
1.18649
0.94081
0.812553
0.793862
0.790269
0.799517
0.815691
0.83813
0.866972
0.898208
0.92649
0.946284
0.958556
0.964256
0.959109
0.945236
0.923983
0.887691
0.815262
0.67629
0.606919
0.59989
0.592174
0.588887
0.586885
0.58834
0.595073
0.606942
0.619338
0.624102
0.621183
0.616321
72.2576
2.4091
1.61634
1.58051
1.53065
1.47013
1.40313
1.32894
1.17328
0.922677
0.806411
0.790465
0.791469
0.805483
0.827193
0.854667
0.88467
0.911582
0.932324
0.947888
0.961299
0.972491
0.974653
0.964958
0.942357
0.902475
0.815521
0.671788
0.613797
0.606871
0.6021
0.600226
0.59965
0.605555
0.617723
0.634799
0.646496
0.646588
0.641161
0.632156
72.1819
2.49515
1.62644
1.58695
1.5292
1.46488
1.396
1.32065
1.15452
0.90107
0.797441
0.786286
0.793578
0.813971
0.840883
0.871114
0.899869
0.922326
0.938287
0.951418
0.96527
0.979501
0.987719
0.985298
0.964493
0.922876
0.819001
0.67088
0.623805
0.61673
0.615583
0.616676
0.619564
0.630147
0.647146
0.664348
0.672641
0.669994
0.66216
0.650771
72.1964
2.55059
1.63418
1.59223
1.52921
1.46205
1.39097
1.31222
1.13345
0.879057
0.78805
0.782965
0.797216
0.824088
0.85485
0.885028
0.911119
0.931336
0.945877
0.95763
0.970373
0.984631
0.997624
1.00307
0.988248
0.947012
0.825217
0.674814
0.635804
0.628786
0.631832
0.637859
0.646547
0.660343
0.678002
0.692011
0.695648
0.692168
0.6834
0.672108
72.1793
2.58095
1.6391
1.59466
1.52957
1.46076
1.3877
1.30434
1.1131
0.859708
0.780006
0.780232
0.801216
0.833882
0.866395
0.894864
0.918839
0.938887
0.953896
0.965635
0.976981
0.989165
1.00418
1.01547
1.00902
0.971119
0.833089
0.682927
0.648493
0.642118
0.649758
0.66263
0.676735
0.691836
0.705394
0.713262
0.714058
0.710388
0.7027
0.69304
72.1885
2.59488
1.64111
1.59476
1.52895
1.45926
1.38448
1.29666
1.09541
0.845156
0.774816
0.779266
0.80522
0.841125
0.873651
0.900571
0.923572
0.944033
0.960535
0.973607
0.984881
0.99492
1.00838
1.02158
1.02347
0.986589
0.839463
0.692573
0.660905
0.656752
0.668599
0.687693
0.706011
0.71944
0.725976
0.727512
0.725845
0.721992
0.716762
0.710314
72.1939
2.59523
1.64116
1.59344
1.52709
1.45651
1.37998
1.28895
1.08099
0.835682
0.77353
0.780553
0.808566
0.84469
0.876914
0.90349
0.926042
0.946768
0.965313
0.980955
0.993823
1.00343
1.0137
1.02432
1.02593
0.988616
0.841432
0.702545
0.673314
0.671196
0.686929
0.709222
0.728254
0.738487
0.738677
0.735528
0.73064
0.726503
0.72366
0.720796
72.1661
2.58569
1.64098
1.59186
1.52438
1.45265
1.37392
1.27973
1.06892
0.830873
0.775622
0.784207
0.81068
0.845391
0.877418
0.903996
0.926484
0.946874
0.966229
0.984664
1.00105
1.01272
1.02141
1.02488
1.0181
0.977389
0.834954
0.708573
0.687362
0.688074
0.704178
0.725149
0.74083
0.745398
0.743556
0.738109
0.731644
0.727128
0.725457
0.725551
72.1443
2.57162
1.64124
1.59067
1.52148
1.44909
1.36805
1.27072
1.06018
0.83008
0.779364
0.788005
0.811581
0.844538
0.876396
0.903562
0.926091
0.946056
0.965425
0.985681
1.00533
1.02061
1.02965
1.02727
1.00726
0.958538
0.823102
0.711439
0.69748
0.706127
0.719976
0.734767
0.743151
0.745502
0.74348
0.737571
0.730687
0.726153
0.724762
0.726694
72.106
2.56371
1.64126
1.59031
1.5189
1.44584
1.36218
1.26239
1.05386
0.829922
0.781463
0.791025
0.813218
0.844392
0.875306
0.902627
0.92567
0.94495
0.963772
0.985328
1.00679
1.02456
1.03382
1.02999
1.00275
0.944315
0.810549
0.711302
0.702292
0.717442
0.731753
0.740947
0.744076
0.743964
0.741127
0.735153
0.728124
0.723507
0.722129
0.725034
0.668895
0.669459
0.674855
0.684904
0.700174
0.722473
0.737128
0.729417
0.676322
0.565028
0.507413
0.49439
0.495368
0.503033
0.51447
0.526814
0.539613
0.552418
0.560486
0.565344
0.56833
0.5724
0.579072
0.588191
0.597752
0.605624
0.611459
0.618015
0.628528
0.640405
0.64225
0.635722
0.594614
0.533136
0.518522
0.525988
0.541931
0.561554
0.576925
0.586518
0.590815
0.59381
0.598514
0.605801
0.615055
0.624572
0.633903
0.643464
0.654226
0.667322
0.678288
0.680151
0.672168
0.653958
0.611498
0.592401
0.595108
0.607458
0.619011
0.627211
0.629127
0.626471
0.624515
0.627102
0.635764
0.653887
0.675715
0.698491
0.722513
0.748938
0.776099
0.78987
0.790464
0.766484
0.698902
0.621388
0.592172
0.58739
0.588511
0.598749
0.668189
0.670041
0.677177
0.686006
0.697824
0.712785
0.717105
0.706414
0.651341
0.549168
0.50658
0.496957
0.50023
0.508716
0.519647
0.532472
0.545225
0.556267
0.563076
0.567074
0.570638
0.575742
0.58328
0.592927
0.602316
0.609666
0.615279
0.621865
0.631561
0.642707
0.639979
0.627585
0.579719
0.529391
0.521805
0.530525
0.546342
0.564696
0.578787
0.587754
0.5926
0.596353
0.601846
0.609998
0.619875
0.629707
0.63932
0.648906
0.659541
0.671355
0.679983
0.679422
0.669262
0.648941
0.606148
0.5866
0.590056
0.602412
0.61341
0.62043
0.623795
0.625914
0.627926
0.6322
0.643345
0.6585
0.676182
0.697532
0.720887
0.748385
0.775386
0.78642
0.777939
0.748755
0.683572
0.616823
0.595336
0.591527
0.594184
0.604091
0.666665
0.66859
0.673423
0.679482
0.690621
0.705713
0.707338
0.696623
0.640656
0.544487
0.508208
0.501599
0.506861
0.516507
0.527134
0.537891
0.548367
0.556017
0.562152
0.567315
0.57267
0.57906
0.587175
0.596115
0.603679
0.608881
0.613553
0.622024
0.635539
0.646298
0.644252
0.6292
0.57123
0.526471
0.524018
0.532711
0.547838
0.564689
0.578165
0.587722
0.593715
0.598603
0.604658
0.612766
0.622703
0.633334
0.643542
0.652803
0.661905
0.672666
0.681508
0.681452
0.67513
0.651638
0.60156
0.57918
0.581472
0.590348
0.601846
0.612193
0.619439
0.62548
0.631985
0.64071
0.649395
0.658371
0.671078
0.689229
0.713166
0.740708
0.766522
0.775318
0.76722
0.738444
0.67833
0.617999
0.600324
0.596368
0.598622
0.608616
0.663387
0.663961
0.665651
0.669151
0.678001
0.690338
0.689697
0.678608
0.628264
0.542737
0.511954
0.510108
0.5163
0.526728
0.53633
0.544045
0.550285
0.556489
0.56348
0.570903
0.578291
0.585583
0.593035
0.599766
0.605431
0.609923
0.615446
0.627632
0.64484
0.651352
0.652562
0.627167
0.561775
0.525973
0.526942
0.535037
0.549437
0.565175
0.578139
0.58847
0.596246
0.602147
0.609446
0.61814
0.628159
0.638868
0.648511
0.656129
0.663928
0.674228
0.68398
0.686177
0.681078
0.649667
0.596167
0.573417
0.57172
0.577442
0.589205
0.603664
0.616122
0.627531
0.639391
0.648801
0.654302
0.658322
0.665289
0.679244
0.699313
0.72442
0.745742
0.754972
0.750868
0.726558
0.67484
0.621755
0.605808
0.602194
0.604273
0.614338
0.656141
0.654943
0.654486
0.656261
0.662763
0.672086
0.670676
0.660886
0.62038
0.543738
0.515925
0.519254
0.527921
0.538275
0.545541
0.54923
0.552155
0.557631
0.565943
0.575725
0.585073
0.593106
0.599157
0.603184
0.606986
0.611569
0.620004
0.635941
0.65636
0.662376
0.660622
0.622768
0.553846
0.527856
0.529562
0.538192
0.552109
0.565993
0.577863
0.588801
0.598906
0.606882
0.614889
0.624122
0.633879
0.643536
0.651233
0.657238
0.664906
0.67641
0.687032
0.692395
0.683928
0.642754
0.588593
0.568113
0.563726
0.568816
0.581396
0.59785
0.614604
0.630081
0.643002
0.650486
0.655268
0.658072
0.661926
0.667525
0.676333
0.692363
0.711025
0.726301
0.733316
0.716629
0.671184
0.624796
0.611798
0.60918
0.610808
0.620866
0.644649
0.642287
0.641437
0.643246
0.648474
0.654535
0.652859
0.642523
0.611253
0.54464
0.519701
0.523982
0.538949
0.549303
0.553559
0.554106
0.555246
0.560408
0.570094
0.582108
0.592827
0.600526
0.60471
0.606726
0.609936
0.616657
0.630152
0.649653
0.670958
0.677407
0.665427
0.615356
0.548751
0.532508
0.534073
0.542496
0.555085
0.567121
0.577592
0.588687
0.600765
0.612316
0.620959
0.630035
0.638748
0.646489
0.65227
0.658071
0.667469
0.680949
0.691219
0.696611
0.68274
0.633063
0.580747
0.564311
0.559652
0.566013
0.580753
0.598829
0.617152
0.631574
0.640451
0.647865
0.653296
0.657558
0.660874
0.660385
0.658898
0.662739
0.672711
0.687017
0.702167
0.701916
0.664406
0.624484
0.614256
0.612729
0.616038
0.626356
0.631929
0.629891
0.629655
0.632366
0.637928
0.643239
0.642342
0.63069
0.602833
0.541099
0.519692
0.526632
0.543827
0.555588
0.560421
0.560075
0.560524
0.565756
0.576215
0.589457
0.600396
0.60622
0.608927
0.611071
0.615866
0.626318
0.64459
0.669202
0.686678
0.690464
0.667828
0.607404
0.547806
0.538565
0.540677
0.548071
0.558699
0.568651
0.577705
0.588367
0.601858
0.616143
0.627235
0.635166
0.641653
0.647271
0.652639
0.660197
0.672329
0.687245
0.694896
0.697567
0.678079
0.623556
0.574806
0.562441
0.55986
0.569253
0.585616
0.605755
0.621872
0.633368
0.638988
0.644127
0.650921
0.657303
0.66019
0.65659
0.651926
0.651948
0.656621
0.663589
0.671876
0.677062
0.650271
0.62038
0.611799
0.611905
0.617524
0.628329
0.621627
0.621048
0.621935
0.625086
0.630996
0.63643
0.637006
0.627023
0.600235
0.537578
0.514249
0.524135
0.542833
0.556765
0.564441
0.566938
0.568454
0.573995
0.584207
0.596716
0.60672
0.611701
0.614207
0.617977
0.626627
0.642043
0.665445
0.691359
0.701934
0.698022
0.668365
0.600593
0.551226
0.546316
0.548937
0.555007
0.563233
0.570736
0.578451
0.588406
0.601931
0.617867
0.632187
0.639695
0.644186
0.648202
0.654003
0.664099
0.678744
0.694066
0.697363
0.694892
0.670756
0.6147
0.57213
0.564259
0.565025
0.576673
0.594904
0.612783
0.626379
0.63339
0.63751
0.642282
0.649595
0.65623
0.658275
0.653157
0.648569
0.648419
0.653683
0.659662
0.660877
0.651187
0.621861
0.60341
0.602509
0.607051
0.615073
0.625792
0.615649
0.616309
0.617508
0.620406
0.625654
0.632402
0.634731
0.627785
0.604035
0.540988
0.508845
0.515331
0.534019
0.552253
0.564195
0.571487
0.577019
0.583274
0.592516
0.602818
0.611633
0.618029
0.623132
0.630402
0.64371
0.664618
0.687515
0.708013
0.71293
0.701244
0.667688
0.59722
0.558527
0.556156
0.558147
0.563101
0.56918
0.574304
0.580036
0.58877
0.601498
0.617642
0.63296
0.641906
0.646091
0.65013
0.657065
0.668905
0.684898
0.6994
0.699681
0.690722
0.663589
0.607702
0.573253
0.570073
0.575247
0.588444
0.604516
0.617697
0.625999
0.631993
0.636861
0.642463
0.648078
0.653274
0.654062
0.650519
0.648446
0.650937
0.65703
0.661054
0.658903
0.642535
0.60273
0.57655
0.581838
0.594306
0.607094
0.618748
0.612906
0.61453
0.61517
0.616891
0.621839
0.630522
0.634882
0.632023
0.612484
0.549689
0.507941
0.508067
0.519852
0.540032
0.559976
0.573523
0.582275
0.590194
0.598468
0.606897
0.615759
0.625046
0.635292
0.648227
0.666019
0.687041
0.706063
0.716351
0.71678
0.703423
0.666063
0.597919
0.567829
0.566961
0.568241
0.572348
0.576869
0.580294
0.58362
0.590143
0.600878
0.615079
0.630233
0.641145
0.646538
0.652047
0.660571
0.673156
0.689536
0.702474
0.700938
0.688231
0.657464
0.601914
0.578309
0.579942
0.58874
0.60056
0.610547
0.617667
0.622774
0.629009
0.635756
0.641297
0.645624
0.647565
0.647798
0.648837
0.650824
0.656248
0.66241
0.663482
0.658116
0.636747
0.592918
0.563634
0.563785
0.573458
0.587528
0.600027
0.612377
0.614243
0.613944
0.614497
0.619276
0.629933
0.636243
0.639261
0.622481
0.560639
0.511557
0.505868
0.509776
0.525277
0.548113
0.569701
0.584483
0.59368
0.600575
0.608032
0.618093
0.632895
0.651376
0.669641
0.686508
0.703497
0.715787
0.71767
0.713461
0.701864
0.664314
0.601961
0.576409
0.575726
0.575895
0.580122
0.584966
0.58832
0.590055
0.593149
0.600144
0.610755
0.624516
0.637482
0.646433
0.652876
0.662408
0.675288
0.691495
0.702487
0.700148
0.687086
0.652051
0.596976
0.583173
0.589868
0.600715
0.608346
0.611914
0.613883
0.616509
0.622806
0.632043
0.638642
0.640951
0.64111
0.641977
0.647351
0.655589
0.663691
0.668618
0.666722
0.657323
0.633174
0.587693
0.558196
0.558126
0.563828
0.573509
0.585365
0.612752
0.613774
0.612604
0.612616
0.617799
0.630259
0.639476
0.647765
0.631722
0.570533
0.516264
0.50551
0.506855
0.51789
0.535654
0.558059
0.579316
0.593053
0.600776
0.609062
0.623226
0.64406
0.666675
0.685899
0.700111
0.710657
0.71513
0.713786
0.706025
0.696108
0.662809
0.608514
0.583382
0.581574
0.581709
0.5862
0.591517
0.595159
0.596824
0.598009
0.600954
0.607212
0.617408
0.630599
0.643078
0.652412
0.661577
0.674124
0.690187
0.700854
0.699364
0.684301
0.64549
0.594671
0.58952
0.596723
0.604479
0.60802
0.608167
0.607525
0.608531
0.615417
0.625216
0.632476
0.634605
0.63516
0.638469
0.646376
0.659018
0.670653
0.675709
0.670564
0.657072
0.630997
0.585505
0.558383
0.557542
0.562547
0.57235
0.584155
0.612546
0.612446
0.610996
0.611545
0.617675
0.631551
0.643956
0.655128
0.638854
0.578238
0.521085
0.507795
0.507519
0.517166
0.531698
0.548672
0.568216
0.586775
0.600667
0.613395
0.630678
0.653157
0.675394
0.693522
0.704984
0.708787
0.707626
0.704071
0.698965
0.689323
0.663239
0.615594
0.588461
0.584223
0.585182
0.591091
0.598833
0.6048
0.607381
0.607256
0.605946
0.60664
0.612082
0.623084
0.637125
0.649137
0.65899
0.671155
0.68718
0.696753
0.694553
0.680423
0.638346
0.594057
0.589622
0.594961
0.599437
0.601528
0.601846
0.600439
0.600799
0.606029
0.61479
0.623282
0.628938
0.63259
0.637549
0.646498
0.659482
0.672246
0.679127
0.673145
0.658155
0.630946
0.585898
0.561522
0.561295
0.565634
0.574435
0.586941
0.610811
0.610319
0.609856
0.611722
0.619442
0.634731
0.648915
0.659659
0.642902
0.58472
0.526267
0.512158
0.510671
0.519363
0.533101
0.547367
0.56182
0.578361
0.597076
0.616577
0.636424
0.657337
0.67648
0.69153
0.69859
0.698337
0.695873
0.694046
0.69314
0.686402
0.665146
0.621069
0.590643
0.584294
0.585288
0.593319
0.605113
0.615379
0.620365
0.620587
0.617189
0.612798
0.61145
0.617301
0.630008
0.643546
0.654609
0.666844
0.680652
0.690272
0.68871
0.67406
0.629448
0.589632
0.582228
0.584547
0.588724
0.592865
0.595242
0.595816
0.596845
0.600614
0.607375
0.615665
0.625063
0.633541
0.639609
0.647068
0.65752
0.669532
0.677472
0.673599
0.661044
0.633098
0.588436
0.56651
0.566712
0.570756
0.578321
0.59071
0.607694
0.608185
0.609875
0.613935
0.623707
0.640056
0.653236
0.660683
0.643801
0.589935
0.531422
0.517573
0.516727
0.524936
0.537642
0.550421
0.562376
0.576288
0.595186
0.61746
0.638495
0.655911
0.670384
0.680035
0.683914
0.684393
0.684212
0.686466
0.689077
0.685931
0.667173
0.624227
0.590872
0.582861
0.583968
0.593897
0.608776
0.622076
0.629167
0.630418
0.627955
0.624209
0.619718
0.618654
0.624626
0.637332
0.650764
0.662459
0.674045
0.680819
0.680148
0.665586
0.620322
0.581305
0.571737
0.570865
0.576029
0.584712
0.591453
0.594483
0.596408
0.598564
0.60324
0.611421
0.623016
0.634756
0.642365
0.646817
0.653482
0.663141
0.672346
0.672223
0.664257
0.636756
0.593112
0.57271
0.572459
0.575852
0.582817
0.595098
0.604296
0.606934
0.611511
0.618169
0.6299
0.646279
0.656426
0.658091
0.643102
0.593788
0.536289
0.523845
0.525025
0.533497
0.545409
0.55678
0.567032
0.579689
0.597321
0.617664
0.636342
0.649866
0.658715
0.663637
0.665798
0.666764
0.671878
0.681386
0.687928
0.686027
0.667082
0.624998
0.5902
0.581871
0.583367
0.593985
0.609266
0.622917
0.630766
0.632765
0.631749
0.630266
0.62996
0.628495
0.629125
0.636195
0.647884
0.660099
0.670439
0.673651
0.671799
0.659039
0.613074
0.57471
0.564436
0.56148
0.567817
0.579727
0.591151
0.596927
0.598221
0.598933
0.602346
0.610067
0.622136
0.635384
0.643339
0.645294
0.647532
0.655574
0.665069
0.667366
0.664593
0.639977
0.598237
0.579207
0.577969
0.580112
0.58674
0.599299
0.601019
0.607229
0.615149
0.62438
0.636935
0.651382
0.658558
0.654447
0.642305
0.59685
0.541281
0.530588
0.534762
0.544021
0.555692
0.565917
0.575592
0.587252
0.601641
0.617563
0.632082
0.641703
0.645817
0.647037
0.647362
0.651533
0.664479
0.678539
0.686225
0.684774
0.666683
0.625944
0.590982
0.583607
0.585054
0.594439
0.608136
0.62056
0.628629
0.631792
0.631909
0.631993
0.634731
0.638349
0.641655
0.64719
0.655959
0.664911
0.672391
0.674821
0.670789
0.65401
0.607128
0.570934
0.559985
0.557351
0.564835
0.578318
0.592624
0.601518
0.602726
0.602741
0.604691
0.610503
0.62124
0.63271
0.640477
0.641891
0.643783
0.651177
0.659672
0.662862
0.663629
0.641181
0.601541
0.58446
0.582962
0.584471
0.591039
0.6041
0.598917
0.608431
0.620238
0.632207
0.64389
0.65395
0.658039
0.653182
0.642302
0.600414
0.547262
0.537309
0.544471
0.554469
0.566278
0.576346
0.585527
0.595769
0.606632
0.617425
0.626469
0.63213
0.634698
0.634291
0.636952
0.646361
0.660951
0.67615
0.682064
0.679144
0.662588
0.623872
0.590252
0.584941
0.588195
0.596493
0.607942
0.618556
0.626267
0.62995
0.630867
0.632829
0.637761
0.644602
0.652953
0.662718
0.674987
0.684186
0.687669
0.685084
0.674227
0.649291
0.601822
0.569337
0.559993
0.558201
0.566175
0.579396
0.594198
0.604741
0.608529
0.609012
0.609537
0.61304
0.619331
0.626931
0.634123
0.638826
0.643456
0.651152
0.657796
0.660467
0.661073
0.639563
0.60173
0.58694
0.586898
0.589586
0.597108
0.610796
0.598526
0.610633
0.625644
0.639798
0.648623
0.65443
0.657158
0.653679
0.644548
0.605497
0.55523
0.545278
0.552812
0.562647
0.574814
0.585524
0.59446
0.602275
0.608731
0.613926
0.618084
0.621938
0.624393
0.628572
0.636173
0.646539
0.658136
0.67077
0.675086
0.669012
0.654423
0.618868
0.589125
0.585215
0.591072
0.597526
0.605951
0.613474
0.618362
0.622321
0.62658
0.631865
0.640133
0.650707
0.661071
0.672417
0.686242
0.700533
0.709763
0.706839
0.683057
0.646842
0.598949
0.570783
0.563465
0.562528
0.569829
0.581799
0.59465
0.605377
0.612826
0.615844
0.616027
0.6161
0.617995
0.620684
0.626587
0.63493
0.644621
0.65549
0.660906
0.662146
0.660231
0.636043
0.599783
0.587074
0.588444
0.592902
0.601468
0.61572
0.599335
0.613345
0.630554
0.644693
0.650368
0.654078
0.65717
0.656056
0.648747
0.613013
0.564317
0.552366
0.558542
0.568386
0.581584
0.593072
0.601209
0.605521
0.606528
0.606165
0.607348
0.610665
0.616641
0.628125
0.638635
0.648074
0.656614
0.663402
0.663908
0.657628
0.644813
0.61212
0.58613
0.58363
0.591031
0.597486
0.602537
0.606034
0.609503
0.615524
0.624022
0.633612
0.644428
0.656107
0.667383
0.677563
0.68985
0.70568
0.718946
0.723096
0.701171
0.651458
0.600858
0.574839
0.569128
0.568776
0.574361
0.583794
0.594088
0.605141
0.616294
0.622276
0.622065
0.618795
0.615591
0.615468
0.620697
0.631398
0.645353
0.659604
0.666585
0.666444
0.659414
0.632327
0.597005
0.587621
0.590833
0.596664
0.605337
0.619579
0.601824
0.616828
0.633652
0.64629
0.650712
0.654314
0.659104
0.659377
0.655055
0.620643
0.570076
0.556701
0.561808
0.572539
0.587042
0.598701
0.604188
0.603888
0.599884
0.596349
0.595586
0.600443
0.612359
0.629207
0.641195
0.649362
0.652313
0.652288
0.653243
0.647237
0.635324
0.604371
0.580093
0.578208
0.585805
0.591859
0.596096
0.598915
0.603504
0.612643
0.625382
0.638915
0.650871
0.660275
0.6688
0.678553
0.689841
0.703416
0.717351
0.725856
0.711483
0.66731
0.609139
0.581092
0.575886
0.575338
0.578442
0.585046
0.593909
0.605132
0.61787
0.625709
0.625713
0.620772
0.615052
0.613632
0.618477
0.629837
0.647152
0.664177
0.672212
0.672049
0.66
0.630651
0.595971
0.589526
0.593292
0.598591
0.606511
0.620501
0.605572
0.619474
0.633917
0.644646
0.649993
0.655667
0.662966
0.664351
0.661096
0.624684
0.571313
0.558062
0.562975
0.575209
0.590283
0.600459
0.602248
0.597857
0.590979
0.586475
0.586367
0.594071
0.610855
0.628987
0.642219
0.647278
0.647505
0.644974
0.645842
0.64012
0.629173
0.598684
0.572453
0.569561
0.575261
0.581618
0.588818
0.594949
0.602689
0.614697
0.63031
0.646625
0.657615
0.663679
0.669952
0.676591
0.685849
0.699715
0.71023
0.718452
0.713287
0.682698
0.625566
0.589159
0.582933
0.580778
0.581945
0.586993
0.595343
0.606306
0.616891
0.623665
0.625134
0.621507
0.617039
0.615876
0.620433
0.632123
0.649741
0.66634
0.674264
0.675226
0.662678
0.632269
0.5985
0.591768
0.593558
0.597458
0.604829
0.618325
0.609688
0.621387
0.632612
0.641727
0.64886
0.657584
0.667535
0.669051
0.663975
0.625265
0.569651
0.55688
0.562565
0.575775
0.590006
0.597133
0.59587
0.589442
0.582599
0.579311
0.582419
0.592971
0.610014
0.62592
0.638373
0.641769
0.642786
0.641791
0.642668
0.637417
0.627135
0.595806
0.565649
0.560172
0.5621
0.568895
0.580172
0.592439
0.604575
0.619074
0.637229
0.653942
0.663161
0.667848
0.672737
0.676294
0.682355
0.691562
0.700275
0.706228
0.708396
0.691767
0.643756
0.600226
0.588824
0.585166
0.585985
0.590705
0.598566
0.607264
0.614003
0.618123
0.62038
0.621069
0.621345
0.622066
0.627061
0.637423
0.652663
0.666901
0.673511
0.676198
0.666513
0.636241
0.602132
0.593583
0.593328
0.59623
0.601967
0.613958
0.611641
0.62193
0.630483
0.63896
0.648044
0.659329
0.670779
0.672385
0.663919
0.623144
0.56646
0.554846
0.561596
0.573979
0.585114
0.589134
0.586464
0.580512
0.576462
0.576545
0.58251
0.594596
0.608635
0.620686
0.628417
0.634063
0.639093
0.642721
0.64371
0.638926
0.62892
0.594628
0.559262
0.551409
0.55016
0.557473
0.572202
0.590076
0.60748
0.624959
0.641826
0.656187
0.665462
0.671636
0.676838
0.678467
0.681012
0.683857
0.687383
0.69348
0.698071
0.694496
0.658618
0.611459
0.593771
0.589737
0.591206
0.596077
0.602732
0.60735
0.608942
0.61043
0.614023
0.62038
0.62688
0.631651
0.636705
0.644512
0.656076
0.667458
0.672841
0.67688
0.6694
0.639331
0.605371
0.594182
0.591081
0.591347
0.593623
0.603598
0.609976
0.620954
0.628167
0.636281
0.647032
0.660251
0.67146
0.672695
0.660827
0.617987
0.562626
0.553139
0.559428
0.568206
0.57601
0.578069
0.575905
0.57372
0.574128
0.578261
0.586604
0.597217
0.606183
0.61156
0.618076
0.626426
0.63688
0.64543
0.647653
0.642729
0.63185
0.593583
0.554181
0.544098
0.541778
0.550209
0.566824
0.588907
0.610767
0.628424
0.641604
0.65261
0.663018
0.673486
0.681701
0.683674
0.68179
0.678027
0.676708
0.681495
0.685495
0.691994
0.667696
0.622203
0.599757
0.595111
0.59726
0.602237
0.605538
0.604982
0.603637
0.604017
0.608713
0.61869
0.631109
0.64119
0.646686
0.65217
0.661434
0.66921
0.674193
0.677451
0.668982
0.638989
0.605782
0.59231
0.585902
0.583989
0.585603
0.594865
0.605683
0.617561
0.625306
0.633668
0.645184
0.659477
0.669191
0.668747
0.655322
0.611297
0.55923
0.551078
0.555194
0.560203
0.564918
0.565998
0.566269
0.569428
0.575383
0.583463
0.592411
0.599109
0.601354
0.603535
0.609468
0.619587
0.634761
0.648819
0.652666
0.647734
0.633659
0.592404
0.551154
0.539951
0.538819
0.549558
0.568164
0.590886
0.610742
0.623969
0.634117
0.643598
0.658226
0.675035
0.686885
0.689698
0.6838
0.67499
0.670693
0.672647
0.67766
0.684957
0.670001
0.631127
0.605946
0.601911
0.603347
0.606981
0.606413
0.603013
0.60033
0.600677
0.606238
0.617938
0.634006
0.647105
0.654183
0.659239
0.667074
0.671919
0.674896
0.676047
0.665656
0.63489
0.600469
0.585551
0.579522
0.579151
0.582124
0.591507
0.600065
0.611653
0.621312
0.630178
0.641668
0.65648
0.665215
0.665016
0.65127
0.605259
0.556215
0.548507
0.549118
0.551358
0.55395
0.55552
0.559542
0.567772
0.578586
0.590068
0.597941
0.598718
0.597908
0.597751
0.602257
0.613179
0.63183
0.650431
0.658615
0.654018
0.634711
0.591928
0.550533
0.539416
0.54157
0.554883
0.575224
0.594449
0.608338
0.616287
0.622209
0.632686
0.649666
0.668191
0.685251
0.691249
0.685223
0.675123
0.669013
0.669369
0.673309
0.675913
0.666724
0.635156
0.612085
0.608623
0.608223
0.60831
0.606159
0.602124
0.599351
0.600185
0.606505
0.618701
0.634191
0.647514
0.658087
0.666685
0.674331
0.675518
0.676429
0.674077
0.658111
0.624164
0.590894
0.57859
0.576437
0.578917
0.583536
0.593432
0.596973
0.605545
0.615409
0.625204
0.636855
0.651767
0.660628
0.663216
0.649379
0.600086
0.55227
0.544966
0.541299
0.542628
0.54515
0.548201
0.55605
0.567378
0.582589
0.595879
0.601166
0.599416
0.596566
0.595115
0.597698
0.607332
0.626791
0.648546
0.660998
0.661022
0.636432
0.593686
0.552417
0.543676
0.549622
0.56512
0.583921
0.597548
0.603192
0.607097
0.612059
0.622325
0.638793
0.659272
0.676934
0.683695
0.683344
0.675577
0.670629
0.670281
0.672125
0.668653
0.660946
0.63487
0.616837
0.613791
0.610292
0.607764
0.605102
0.602941
0.601209
0.602929
0.609579
0.620391
0.632741
0.6448
0.658065
0.670123
0.679234
0.680002
0.676179
0.666019
0.645101
0.612057
0.583119
0.574563
0.574935
0.579535
0.585771
0.59639
0.597713
0.602467
0.610052
0.619486
0.631929
0.646963
0.657184
0.663806
0.648066
0.594062
0.548208
0.537984
0.534232
0.535824
0.539297
0.544941
0.554899
0.56859
0.585588
0.599303
0.602749
0.600833
0.597308
0.595476
0.596493
0.603988
0.621019
0.643298
0.659995
0.664373
0.639866
0.59882
0.557358
0.552834
0.561954
0.576983
0.58969
0.594958
0.598166
0.601548
0.60793
0.617323
0.628325
0.641879
0.657738
0.668251
0.673116
0.67385
0.673037
0.673516
0.673763
0.666097
0.657925
0.632654
0.618517
0.615544
0.611498
0.606579
0.603815
0.60377
0.605873
0.608663
0.614543
0.62176
0.629638
0.641023
0.65563
0.67004
0.679733
0.680797
0.672198
0.654178
0.633967
0.604985
0.579872
0.572566
0.575237
0.584122
0.595277
0.608559
0.60278
0.603918
0.60836
0.616249
0.62873
0.643871
0.656701
0.665471
0.645698
0.586289
0.543686
0.531304
0.528461
0.531446
0.536936
0.544901
0.555901
0.571172
0.586667
0.598517
0.602055
0.601748
0.599596
0.597508
0.597265
0.602442
0.615779
0.636484
0.655407
0.663861
0.645424
0.607095
0.567177
0.565142
0.574473
0.584645
0.59053
0.593083
0.595285
0.59996
0.608213
0.616008
0.622997
0.625341
0.629666
0.642425
0.656078
0.666541
0.674279
0.678165
0.677281
0.668171
0.658153
0.630838
0.616058
0.612871
0.610303
0.60694
0.605677
0.607112
0.610728
0.615915
0.620343
0.623086
0.628606
0.639104
0.652621
0.666492
0.673919
0.67205
0.662069
0.64541
0.62782
0.602705
0.580815
0.575951
0.583071
0.595512
0.607188
0.621028
0.612025
0.610296
0.611522
0.617248
0.629333
0.643635
0.657965
0.666186
0.641231
0.577562
0.539152
0.525938
0.52437
0.529335
0.537194
0.546762
0.559029
0.573563
0.586651
0.594586
0.599302
0.601761
0.60195
0.60073
0.599653
0.602427
0.612207
0.629679
0.648037
0.661632
0.653784
0.619471
0.581799
0.57649
0.582826
0.586474
0.590572
0.592028
0.594973
0.60189
0.610403
0.618743
0.621268
0.616415
0.611816
0.617086
0.633471
0.654468
0.670018
0.681051
0.681161
0.673554
0.661497
0.630396
0.609652
0.608332
0.609958
0.61118
0.61225
0.614556
0.619063
0.623516
0.626204
0.62761
0.631856
0.639907
0.650134
0.658601
0.661659
0.660972
0.654902
0.644018
0.628827
0.607177
0.588848
0.58985
0.596184
0.604166
0.611753
0.624451
0.625164
0.621512
0.620503
0.62394
0.63508
0.648208
0.661779
0.666527
0.633655
0.566492
0.533809
0.521803
0.522291
0.52929
0.539275
0.550411
0.562904
0.57519
0.583498
0.589309
0.594754
0.599768
0.603158
0.604099
0.603493
0.604225
0.610536
0.624399
0.640936
0.658039
0.661461
0.633949
0.595523
0.586263
0.584512
0.586983
0.589973
0.59256
0.59752
0.604507
0.613491
0.621422
0.620095
0.611887
0.60485
0.60464
0.614113
0.636229
0.659908
0.677196
0.682691
0.681064
0.666967
0.632349
0.604742
0.60353
0.609855
0.618224
0.624776
0.628324
0.631169
0.631864
0.631885
0.634181
0.638497
0.642573
0.645647
0.646266
0.64808
0.651249
0.650851
0.647711
0.636498
0.622279
0.60707
0.601957
0.602693
0.606622
0.612197
0.624301
0.64201
0.637099
0.63541
0.637454
0.646886
0.657256
0.66877
0.665483
0.622149
0.552652
0.527426
0.518121
0.521835
0.531173
0.542934
0.554929
0.566341
0.574349
0.57876
0.583513
0.589277
0.596045
0.602778
0.60717
0.607962
0.60761
0.611658
0.623072
0.639007
0.65759
0.67131
0.645676
0.604839
0.593312
0.586433
0.586797
0.590204
0.595592
0.59996
0.606512
0.616371
0.621261
0.618476
0.609627
0.603509
0.602484
0.607756
0.621496
0.644138
0.669127
0.684216
0.68759
0.671352
0.635382
0.604038
0.600461
0.612182
0.631083
0.643656
0.647745
0.645324
0.641896
0.64057
0.641746
0.643562
0.642876
0.638864
0.636306
0.638991
0.64369
0.650715
0.656285
0.656635
0.644334
0.6221
0.610709
0.608214
0.608413
0.610989
0.621746
0.662509
0.656669
0.654862
0.656635
0.664211
0.66996
0.676972
0.663351
0.607431
0.537809
0.520302
0.515273
0.522442
0.534341
0.547273
0.559238
0.568368
0.571654
0.574377
0.57808
0.583722
0.591453
0.600346
0.607885
0.611827
0.612615
0.617153
0.628526
0.644286
0.663873
0.679309
0.651151
0.60717
0.595191
0.58655
0.586645
0.591102
0.596553
0.602336
0.610012
0.616263
0.617401
0.615409
0.610728
0.60653
0.605269
0.608599
0.617267
0.634721
0.660094
0.681191
0.690706
0.674882
0.638202
0.60536
0.601374
0.616436
0.641086
0.659592
0.664203
0.660093
0.65362
0.648769
0.647034
0.644483
0.639352
0.634368
0.633068
0.635487
0.644031
0.662159
0.678562
0.678906
0.659844
0.633999
0.61745
0.610049
0.608984
0.611349
0.621698
0.684156
0.678613
0.676934
0.678868
0.684686
0.686307
0.685559
0.660982
0.591096
0.524621
0.51347
0.513678
0.523911
0.538362
0.551697
0.562883
0.568601
0.570249
0.571512
0.574439
0.579819
0.587724
0.597746
0.607955
0.616227
0.621054
0.628155
0.641538
0.659798
0.67582
0.683482
0.651531
0.604169
0.592952
0.585319
0.587083
0.591183
0.598142
0.604929
0.610031
0.611361
0.611861
0.612434
0.613381
0.612632
0.611463
0.612096
0.618725
0.635051
0.657901
0.676941
0.687555
0.674135
0.640743
0.608947
0.605899
0.618438
0.642172
0.664398
0.673684
0.673187
0.66553
0.658279
0.650264
0.641714
0.63572
0.634042
0.633922
0.641081
0.661086
0.682678
0.691743
0.687364
0.667168
0.640759
0.62351
0.615645
0.613965
0.616369
0.626754
0.704042
0.699823
0.69838
0.700381
0.70456
0.703632
0.693372
0.656828
0.573623
0.514946
0.508367
0.512749
0.525788
0.541519
0.554761
0.564165
0.567735
0.569438
0.570696
0.573376
0.578532
0.586489
0.59761
0.610286
0.622269
0.632198
0.645314
0.664567
0.682554
0.68971
0.683118
0.644011
0.59523
0.586882
0.583951
0.586345
0.591869
0.598105
0.603877
0.605659
0.604761
0.604783
0.608818
0.614662
0.619309
0.619248
0.618957
0.624369
0.639824
0.659678
0.674593
0.681318
0.66963
0.641018
0.612184
0.609359
0.616694
0.633507
0.656245
0.673561
0.678995
0.675008
0.664149
0.650358
0.63935
0.635588
0.636647
0.646194
0.664988
0.681693
0.69107
0.693128
0.687576
0.670204
0.645466
0.629636
0.624014
0.624391
0.627783
0.63858
0.718459
0.716949
0.716587
0.718484
0.721411
0.718702
0.699362
0.650642
0.556692
0.507841
0.505894
0.512949
0.52814
0.544247
0.555847
0.562298
0.565428
0.568234
0.570984
0.574936
0.581291
0.590783
0.60284
0.617879
0.635525
0.653218
0.671979
0.692375
0.705009
0.702059
0.682665
0.634119
0.582619
0.575965
0.57974
0.585303
0.59113
0.596383
0.599516
0.599543
0.598788
0.599952
0.604724
0.612761
0.620884
0.62606
0.627752
0.633312
0.647239
0.665496
0.675842
0.676792
0.666479
0.640066
0.613687
0.609157
0.611842
0.620561
0.637689
0.658979
0.672153
0.674474
0.666754
0.654392
0.646273
0.644339
0.654411
0.669994
0.681794
0.687504
0.689788
0.688912
0.682064
0.668065
0.646297
0.633266
0.631215
0.635122
0.641586
0.653555
0.72703
0.728241
0.728876
0.730331
0.732789
0.729255
0.702856
0.642785
0.541798
0.501724
0.503444
0.515154
0.531576
0.545822
0.554862
0.558595
0.561759
0.565854
0.571596
0.579064
0.588455
0.600457
0.616408
0.635173
0.655066
0.674896
0.695013
0.715552
0.723423
0.713156
0.685335
0.626265
0.568184
0.562754
0.570941
0.581679
0.590561
0.59427
0.595605
0.59563
0.594178
0.595721
0.600466
0.608411
0.618383
0.629088
0.637284
0.643461
0.654132
0.668657
0.675529
0.673512
0.666208
0.640467
0.612244
0.606646
0.605873
0.60945
0.620529
0.635568
0.653656
0.664336
0.666936
0.665486
0.66263
0.670875
0.679679
0.684019
0.685087
0.686807
0.687215
0.680892
0.67429
0.663391
0.644713
0.636823
0.63924
0.645275
0.654394
0.667881
0.730753
0.733939
0.734995
0.735964
0.738603
0.734882
0.704667
0.634903
0.529536
0.495717
0.500698
0.517491
0.535007
0.54637
0.551603
0.554627
0.558012
0.563697
0.573011
0.585605
0.600668
0.61702
0.633453
0.650339
0.668215
0.687222
0.707271
0.728406
0.734962
0.721915
0.689562
0.620625
0.555645
0.547172
0.558925
0.577547
0.590473
0.594073
0.593105
0.59054
0.59058
0.592849
0.597281
0.604269
0.615283
0.629675
0.644185
0.652588
0.660164
0.669764
0.675298
0.673289
0.667932
0.640543
0.608436
0.599815
0.598153
0.600671
0.607218
0.616107
0.629303
0.647828
0.662388
0.677648
0.691858
0.696122
0.694122
0.689612
0.684627
0.680353
0.677931
0.673595
0.668846
0.659369
0.64275
0.638832
0.643068
0.650308
0.660227
0.67447
0.730819
0.736451
0.738637
0.740004
0.742303
0.736116
0.703154
0.627169
0.521152
0.491056
0.498942
0.518674
0.536985
0.546554
0.54909
0.550955
0.555013
0.56311
0.575875
0.592843
0.612058
0.631018
0.648386
0.664927
0.682279
0.701014
0.72009
0.740094
0.74515
0.730793
0.693524
0.6168
0.545549
0.533343
0.548026
0.572951
0.590681
0.596468
0.592232
0.588449
0.588359
0.590944
0.595245
0.601566
0.61279
0.628481
0.646454
0.659031
0.665323
0.670843
0.675452
0.673721
0.670059
0.640227
0.605381
0.595006
0.593106
0.59634
0.600483
0.604401
0.61072
0.627659
0.662016
0.696707
0.716997
0.720189
0.710985
0.694497
0.679316
0.672951
0.671132
0.669114
0.666191
0.657212
0.641639
0.641028
0.646862
0.655609
0.666623
0.681458
)
;

boundaryField
{
    inlet
    {
        type            calculated;
        value           uniform 0.140001;
    }
    outlet
    {
        type            calculated;
        value           nonuniform List<scalar> 
40
(
0.598749
0.604091
0.608616
0.614338
0.620866
0.626356
0.628329
0.625792
0.618748
0.600027
0.585365
0.584155
0.586941
0.59071
0.595098
0.599299
0.6041
0.610796
0.61572
0.619579
0.620501
0.618325
0.613958
0.603598
0.594865
0.591507
0.593432
0.59639
0.608559
0.621028
0.624451
0.624301
0.621746
0.621698
0.626754
0.63858
0.653555
0.667881
0.67447
0.681458
)
;
    }
    bottom
    {
        type            symmetryPlane;
    }
    top
    {
        type            symmetryPlane;
    }
    obstacle
    {
        type            calculated;
        value           nonuniform List<scalar> 
80
(
0.668895
0.669459
0.674855
0.684904
0.700174
0.722473
0.737128
0.729417
0.676322
0.565028
0.507413
0.49439
0.495368
0.503033
0.51447
0.526814
0.539613
0.552418
0.560486
0.565344
0.56833
0.5724
0.579072
0.588191
0.597752
0.605624
0.611459
0.618015
0.628528
0.640405
0.64225
0.635722
0.594614
0.533136
0.518522
0.525988
0.541931
0.561554
0.576925
0.586518
0.590815
0.59381
0.598514
0.605801
0.615055
0.624572
0.633903
0.643464
0.654226
0.667322
0.678288
0.680151
0.672168
0.653958
0.611498
0.592401
0.595108
0.607458
0.619011
0.627211
0.629127
0.626471
0.624515
0.627102
0.635764
0.653887
0.675715
0.698491
0.722513
0.748938
0.776099
0.78987
0.790464
0.766484
0.698902
0.621388
0.592172
0.58739
0.588511
0.598749
)
;
    }
    defaultFaces
    {
        type            empty;
    }
}


// ************************************************************************* //
