/*--------------------------------*- C++ -*----------------------------------*\
| =========                 |                                                 |
| \\      /  F ield         | OpenFOAM: The Open Source CFD Toolbox           |
|  \\    /   O peration     | Version:  v1912                                 |
|   \\  /    A nd           | Website:  www.openfoam.com                      |
|    \\/     M anipulation  |                                                 |
\*---------------------------------------------------------------------------*/
FoamFile
{
    version     2.0;
    format      ascii;
    class       volScalarField;
    location    "0.84";
    object      T;
}
// * * * * * * * * * * * * * * * * * * * * * * * * * * * * * * * * * * * * * //

dimensions      [0 0 0 1 0 0 0];


internalField   nonuniform List<scalar> 
4800
(
11.5465
8.76668
9.2697
9.62758
9.92068
10.3215
10.7342
11.0801
11.0815
10.4978
10.1627
10.2993
10.5531
10.8504
11.1975
11.6091
12.0769
12.5615
13.0242
13.4547
13.8564
14.2238
14.5553
14.8644
15.1865
15.4581
15.4763
14.8123
14.2959
14.416
14.709
15.0938
15.5229
16.0047
16.5316
17.0674
17.5607
18.0106
18.431
18.8329
11.5466
8.75338
9.26518
9.62867
9.92574
10.3355
10.7531
11.095
11.0706
10.4687
10.1366
10.2742
10.5404
10.8568
11.2237
11.641
12.0907
12.5408
12.9802
13.408
13.8108
14.1869
14.5489
14.887
15.2177
15.4839
15.4707
14.7797
14.2748
14.4034
14.7152
15.1159
15.5473
16.0207
16.5238
17.0258
17.503
17.9588
18.3999
18.8362
11.5471
8.72683
9.25572
9.63289
9.94039
10.3644
10.784
11.1155
11.0483
10.4141
10.0889
10.2326
10.5233
10.8694
11.2595
11.6752
12.0893
12.4947
12.9113
13.3352
13.7502
14.1468
14.5493
14.9384
15.2807
15.5377
15.4724
14.7354
14.2586
14.408
14.7531
15.1748
15.6131
16.0634
16.5203
16.9812
17.4509
17.9217
18.3846
18.8402
11.5473
8.68766
9.24355
9.63908
9.96612
10.4047
10.821
11.1325
11.0136
10.3394
10.0225
10.1836
10.5091
10.8889
11.2964
11.6984
12.0776
12.4547
12.8495
13.2652
13.6889
14.1145
14.5565
14.996
15.3556
15.5891
15.4736
14.6927
14.251
14.4332
14.8212
15.2625
15.6935
16.1006
16.504
16.9358
17.4085
17.9088
18.4073
18.8823
11.5479
8.63333
9.22932
9.64789
10.0002
10.4485
10.8581
11.1411
10.9678
10.2533
9.94811
10.1412
10.5063
10.9157
11.3296
11.7106
12.0597
12.4164
12.8013
13.2159
13.6506
14.1021
14.5829
15.0553
15.4097
15.6246
15.4712
14.658
14.2598
14.4965
14.9189
15.3624
15.7671
16.1289
16.5025
16.9203
17.3993
17.9206
18.4421
18.9249
11.5479
8.56551
9.2161
9.66107
10.0447
10.4976
10.8878
11.1397
10.9173
10.1686
9.88504
10.1157
10.5149
10.9459
11.3531
11.7095
12.043
12.395
12.7781
13.1952
13.6383
14.1138
14.6263
15.1004
15.4358
15.6417
15.4643
14.6353
14.2994
14.6007
15.0334
15.4664
15.8394
16.1696
16.5317
16.951
17.4348
17.9597
18.4798
18.9514
11.5484
8.49425
9.206
9.67738
10.0872
10.5391
10.9061
11.1246
10.8678
10.096
9.85012
10.1135
10.5347
10.973
11.3662
11.7104
12.0407
12.3907
12.7737
13.1962
13.6527
14.1529
14.6824
15.1313
15.4347
15.6526
15.465
14.6316
14.3802
14.7296
15.1554
15.5729
15.9275
16.2505
16.6179
17.04
17.5199
18.0334
18.5299
18.9782
11.5496
8.42784
9.20066
9.69366
10.1129
10.5628
10.9116
11.1073
10.8307
10.0442
9.84569
10.138
10.5658
10.9914
11.3687
11.7114
12.0477
12.4028
12.7899
13.219
13.6911
14.2151
14.7426
15.1497
15.4263
15.6566
15.473
14.6583
14.4805
14.8587
15.2824
15.6901
16.046
16.3849
16.7604
17.1787
17.6436
18.1377
18.6134
19.038
11.5498
8.37452
9.19888
9.70665
10.1168
10.5619
10.9017
11.0969
10.8131
10.0168
9.87134
10.1851
10.5949
10.9961
11.3621
11.7128
12.0656
12.433
12.8281
13.2659
13.7456
14.2787
14.7896
15.1652
15.4287
15.6736
15.5042
14.7244
14.5839
14.9793
15.4062
15.8292
16.2088
16.5716
16.9541
17.3679
17.8114
18.2781
18.7314
19.1479
11.5509
8.34247
9.20067
9.71358
10.0974
10.5369
10.8767
11.0915
10.8138
10.0135
9.91636
10.2418
10.6144
10.9896
11.355
11.7201
12.093
12.4775
12.8852
13.3295
13.8076
14.3277
14.8153
15.1869
15.4582
15.7228
15.5827
14.8388
14.694
15.0979
15.5385
15.9929
16.4116
16.7991
17.1868
17.588
18.0022
18.4311
18.8712
19.2893
11.5507
8.32881
9.20404
9.71434
10.063
10.4943
10.8461
11.0944
10.8313
10.036
9.96576
10.2915
10.6254
10.9821
11.3506
11.7313
12.1268
12.5322
12.9553
13.4039
13.8752
14.3642
14.8241
15.2193
15.5301
15.8372
15.7389
15.0211
14.8182
15.2078
15.6761
16.1691
16.6358
17.048
17.4298
17.8083
18.1984
18.6067
19.0391
19.4584
11.55
8.32822
9.2054
9.70751
10.0285
10.4441
10.8167
11.1099
10.8666
10.0857
10.0148
10.3124
10.6283
10.9795
11.3539
11.7499
12.1677
12.5948
13.0323
13.4777
13.9363
14.3916
14.831
15.2631
15.6458
16.0141
15.9451
15.2372
14.9792
15.3158
15.8147
16.3457
16.8551
17.2897
17.665
18.028
18.4004
18.7923
19.2166
19.6349
11.5493
8.32585
9.20285
9.69566
10.0034
10.3966
10.7959
11.1392
10.9194
10.1464
10.0591
10.312
10.6283
10.9838
11.3708
11.7831
12.217
12.6601
13.1051
13.5451
13.9855
14.4088
14.8469
15.3229
15.8014
16.2176
16.1662
15.4729
15.153
15.4293
15.9365
16.5011
17.0394
17.5001
17.8845
18.2432
18.605
18.9835
19.3959
19.8023
11.5494
8.31691
9.1963
9.68483
9.98364
10.3563
10.7879
11.1821
10.9809
10.2012
10.098
10.3038
10.625
10.9947
11.4025
11.8322
12.2754
12.7228
13.1644
13.6011
14.0186
14.4192
14.8831
15.4095
15.982
16.4216
16.3898
15.7199
15.3307
15.5491
16.0365
16.616
17.1781
17.681
18.09
18.4539
18.8091
19.1717
19.5614
19.9386
11.5508
8.30121
9.18411
9.67264
9.96364
10.3264
10.7904
11.2342
11.0427
10.2483
10.1279
10.2898
10.6158
11.0047
11.4391
11.889
12.3378
12.7794
13.2101
13.6337
14.0333
14.4399
14.9459
15.5215
16.164
16.5983
16.5894
15.9608
15.5022
15.6729
16.1198
16.6901
17.2685
17.8181
18.2789
18.6579
19.0045
19.3438
19.695
20.0277
11.5531
8.27299
9.16578
9.6554
9.94342
10.3107
10.8071
11.2896
11.1034
10.2919
10.14
10.2697
10.5995
11.0073
11.4659
11.9386
12.3938
12.8256
13.2445
13.6453
14.0339
14.471
15.026
15.6533
16.3237
16.7301
16.753
16.181
15.6568
15.7937
16.1955
16.7405
17.3202
17.9041
18.4416
18.8482
19.1898
19.4989
19.7946
20.0745
11.5557
8.23017
9.14299
9.6359
9.92501
10.3124
10.8418
11.3337
11.1491
10.3285
10.1331
10.2468
10.5793
11.0021
11.4832
11.9755
12.435
12.8567
13.2611
13.6448
14.0377
14.507
15.1055
15.787
16.4485
16.8103
16.8818
16.3689
15.7876
15.9032
16.2693
16.7849
17.353
17.955
18.535
19.0139
19.3557
19.6287
19.8669
20.0966
11.5587
8.16537
9.11602
9.61694
9.91381
10.3307
10.881
11.3587
11.1759
10.361
10.1194
10.2305
10.5645
10.9929
11.4878
11.9934
12.4535
12.8707
13.2633
13.6427
14.0492
14.549
15.1819
15.8977
16.5321
16.8573
16.9842
16.5219
15.8942
15.9963
16.3411
16.8337
17.3803
17.9771
18.5823
19.1091
19.4723
19.7173
19.912
20.1121
11.5618
8.0827
9.0831
9.60076
9.91212
10.3658
10.92
11.3646
11.1924
10.397
10.1127
10.2272
10.56
10.9848
11.4798
11.9913
12.4576
12.869
13.259
13.646
14.0715
14.6028
15.2575
15.9741
16.5757
16.8865
17.0674
16.6456
15.9841
16.0743
16.4139
16.8957
17.4094
17.9835
18.5808
19.1298
19.524
19.7658
19.951
20.1392
11.5636
7.97876
9.04375
9.59274
9.92853
10.4134
10.9524
11.3576
11.2087
10.4426
10.1148
10.2366
10.5658
10.9793
11.4606
11.9641
12.4332
12.8472
13.2498
13.659
14.1174
14.6696
15.3225
16.0172
16.585
16.9175
17.1366
16.747
16.0626
16.1437
16.499
16.9914
17.4923
18.0092
18.5505
19.0792
19.5157
19.8054
20.0057
20.1908
11.5651
7.83764
9.00306
9.59115
9.97126
10.4732
10.9783
11.3396
11.228
10.4979
10.1222
10.2561
10.589
10.9899
11.4426
11.9174
12.3776
12.8035
13.2289
13.6766
14.1774
14.7369
15.3762
16.0256
16.5682
16.9464
17.1965
16.8322
16.1356
16.2124
16.6014
17.1185
17.6168
18.0776
18.5266
18.9844
19.4397
19.801
20.0518
20.2664
11.5665
7.64778
8.96403
9.5998
10.0342
10.5385
10.9953
11.3164
11.247
10.5598
10.1348
10.2816
10.6183
11.0102
11.4297
11.8647
12.3031
12.743
13.2043
13.6974
14.2356
14.8021
15.4118
16.0004
16.5421
16.9674
17.248
16.9018
16.2032
16.2869
16.7184
17.2638
17.7502
18.1626
18.535
18.9088
19.3179
19.7369
20.0812
20.3473
11.5675
7.42138
8.92883
9.62005
10.1069
10.5968
10.9986
11.2851
11.2568
10.6225
10.1554
10.3107
10.6454
11.0256
11.415
11.8115
12.2242
12.6746
13.1778
13.7207
14.2889
14.8624
15.4257
15.9526
16.5068
16.9778
17.2899
16.9519
16.256
16.3653
16.8388
17.4027
17.8725
18.2393
18.5664
18.8771
19.2153
19.6247
20.0483
20.4053
11.5677
7.25208
8.90434
9.64556
10.173
10.6386
10.9914
11.2464
11.2539
10.6775
10.1819
10.342
10.6695
11.0352
11.3973
11.7602
12.15
12.6102
13.1526
13.7471
14.3397
14.9091
15.4135
15.8961
16.4593
16.9724
17.3153
16.9709
16.2821
16.4324
16.9367
17.5001
17.9512
18.2891
18.5836
18.8664
19.15
19.5223
19.9683
20.3981
11.566
7.17434
8.89484
9.6694
10.2212
10.6668
10.9826
11.2094
11.2415
10.7177
10.2078
10.3681
10.6863
11.0375
11.3778
11.7139
12.0863
12.5592
13.1406
13.777
14.3865
14.9363
15.3839
15.8366
16.4039
16.9491
17.323
16.9652
16.2789
16.4708
16.9863
17.539
17.9811
18.3105
18.5904
18.8583
19.1313
19.4695
19.8824
20.3453
11.5629
7.21615
8.91246
9.68291
10.241
10.6732
10.9713
11.1801
11.2256
10.7374
10.2245
10.382
10.6917
11.0295
11.3548
11.6748
12.0416
12.5351
13.1484
13.8101
14.42
14.9454
15.348
15.7776
16.3454
16.905
17.3017
16.9209
16.241
16.4761
16.9867
17.5219
17.9613
18.2968
18.5786
18.85
19.1289
19.4664
19.853
20.2675
11.5596
7.40167
8.95317
9.68304
10.2281
10.6581
10.9566
11.164
11.2117
10.732
10.2249
10.3813
10.6825
11.0107
11.327
11.645
12.0222
12.541
13.1703
13.8309
14.428
14.9321
15.3151
15.7286
16.283
16.8403
17.2383
16.8246
16.1622
16.4461
16.9437
17.4546
17.8824
18.2336
18.5365
18.8283
19.1281
19.4721
19.8523
20.2183
11.5565
7.7257
9.01165
9.67275
10.1873
10.6223
10.9349
11.1486
11.1897
10.7035
10.2063
10.3662
10.6578
10.9769
11.2942
11.6258
12.03
12.5638
13.1922
13.8294
14.4185
14.9103
15.2905
15.6937
16.2184
16.7507
17.122
16.6634
16.0359
16.3666
16.8447
17.3241
17.7391
18.1083
18.4472
18.7761
19.1178
19.4846
19.8516
20.1649
11.5544
8.0213
9.07307
9.66007
10.1327
10.5679
10.9036
11.1314
11.1532
10.6453
10.1685
10.333
10.616
10.9314
11.2591
11.617
12.0531
12.5943
13.1968
13.7933
14.3695
14.8714
15.2634
15.6607
16.149
16.6362
16.9423
16.4237
15.8589
16.2214
16.6736
17.1214
17.5299
17.92
18.2968
18.6811
19.0849
19.4846
19.8299
20.0863
11.5534
8.25864
9.13176
9.65123
10.0738
10.506
10.8632
11.1118
11.109
10.564
10.1179
10.2871
10.5639
10.8817
11.228
11.6213
12.0862
12.6147
13.1728
13.7198
14.2776
14.8005
15.2181
15.6114
16.0575
16.4897
16.6995
16.105
15.6204
15.9971
16.4152
16.8348
17.2396
17.6466
18.0724
18.5319
19.0097
19.4361
19.7492
19.974
11.5532
8.43172
9.18316
9.65085
10.0265
10.4466
10.8195
11.0872
11.0592
10.4667
10.0572
10.2337
10.5119
10.8376
11.2075
11.633
12.1102
12.6112
13.1178
13.6224
14.1499
14.6808
15.1367
15.5237
15.9239
16.2984
16.3829
15.6977
15.3105
15.671
16.0657
16.461
16.8554
17.2852
17.7757
18.3189
18.8499
19.2732
19.5651
19.7868
11.5535
8.54888
9.22489
9.65904
9.99816
10.3996
10.775
11.0582
10.9977
10.3535
9.98636
10.1711
10.4631
10.8049
11.198
11.6412
12.1123
12.5807
13.0387
13.5068
14
14.5113
14.9874
15.3882
15.7416
16.0567
15.9992
15.2091
14.9298
15.255
15.635
16.0131
16.3991
16.8674
17.4151
18.0113
18.546
18.9431
19.2477
19.4837
11.5509
8.62481
9.25583
9.67144
9.98521
10.3701
10.7385
11.027
10.9236
10.2319
9.9072
10.1095
10.422
10.7848
11.1946
11.6383
12.0886
12.5211
12.942
13.3772
13.8318
14.2977
14.7682
15.2031
15.5235
15.7736
15.5571
14.6812
14.5023
14.785
15.1527
15.524
15.9204
16.4177
16.9937
17.5736
18.0781
18.4694
18.7888
19.0645
11.5516
8.66899
9.27575
9.68303
9.98267
10.3574
10.7162
11
10.8458
10.1141
9.83375
10.0581
10.3934
10.7753
11.1912
11.6193
12.0389
12.4447
12.8426
13.2449
13.652
14.0618
14.5052
14.9636
15.2849
15.4656
15.0864
14.1723
14.0647
14.3073
14.6649
15.0449
15.467
15.9627
16.5121
17.0421
17.4975
17.892
18.2394
18.5762
11.5477
8.68728
9.28609
9.69153
9.98733
10.3558
10.7053
10.9787
10.7734
10.0107
9.77681
10.0162
10.372
10.7704
11.1811
11.5844
11.977
12.367
12.749
13.1221
13.4838
13.8376
14.2351
14.6901
15.0296
15.1594
14.6402
13.7369
13.6625
13.8715
14.2283
14.6297
15.0642
15.5344
16.0159
16.4757
16.8953
17.29
17.673
18.0666
11.5435
8.69178
9.28953
9.69459
9.99064
10.3558
10.6979
10.9605
10.713
9.92902
9.73991
9.99391
10.3619
10.7636
11.1608
11.5422
11.9175
12.2967
12.6668
13.0175
13.3471
13.6577
14.0002
14.42
14.7778
14.8687
14.2717
13.4057
13.3413
13.5363
13.8951
14.3109
14.7453
15.1705
15.574
15.9665
16.3522
16.7439
17.1593
17.5964
11.5385
8.68515
9.28784
9.69359
9.98973
10.3516
10.6865
10.9424
10.6658
9.87133
9.72751
9.99244
10.3591
10.7504
11.135
11.5046
11.8693
12.2398
12.6029
12.94
13.2515
13.54
13.8399
14.2004
14.5246
14.6
13.9902
13.1874
13.1341
13.3291
13.6904
14.1015
14.5116
14.8936
15.2343
15.5725
15.9236
16.3119
16.7442
17.2017
11.5321
8.66939
9.28377
9.69202
9.98572
10.3416
10.6678
10.917
10.6269
9.83493
9.73393
10.0066
10.3555
10.7315
11.1072
11.4708
11.8301
12.1908
12.5437
12.8757
13.1857
13.4753
13.7646
14.0572
14.3046
14.3633
13.7685
13.028
13.0425
13.2668
13.6086
13.9878
14.3566
14.6866
14.9987
15.3059
15.6387
16.0216
16.454
16.9176
11.5274
8.65144
9.27974
9.68976
9.97825
10.33
10.6477
10.8893
10.5985
9.82041
9.74848
10.0232
10.3511
10.7142
11.0843
11.4476
11.8046
12.1569
12.4995
12.8299
13.1465
13.4543
13.7534
14.0013
14.1599
14.1785
13.6078
12.9374
13.0115
13.2949
13.6031
13.9322
14.2484
14.5552
14.8531
15.1495
15.4764
15.8576
16.2834
16.7521
11.5237
8.64127
9.27733
9.68861
9.97052
10.3193
10.6277
10.8616
10.5764
9.81528
9.75805
10.038
10.3565
10.7097
11.074
11.4369
11.7955
12.142
12.4778
12.8106
13.1335
13.4552
13.7615
13.9962
14.1066
14.074
13.5057
12.9062
13.014
13.3405
13.6437
13.9355
14.2181
14.4998
14.7852
15.0799
15.4053
15.7855
16.2077
16.6814
19.2628
19.6828
20.1189
20.5759
21.0862
21.6844
22.1085
22.2201
21.7728
20.3417
19.4664
19.285
19.3114
19.4331
19.6007
19.7744
19.9396
20.0822
20.1436
20.1547
20.1453
20.1577
20.2116
20.3036
20.4004
20.4669
20.5018
20.5431
20.639
20.7568
20.7245
20.5467
19.9149
18.9743
18.6983
18.7384
18.8814
19.0698
19.1959
19.2391
19.2138
19.1694
19.1452
19.1534
19.184
19.2231
19.2697
19.3355
19.4279
19.5461
19.6428
19.6328
19.5011
19.2685
18.7503
18.4945
18.5251
18.6756
18.8167
18.9168
18.9408
18.909
18.8847
18.9153
19.0187
19.233
19.4842
19.7423
20.0071
20.2889
20.5658
20.6993
20.7019
20.4495
19.7277
18.8437
18.5232
18.502
18.5715
18.7399
19.2631
19.7026
20.1636
20.6025
21.0673
21.5684
21.8598
21.9291
21.4348
20.0819
19.4357
19.3082
19.3684
19.4999
19.6566
19.8284
19.9851
20.1069
20.1583
20.1618
20.1606
20.1845
20.2458
20.3392
20.4316
20.4958
20.5324
20.5744
20.6578
20.7588
20.6648
20.4146
19.7
18.9071
18.734
18.7864
18.9266
19.1033
19.2158
19.2529
19.2337
19.1992
19.1849
19.2032
19.2417
19.2839
19.3333
19.3987
19.488
19.5901
19.6599
19.6229
19.466
19.2098
18.6833
18.4218
18.4611
18.6121
18.7471
18.8329
18.8743
18.9002
18.9242
18.9753
19.1077
19.2844
19.4882
19.7303
19.9877
20.2816
20.5574
20.6622
20.5681
20.2546
19.5491
18.7861
18.5572
18.55
18.6399
18.8009
19.2849
19.727
20.1606
20.5682
21.0152
21.4894
21.7329
21.7999
21.2661
19.9608
19.4138
19.3306
19.4166
19.5563
19.6973
19.8227
19.9366
20.0115
20.0623
20.0956
20.1264
20.1687
20.2328
20.3094
20.3734
20.4136
20.4438
20.5182
20.65
20.7396
20.653
20.3762
19.5423
18.8318
18.7308
18.7779
18.9116
19.075
19.184
19.2344
19.2335
19.2163
19.211
19.2291
19.2706
19.3234
19.3806
19.4414
19.5099
19.599
19.672
19.6403
19.5301
19.2408
18.6243
18.3274
18.3515
18.4598
18.6019
18.7288
18.8171
18.8906
18.9693
19.0736
19.1754
19.2777
19.4256
19.6319
19.8978
20.1953
20.4637
20.5482
20.4572
20.1422
19.4832
18.7929
18.6079
18.5998
18.6843
18.8423
19.3276
19.7475
20.1457
20.5216
20.9188
21.3172
21.5083
21.5668
21.065
19.8745
19.402
19.3827
19.4746
19.6087
19.7151
19.7864
19.833
19.8781
19.9393
20.013
20.0838
20.1473
20.2073
20.2544
20.2886
20.3117
20.3528
20.4839
20.6712
20.7148
20.6658
20.2715
19.3387
18.7626
18.7156
18.7554
18.8869
19.0347
19.1384
19.2059
19.2372
19.2395
19.2547
19.2834
19.3283
19.3843
19.4356
19.4746
19.5257
19.6107
19.6927
19.6838
19.5947
19.2164
18.5546
18.2524
18.2256
18.2955
18.4415
18.6197
18.7717
18.9106
19.0527
19.1629
19.226
19.2732
19.3533
19.5124
19.7373
20.0127
20.2401
20.3343
20.2848
20.0129
19.4366
18.825
18.6612
18.6574
18.7364
18.8896
19.3606
19.7516
20.1156
20.4587
20.8062
21.1277
21.2746
21.3323
20.9147
19.8246
19.3838
19.43
19.5378
19.6529
19.7085
19.7158
19.7162
19.7521
19.8307
19.9328
20.0271
20.1002
20.1438
20.1587
20.1701
20.1925
20.2755
20.4597
20.6832
20.72
20.6479
20.1082
19.1199
18.6913
18.6668
18.7263
18.8616
18.991
19.086
19.167
19.2344
19.2701
19.2987
19.338
19.3837
19.4312
19.4601
19.479
19.5281
19.6291
19.7165
19.7446
19.6282
19.1349
18.4568
18.1831
18.1218
18.184
18.3408
18.5453
18.7501
18.9368
19.0902
19.1768
19.2317
19.2651
19.3084
19.3715
19.4708
19.6517
19.8589
20.0235
20.0947
19.9043
19.3889
18.8533
18.7197
18.7279
18.7978
18.9444
19.3699
19.7352
20.0799
20.404
20.7149
20.9617
21.0657
21.0828
20.7426
19.7687
19.3553
19.4062
19.5884
19.6822
19.6951
19.6598
19.6336
19.6692
19.7601
19.8795
19.9774
20.0346
20.0478
20.0374
20.043
20.1004
20.2559
20.4791
20.7035
20.7387
20.5595
19.8766
18.9139
18.6419
18.6318
18.7013
18.8294
18.9458
19.0342
19.1238
19.2203
19.3021
19.3426
19.3845
19.4231
19.4523
19.4613
19.4784
19.5489
19.6744
19.7572
19.7885
19.614
19.0199
18.356
18.1331
18.0684
18.1473
18.3313
18.5554
18.7783
18.9496
19.0539
19.1407
19.2039
19.2524
19.2907
19.2832
19.264
19.3077
19.4229
19.5839
19.7489
19.7376
19.3067
18.8428
18.7404
18.7621
18.8483
18.9934
19.3762
19.7239
20.0594
20.3746
20.6614
20.8725
20.9607
20.9211
20.583
19.6553
19.2764
19.3512
19.5664
19.6812
19.6977
19.6397
19.5992
19.6281
19.7152
19.8348
19.9221
19.9448
19.9341
19.9275
19.9614
20.0689
20.2725
20.5412
20.7114
20.7249
20.4193
19.6217
18.7689
18.6154
18.6208
18.6882
18.7985
18.8974
18.9796
19.0733
19.1927
19.3099
19.3816
19.4177
19.4352
19.4454
19.4538
19.4919
19.5976
19.7413
19.7978
19.7989
19.558
18.9055
18.2788
18.1086
18.0705
18.1878
18.3915
18.6381
18.8311
18.9657
19.031
19.0911
19.1706
19.2448
19.2782
19.2349
19.1787
19.1778
19.2323
19.3105
19.4014
19.4527
19.1382
18.7827
18.7006
18.7418
18.8525
19.0017
19.4186
19.7599
20.0811
20.3738
20.6395
20.8331
20.9237
20.8704
20.5189
19.5664
19.1411
19.2432
19.4677
19.6191
19.6678
19.6363
19.6014
19.6162
19.6856
19.787
19.8585
19.8694
19.8614
19.8772
19.9543
20.1115
20.3584
20.6232
20.7061
20.6481
20.2596
19.3863
18.6975
18.6134
18.6296
18.6886
18.7757
18.8468
18.9186
19.0134
19.1412
19.29
19.4103
19.4425
19.442
19.4407
19.4571
19.5283
19.6656
19.8143
19.8253
19.7681
19.471
18.797
18.2426
18.133
18.1368
18.2795
18.5047
18.7207
18.8812
18.963
19.0104
19.066
19.1515
19.2289
19.2522
19.1912
19.1354
19.134
19.1954
19.2623
19.2693
19.1467
18.7961
18.5649
18.5712
18.6643
18.7995
18.9468
19.5206
19.8503
20.142
20.3997
20.6302
20.8211
20.9148
20.8723
20.5376
19.5784
19.0177
19.0605
19.2627
19.4613
19.5677
19.6022
19.6026
19.6161
19.67
19.7437
19.8032
19.8348
19.8598
19.9123
20.0302
20.2382
20.4613
20.6532
20.6886
20.5346
20.1095
19.2166
18.6845
18.6386
18.6546
18.7062
18.7702
18.8161
18.8654
18.9483
19.0725
19.2337
19.3826
19.4442
19.4482
19.4479
19.481
19.5766
19.7276
19.8696
19.8497
19.7162
19.3876
18.7085
18.2547
18.2066
18.2656
18.4246
18.6192
18.7759
18.8738
18.944
18.9999
19.0651
19.1309
19.1914
19.1999
19.1572
19.1315
19.1608
19.2304
19.2735
19.2404
19.0376
18.5538
18.2208
18.3004
18.4883
18.6791
18.8365
19.6584
19.9748
20.231
20.444
20.6398
20.8318
20.9313
20.9139
20.6101
19.6546
18.952
18.8896
18.9889
19.2065
19.4155
19.5309
19.578
19.6105
19.6565
19.7113
19.7702
19.8373
19.9128
20.0215
20.1867
20.3818
20.5495
20.6395
20.6269
20.4343
19.9727
19.1243
18.7069
18.6859
18.6952
18.7448
18.7933
18.8222
18.8438
18.8986
19.0007
19.1437
19.2985
19.4032
19.433
19.4548
19.5079
19.6142
19.7702
19.8979
19.8594
19.6855
19.3135
18.6302
18.3145
18.3283
18.4303
18.5699
18.688
18.7722
18.832
18.9043
18.9831
19.0479
19.0987
19.121
19.1229
19.1336
19.1561
19.2172
19.2859
19.2938
19.2222
18.9612
18.4242
18.0466
18.0597
18.2131
18.4219
18.5908
19.8192
20.1163
20.3309
20.4957
20.6616
20.8567
20.9615
20.9903
20.7065
19.7689
18.9425
18.7872
18.776
18.9219
19.1764
19.4011
19.5352
19.5934
19.6264
19.6657
19.7403
19.8691
20.0379
20.2023
20.3486
20.4904
20.6001
20.5923
20.4945
20.3191
19.8618
19.0914
18.7383
18.7178
18.7132
18.7678
18.8249
18.8535
18.8584
18.8741
18.9314
19.0398
19.1837
19.3157
19.3954
19.4407
19.5143
19.6282
19.7834
19.8899
19.8437
19.6662
19.2429
18.5592
18.3673
18.4441
18.5718
18.6613
18.7011
18.723
18.7515
18.8252
18.9348
19.0129
19.0396
19.0406
19.0493
19.1097
19.2051
19.2967
19.3495
19.3223
19.2031
18.9107
18.3515
17.9715
17.9801
18.0794
18.2315
18.3957
19.9849
20.2457
20.4126
20.5376
20.6859
20.8842
21.0008
21.0745
20.7931
19.8645
18.9617
18.7247
18.6736
18.7562
18.942
19.1917
19.4152
19.5421
19.5872
19.6357
19.7613
19.9618
20.1804
20.3502
20.4598
20.5364
20.556
20.492
20.3438
20.1926
19.7863
19.1085
18.7676
18.7341
18.7251
18.7725
18.8317
18.8671
18.875
18.8738
18.8904
18.9422
19.0518
19.1911
19.3149
19.4008
19.4832
19.5988
19.7554
19.8561
19.8202
19.6219
19.1534
18.5176
18.438
18.5218
18.6126
18.6526
18.6518
18.6406
18.6495
18.7322
18.8497
18.936
18.9603
18.9646
19.0007
19.0924
19.2382
19.3689
19.4215
19.3565
19.192
18.8764
18.3186
17.968
17.9662
18.0549
18.2067
18.3695
20.1252
20.3426
20.4697
20.572
20.7122
20.9115
21.0455
21.1358
20.8445
19.9245
18.9863
18.7054
18.6373
18.7082
18.8461
19.0229
19.232
19.4249
19.5517
19.6636
19.8258
20.0499
20.2644
20.4203
20.4891
20.4949
20.4348
20.3358
20.2269
20.0772
19.7528
19.1523
18.7868
18.724
18.7202
18.774
18.8594
18.924
18.9453
18.9321
18.9039
18.8909
18.9352
19.0542
19.2016
19.324
19.4188
19.5348
19.6968
19.7902
19.7472
19.5615
19.0539
18.4948
18.4309
18.4935
18.5454
18.5667
18.5688
18.5486
18.5504
18.6144
18.7207
18.8221
18.8879
18.9281
18.9837
19.0876
19.236
19.3786
19.4524
19.3782
19.196
18.8689
18.3167
17.9991
18.0054
18.0849
18.2215
18.39
20.2226
20.4045
20.5162
20.6129
20.7539
20.9539
21.0892
21.1556
20.8507
19.9638
19.0163
18.7203
18.6391
18.7017
18.8303
18.9729
19.1184
19.2872
19.4818
19.6844
19.8826
20.09
20.2657
20.3786
20.4063
20.3554
20.2697
20.1993
20.1443
20.0241
19.7415
19.1862
18.7782
18.6829
18.6792
18.7612
18.8965
19.0123
19.0614
19.0535
18.9998
18.9303
18.8903
18.9406
19.0735
19.2212
19.3345
19.4558
19.5971
19.6956
19.6606
19.4699
18.9327
18.4265
18.3278
18.3529
18.4027
18.4532
18.4816
18.485
18.498
18.5436
18.6258
18.7244
18.8346
18.9327
19.0016
19.0848
19.2034
19.3374
19.4241
19.3738
19.2175
18.8851
18.3376
18.0546
18.0663
18.1394
18.2572
18.423
20.2817
20.4495
20.568
20.6759
20.8233
21.0137
21.1204
21.1365
20.8183
19.9868
19.0526
18.7681
18.6924
18.7414
18.857
18.9853
19.101
19.2392
19.4419
19.6831
19.9
20.0641
20.1806
20.2305
20.2213
20.1746
20.1225
20.1025
20.0947
20.0149
19.749
19.2058
18.7574
18.6373
18.6334
18.7402
18.9115
19.0609
19.1305
19.1355
19.0976
19.0364
18.9633
18.9269
18.9855
19.1161
19.2581
19.3784
19.4976
19.5629
19.5397
19.3519
18.8073
18.3095
18.1807
18.1654
18.2299
18.3401
18.4243
18.4634
18.4881
18.5132
18.5662
18.6635
18.8004
18.9381
19.0239
19.0728
19.1461
19.253
19.3548
19.3458
19.2439
18.916
18.3843
18.1248
18.1313
18.1951
18.3035
18.4669
20.3167
20.4949
20.6375
20.7611
20.9103
21.0693
21.1338
21.0799
20.7584
19.9945
19.0881
18.8388
18.7931
18.8391
18.9444
19.0491
19.1406
19.2674
19.4566
19.6744
19.8649
19.9782
20.0294
20.032
19.9958
19.9612
19.9854
20.0428
20.0799
20.02
19.7518
19.2143
18.7428
18.616
18.6123
18.72
18.8927
19.0441
19.1217
19.133
19.1096
19.0765
19.0557
19.0233
19.019
19.0851
19.2028
19.3268
19.4277
19.4528
19.416
19.2558
18.701
18.2082
18.0703
18.0283
18.1097
18.2623
18.4095
18.486
18.5013
18.5084
18.5465
18.6369
18.7795
18.9346
19.0256
19.045
19.0657
19.1544
19.2597
19.2775
19.238
18.9437
18.4352
18.1969
18.1922
18.2398
18.3436
18.5097
20.3341
20.549
20.7273
20.8651
20.9996
21.1122
21.1288
20.9938
20.702
19.9977
19.1315
18.9159
18.9136
18.9699
19.0736
19.1613
19.244
19.3554
19.503
19.6669
19.8044
19.87
19.8719
19.8278
19.781
19.7966
19.9022
20.0136
20.0651
20.0141
19.7551
19.2319
18.7579
18.6423
18.6346
18.7193
18.8682
19.0035
19.0829
19.1014
19.0835
19.0662
19.085
19.1126
19.1398
19.1976
19.2824
19.3629
19.4278
19.4437
19.3843
19.1773
18.6069
18.1396
17.9966
17.9644
18.0616
18.2344
18.4168
18.5283
18.5442
18.5427
18.5662
18.6337
18.7597
18.8924
18.9814
18.9932
19.0103
19.0912
19.1824
19.2116
19.2143
18.9473
18.4647
18.2523
18.247
18.2872
18.3899
18.5614
20.3514
20.6038
20.8253
20.9789
21.0723
21.127
21.1055
20.9343
20.6626
20.0119
19.1991
18.9958
19.0322
19.1014
19.2074
19.2936
19.371
19.4635
19.5651
19.6641
19.7285
19.7523
19.7413
19.6847
19.6709
19.7454
19.871
19.9963
20.0286
19.9627
19.7213
19.219
18.7624
18.6741
18.6862
18.7566
18.8723
18.979
19.0499
19.0694
19.0571
19.0593
19.0985
19.1623
19.2473
19.3522
19.4812
19.5659
19.5861
19.5405
19.4065
19.1007
18.5208
18.1057
17.9847
17.9653
18.0695
18.2392
18.4238
18.5559
18.6025
18.6067
18.6115
18.6526
18.7257
18.8127
18.8937
18.945
18.9948
19.0799
19.1505
19.1747
19.1723
18.9162
18.4588
18.2766
18.2892
18.3448
18.4586
18.6368
20.3823
20.6625
20.9194
21.0834
21.1137
21.1145
21.0775
20.9143
20.6631
20.0531
19.2969
19.0975
19.1372
19.2056
19.3168
19.4123
19.486
19.5453
19.5907
19.6197
19.6264
19.6295
19.6248
19.6427
19.6852
19.7601
19.854
19.9572
19.9737
19.8684
19.6486
19.1789
18.7713
18.6942
18.738
18.789
18.8632
18.9262
18.9574
18.9773
19.0023
19.0418
19.1148
19.2178
19.3218
19.4401
19.5856
19.7269
19.8117
19.765
19.4831
19.0555
18.4731
18.114
18.0189
18.0068
18.1025
18.2569
18.4189
18.552
18.6409
18.675
18.6743
18.6734
18.6943
18.7236
18.7903
18.8854
18.9959
19.1194
19.1787
19.1864
19.1516
18.8642
18.4261
18.2713
18.3015
18.3789
18.5048
18.6893
20.434
20.7272
21.0019
21.1471
21.1247
21.0962
21.0603
20.9287
20.6946
20.1348
19.4105
19.1892
19.2119
19.2811
19.4068
19.5119
19.5721
19.5852
19.5677
19.5275
19.4976
19.5031
19.5503
19.659
19.7443
19.8085
19.861
19.9095
19.8856
19.7655
19.5649
19.1232
18.7614
18.6976
18.7563
18.8053
18.836
18.8466
18.8583
18.9019
18.9742
19.0616
19.1614
19.2724
19.3819
19.4799
19.6026
19.7628
19.8929
19.9225
19.6696
19.0974
18.4865
18.154
18.0806
18.0764
18.1489
18.2698
18.3997
18.5335
18.6679
18.7378
18.7327
18.6923
18.6505
18.6457
18.7062
18.831
18.994
19.1567
19.2326
19.2242
19.134
18.8107
18.3826
18.2706
18.3243
18.417
18.5422
18.7253
20.5112
20.8003
21.0524
21.1665
21.1256
21.0885
21.0729
20.9603
20.761
20.2239
19.4828
19.2457
19.2559
19.3375
19.4812
19.5829
19.6128
19.5767
19.4921
19.4082
19.3639
19.3984
19.5215
19.6996
19.8112
19.8608
19.8479
19.8175
19.7976
19.685
19.4932
19.0628
18.7158
18.6601
18.7162
18.7554
18.7734
18.7733
18.7992
18.8765
18.9972
19.1285
19.2385
19.3176
19.3905
19.48
19.5868
19.7201
19.8569
19.9373
19.7696
19.2661
18.5771
18.2242
18.1577
18.1509
18.1903
18.2736
18.3852
18.5231
18.6771
18.7704
18.7691
18.7068
18.6349
18.615
18.6718
18.8059
19.0088
19.2013
19.2864
19.279
19.1333
18.7847
18.3641
18.2883
18.3478
18.4337
18.5491
18.7286
20.5968
20.8565
21.0617
21.1437
21.1142
21.0984
21.1162
21.0228
20.8312
20.2747
19.4992
19.2637
19.2721
19.3762
19.5266
19.6081
19.5953
19.5119
19.3882
19.2937
19.2675
19.3413
19.524
19.7251
19.852
19.8642
19.8275
19.7715
19.7498
19.6419
19.461
19.029
18.6457
18.5754
18.6094
18.6517
18.706
18.7454
18.805
18.913
19.0667
19.2291
19.3226
19.3557
19.3987
19.4519
19.5327
19.6656
19.7636
19.8434
19.7781
19.4303
18.7669
18.3165
18.237
18.2097
18.2238
18.2864
18.3908
18.5271
18.6563
18.7377
18.7543
18.7076
18.6508
18.6351
18.6886
18.8269
19.0321
19.2191
19.3028
19.3083
19.158
18.7992
18.3904
18.3094
18.3441
18.4129
18.5215
18.6951
20.6782
20.8976
21.0465
21.1048
21.104
21.1249
21.1778
21.0863
20.8737
20.2891
19.4783
19.2467
19.2717
19.3904
19.5266
19.5791
19.5307
19.4123
19.2906
19.2236
19.234
19.3449
19.5393
19.7181
19.8375
19.8281
19.8034
19.7649
19.7391
19.6328
19.4579
19.015
18.5793
18.4739
18.4601
18.5084
18.6187
18.7367
18.846
18.983
19.1633
19.3281
19.3956
19.4039
19.4285
19.446
19.4883
19.5684
19.6462
19.6977
19.716
19.5268
18.9753
18.4455
18.3014
18.2552
18.2646
18.322
18.4176
18.5238
18.6072
18.6571
18.6832
18.6906
18.6912
18.6981
18.7562
18.878
19.0554
19.2164
19.2869
19.3119
19.1947
18.8385
18.428
18.3258
18.335
18.3885
18.475
18.6297
20.7192
20.9127
21.02
21.0741
21.1083
21.1624
21.2329
21.1439
20.886
20.2736
19.4418
19.2286
19.2742
19.3827
19.4766
19.4935
19.4276
19.3122
19.2327
19.207
19.2594
19.3931
19.5567
19.6858
19.7499
19.7765
19.7941
19.8064
19.7867
19.6775
19.5016
19.0248
18.5197
18.3703
18.3211
18.3831
18.5366
18.7265
18.9006
19.0713
19.2319
19.3619
19.4283
19.4519
19.4769
19.4704
19.4717
19.4814
19.5014
19.5545
19.5978
19.5569
19.1462
18.5788
18.3565
18.3051
18.3218
18.3799
18.4596
18.5147
18.5332
18.5505
18.593
18.668
18.7452
18.8012
18.8594
18.9494
19.0826
19.212
19.271
19.3117
19.2211
18.8678
18.4589
18.329
18.3015
18.3182
18.3615
18.4922
20.7018
20.9039
20.9954
21.0539
21.1189
21.1951
21.2549
21.1646
20.8674
20.2316
19.4131
19.2303
19.2681
19.3276
19.3799
19.3722
19.3116
19.247
19.2307
19.2589
19.3449
19.4612
19.5556
19.598
19.6485
19.7174
19.808
19.8811
19.8764
19.7662
19.5783
19.049
18.4807
18.2929
18.2302
18.3074
18.4794
18.7221
18.9532
19.1237
19.2376
19.3253
19.4066
19.4847
19.5384
19.5287
19.4809
19.4151
19.3835
19.4258
19.4609
19.5308
19.2527
18.7087
18.4279
18.3679
18.3919
18.4496
18.4873
18.4795
18.4597
18.4623
18.5179
18.6367
18.7857
18.9047
18.967
19.0281
19.1333
19.2208
19.2772
19.31
19.2087
18.8577
18.4589
18.3001
18.2315
18.2191
18.2522
18.3751
20.6354
20.8569
20.9659
21.0416
21.1266
21.2099
21.2472
21.1445
20.8371
20.1834
19.4034
19.2337
19.2378
19.2444
19.2671
19.2438
19.2144
19.2338
19.2812
19.3651
19.4575
19.5198
19.5221
19.5215
19.569
19.6672
19.824
19.9566
19.9657
19.8705
19.644
19.0696
18.4683
18.2608
18.2047
18.3099
18.5067
18.7576
18.9643
19.0781
19.1553
19.2284
19.3612
19.514
19.6032
19.601
19.5096
19.3834
19.3203
19.3323
19.3782
19.4549
19.2806
18.8172
18.504
18.4506
18.4645
18.5045
18.4947
18.4502
18.413
18.4142
18.4812
18.6223
18.8132
18.9659
19.0454
19.1011
19.1887
19.2419
19.2732
19.2834
19.1607
18.8026
18.3892
18.2102
18.1445
18.1499
18.1989
18.3231
20.5238
20.7541
20.9097
21.0121
21.1108
21.2061
21.2371
21.1483
20.8398
20.1521
19.4048
19.2376
19.1901
19.1654
19.1613
19.1503
19.1765
19.2587
19.3724
19.4944
19.5654
19.5493
19.5078
19.4758
19.5087
19.6201
19.821
20.0023
20.0691
19.9815
19.6911
19.0909
18.4752
18.2788
18.2623
18.3894
18.6151
18.8212
18.9472
18.9948
19.0222
19.1093
19.2692
19.4429
19.5935
19.6275
19.5326
19.3926
19.3075
19.3009
19.3361
19.356
19.2438
18.867
18.5804
18.5333
18.5235
18.5202
18.4904
18.4363
18.3977
18.4048
18.4807
18.6277
18.8106
18.965
19.0853
19.1801
19.2641
19.2756
19.2818
19.2518
19.0658
18.6677
18.2637
18.1166
18.0967
18.1361
18.2073
18.3375
20.4062
20.6093
20.7941
20.9364
21.0585
21.1781
21.2228
21.1753
20.8768
20.1415
19.4001
19.2336
19.1306
19.1068
19.105
19.114
19.1875
19.3028
19.4726
19.611
19.6512
19.5976
19.5189
19.4618
19.4696
19.5725
19.7844
20.0023
20.12
20.0913
19.7381
19.1388
18.5162
18.3555
18.3988
18.5507
18.752
18.8784
18.8933
18.8926
18.9114
18.9937
19.1446
19.3442
19.512
19.553
19.5208
19.4104
19.337
19.3204
19.3289
19.2774
19.1801
18.867
18.6402
18.5973
18.5497
18.514
18.4763
18.4447
18.4193
18.4372
18.515
18.6428
18.7882
18.9281
19.0803
19.2153
19.3153
19.32
19.2738
19.153
18.9082
18.5158
18.1612
18.0575
18.0686
18.1371
18.2277
18.3662
20.29
20.4606
20.6362
20.8046
20.9688
21.1271
21.2053
21.2231
20.9312
20.133
19.4122
19.1992
19.0991
19.0863
19.0967
19.131
19.2231
19.369
19.5594
19.7022
19.7102
19.65
19.5594
19.4879
19.4738
19.5537
19.7367
19.9696
20.1233
20.142
19.8048
19.2295
18.6085
18.5009
18.5861
18.7335
18.8458
18.8597
18.8454
18.8393
18.8719
18.9377
19.0231
19.1475
19.301
19.3902
19.4185
19.4035
19.3759
19.3675
19.3561
19.2528
19.1479
18.8448
18.6624
18.6194
18.565
18.5
18.4603
18.4544
18.4758
18.5058
18.5731
18.6559
18.7462
18.8776
19.0452
19.2088
19.3158
19.324
19.2239
19.0114
18.7728
18.425
18.1162
18.0273
18.0676
18.1908
18.341
18.511
20.1582
20.319
20.4836
20.6555
20.8493
21.0526
21.2012
21.2778
20.9653
20.1076
19.433
19.1869
19.1024
19.1061
19.1312
19.1896
19.2949
19.4595
19.6263
19.7385
19.7384
19.6956
19.6233
19.5505
19.5178
19.5621
19.6985
19.9144
20.0929
20.1516
19.8915
19.3563
18.7702
18.6905
18.7661
18.8453
18.8692
18.8509
18.8291
18.8321
18.8787
18.9226
18.9692
18.9641
18.98
19.0998
19.2349
19.3346
19.3998
19.4282
19.4045
19.2819
19.1539
18.8253
18.6348
18.5891
18.5517
18.5051
18.4837
18.4959
18.5353
18.5936
18.6422
18.6702
18.7318
18.8518
19.0055
19.1615
19.2423
19.2186
19.1009
18.9042
18.6951
18.3935
18.125
18.067
18.1628
18.3281
18.484
18.6592
19.9793
20.1559
20.323
20.5051
20.7351
20.9813
21.2003
21.3039
20.9577
20.0544
19.4424
19.1967
19.1351
19.1624
19.2142
19.295
19.414
19.5607
19.69
19.7451
19.7572
19.7445
19.7048
19.6398
19.5902
19.596
19.6803
19.8586
20.0291
20.1481
20.0127
19.5312
18.9858
18.8607
18.8858
18.8733
18.8831
18.8554
18.8372
18.8615
18.9082
18.9636
18.9623
18.8658
18.7711
18.8095
18.9819
19.2069
19.3639
19.4688
19.4528
19.3498
19.1975
18.8222
18.5604
18.5372
18.5495
18.5583
18.5649
18.5869
18.6369
18.6856
18.7125
18.7238
18.7694
18.8597
18.9739
19.0666
19.0969
19.0851
19.012
18.8833
18.703
18.4448
18.2214
18.2351
18.3204
18.4306
18.536
18.6961
19.7146
19.9377
20.1301
20.3366
20.6277
20.9349
21.2012
21.2978
20.8866
19.9472
19.4272
19.2234
19.1993
19.2551
19.3444
19.4473
19.5654
19.6776
19.7339
19.7583
19.7785
19.7894
19.7813
19.7396
19.6807
19.6487
19.6873
19.8181
19.9693
20.1285
20.1229
19.7279
19.1814
18.9967
18.914
18.8936
18.887
18.8755
18.8742
18.8975
18.956
19.0132
18.9592
18.8178
18.691
18.6643
18.7611
19.0003
19.2578
19.4319
19.4744
19.443
19.2653
18.8496
18.5028
18.4803
18.5517
18.6458
18.7174
18.7535
18.7828
18.7858
18.7805
18.8021
18.8471
18.8893
18.9193
18.9204
18.936
18.9681
18.9604
18.9226
18.7907
18.6219
18.439
18.3792
18.3964
18.4573
18.5366
18.6893
19.3519
19.6375
19.8894
20.1491
20.5081
20.8787
21.1816
21.2243
20.7334
19.7792
19.3949
19.2491
19.2841
19.3855
19.5117
19.6319
19.7364
19.7872
19.7833
19.7864
19.7998
19.8223
19.8394
19.8303
19.7789
19.7235
19.7303
19.823
19.9687
20.1353
20.2481
19.886
19.3106
19.097
18.9489
18.9041
18.902
18.9151
18.9069
18.9344
19.0101
19.0251
18.9478
18.7974
18.6833
18.6448
18.6879
18.8287
19.0789
19.3486
19.4974
19.5194
19.3215
18.8885
18.4961
18.4449
18.5828
18.8026
18.9436
18.9853
18.9516
18.9045
18.8835
18.8922
18.9065
18.8919
18.8384
18.8013
18.8272
18.8774
18.9561
19.0193
19.0222
18.8772
18.6143
18.4823
18.461
18.4751
18.5177
18.6542
18.9231
19.2702
19.599
19.9437
20.3757
20.7861
21.1098
21.0895
20.4972
19.5652
19.3348
19.2748
19.3793
19.5359
19.6935
19.8255
19.9011
19.8842
19.8528
19.8259
19.8214
19.8392
19.8708
19.8884
19.8673
19.8193
19.8236
19.9145
20.0527
20.2229
20.35
19.9565
19.3432
19.1273
18.9616
18.9129
18.9178
18.9257
18.9425
18.9946
19.0254
18.9879
18.9172
18.819
18.7309
18.6864
18.7023
18.7812
18.9697
19.2479
19.4671
19.5574
19.3648
18.9242
18.5143
18.4583
18.6368
18.9234
19.1321
19.1787
19.1252
19.0432
18.9799
18.9536
18.9179
18.8506
18.7841
18.7621
18.7851
18.8809
19.0889
19.2724
19.2727
19.0535
18.753
18.5614
18.4812
18.4777
18.5182
18.65
18.4698
18.8771
19.2832
19.7225
20.2245
20.6596
20.9702
20.9166
20.2054
19.3402
19.2416
19.2965
19.4759
19.6877
19.8709
20.0063
20.0378
19.9913
19.9259
19.8713
19.8483
19.8567
19.8918
19.9378
19.9657
19.9547
19.9818
20.0971
20.2584
20.3819
20.411
19.963
19.3068
19.1013
18.9533
18.9259
18.9191
18.9486
18.9882
19.0095
18.9746
18.9295
18.8893
18.8614
18.8163
18.7683
18.7506
18.8079
18.9772
19.2249
19.4221
19.5251
19.3588
18.9564
18.5611
18.5162
18.6626
18.9374
19.1891
19.2886
19.277
19.1827
19.0921
18.9922
18.8858
18.808
18.7801
18.7723
18.8525
19.081
19.322
19.4196
19.3667
19.135
18.8311
18.6326
18.547
18.5349
18.5754
18.7075
18.045
18.5009
18.9743
19.5
20.0534
20.5015
20.7808
20.7015
19.8717
19.1241
19.1391
19.3035
19.5505
19.8063
20.0124
20.1278
20.1211
20.0709
19.9986
19.9329
19.8986
19.9025
19.9478
20.019
20.0836
20.1266
20.2183
20.3921
20.5378
20.5566
20.4166
19.8741
19.1942
19.0263
18.9421
18.9246
18.9349
18.9598
18.9878
18.963
18.9004
18.8541
18.8598
18.8862
18.9058
18.8713
18.8433
18.8833
19.0376
19.2489
19.4
19.4605
19.3105
18.962
18.6038
18.5616
18.6427
18.8359
19.0957
19.2878
19.3438
19.2931
19.1616
18.9949
18.8587
18.8064
18.8122
18.9196
19.1313
19.3155
19.415
19.4334
19.3679
19.1687
18.8855
18.7051
18.645
18.6583
18.7106
18.8453
17.6798
18.1808
18.7192
19.3111
19.891
20.3398
20.5861
20.4613
19.5316
18.9285
19.0495
19.3027
19.6084
19.8943
20.0892
20.1626
20.153
20.1228
20.0719
20.0231
20.0028
20.0225
20.076
20.1692
20.2926
20.4174
20.5604
20.7207
20.8058
20.7189
20.4101
19.7527
19.0262
18.8892
18.8923
18.9158
18.9394
18.9534
18.9439
18.8945
18.835
18.8056
18.821
18.8737
18.9353
18.9637
18.9543
18.9914
19.1278
19.318
19.4201
19.4159
19.2752
18.9525
18.6238
18.5612
18.5856
18.6821
18.8784
19.1209
19.266
19.2871
19.1927
19.043
18.9409
18.9115
19.0234
19.196
19.3232
19.3798
19.3995
19.3855
19.3039
19.1434
18.8946
18.7469
18.7295
18.7855
18.8735
19.0199
17.4141
17.9539
18.5426
19.1704
19.7593
20.2046
20.4319
20.241
19.2203
18.7589
18.9609
19.3145
19.665
19.9429
20.1064
20.1533
20.1626
20.1579
20.1513
20.149
20.1614
20.2048
20.3018
20.4329
20.5692
20.7005
20.8412
20.9892
21.0168
20.852
20.448
19.6576
18.8298
18.7137
18.7856
18.8781
18.9427
18.9363
18.9005
18.8511
18.7855
18.7617
18.7774
18.8312
18.9126
19.0065
19.0731
19.1155
19.2112
19.3557
19.4193
19.381
19.2749
18.9594
18.6081
18.5319
18.5146
18.5481
18.6728
18.846
19.0532
19.17
19.1939
19.1719
19.1329
19.2221
19.3152
19.3573
19.362
19.3727
19.3707
19.294
19.2141
19.0891
18.8767
18.7874
18.823
18.9055
19.023
19.1848
17.2698
17.8359
18.4505
19.0908
19.6797
20.121
20.3473
20.0798
18.9784
18.6137
18.8801
19.3278
19.7129
19.9622
20.0784
20.1264
20.1514
20.1794
20.2281
20.2938
20.3733
20.4633
20.5557
20.6519
20.7509
20.8558
20.9821
21.1365
21.1526
20.9533
20.4977
19.5865
18.6603
18.5047
18.633
18.8318
18.9446
18.9371
18.8766
18.7915
18.7433
18.7303
18.7431
18.7876
18.8831
19.0193
19.1591
19.2255
19.2819
19.3697
19.4192
19.3788
19.297
18.9632
18.5645
18.4483
18.4201
18.4415
18.5109
18.6122
18.7663
18.9789
19.1419
19.3118
19.4662
19.5077
19.4797
19.4233
19.3596
19.3023
19.2662
19.2098
19.1514
19.0427
18.8537
18.8108
18.8679
18.9646
19.0906
19.2601
17.2175
17.8105
18.4433
19.0927
19.6721
20.0812
20.2989
19.9685
18.8347
18.5246
18.8391
19.3366
19.7399
19.9684
20.0474
20.0799
20.1185
20.1869
20.2883
20.4136
20.5432
20.6602
20.7582
20.8449
20.931
21.024
21.1322
21.2735
21.2731
21.0554
20.5414
19.5377
18.5258
18.3188
18.49
18.7735
18.9464
18.9692
18.8688
18.7673
18.7165
18.7069
18.7196
18.7573
18.856
19.008
19.1876
19.302
19.3416
19.3829
19.4224
19.3839
19.322
18.9605
18.5281
18.3887
18.3579
18.3885
18.4281
18.4695
18.543
18.7431
19.1402
19.5261
19.7445
19.7755
19.671
19.4818
19.3014
19.219
19.1889
19.1584
19.121
19.0183
18.8402
18.8363
18.913
19.0268
19.1649
19.3402
)
;

boundaryField
{
    inlet
    {
        type            fixedValue;
        value           uniform 10;
    }
    outlet
    {
        type            zeroGradient;
    }
    bottom
    {
        type            symmetryPlane;
    }
    top
    {
        type            symmetryPlane;
    }
    obstacle
    {
        type            zeroGradient;
    }
    defaultFaces
    {
        type            empty;
    }
}


// ************************************************************************* //
