/*--------------------------------*- C++ -*----------------------------------*\
| =========                 |                                                 |
| \\      /  F ield         | OpenFOAM: The Open Source CFD Toolbox           |
|  \\    /   O peration     | Version:  v1912                                 |
|   \\  /    A nd           | Website:  www.openfoam.com                      |
|    \\/     M anipulation  |                                                 |
\*---------------------------------------------------------------------------*/
FoamFile
{
    version     2.0;
    format      ascii;
    class       volScalarField;
    location    "1.5";
    object      Ma;
}
// * * * * * * * * * * * * * * * * * * * * * * * * * * * * * * * * * * * * * //

dimensions      [0 0 0 0 0 0 0];


internalField   nonuniform List<scalar> 
1000
(
0.369882
0.612831
0.944103
1.0383
0.985756
0.819445
0.555482
0.29606
0.182992
0.315791
0.383375
0.322531
0.570014
0.599817
0.389549
0.123765
0.354741
0.622351
0.799797
1.01944
0.557995
0.33456
0.352671
0.419476
0.495506
0.745813
1.05748
1.40882
1.57597
1.74945
0.68643
0.472422
0.305311
0.332484
0.801754
1.28163
1.64117
1.92967
2.04524
2.19352
0.713712
0.517344
0.237788
0.640881
1.19902
1.71798
2.04242
2.26796
2.37282
2.49487
0.678911
0.458411
0.432939
1.0408
1.62939
2.04128
2.25484
2.42251
2.52265
2.62582
0.493328
0.200511
0.906101
1.57747
1.99408
2.24244
2.37745
2.51369
2.59797
2.67501
0.691298
0.765487
1.52813
1.98345
2.21429
2.36647
2.48
2.58061
2.63552
2.69013
2.07689
2.07595
2.15313
2.25883
2.36764
2.45758
2.52989
2.59686
2.64086
2.68775
2.25303
2.22903
2.24164
2.3227
2.40454
2.47158
2.53595
2.59038
2.63129
2.67203
2.03561
2.12919
2.23427
2.32004
2.39997
2.46128
2.52175
2.56384
2.6059
2.63064
1.98804
2.08619
2.18545
2.27179
2.34988
2.40636
2.45916
2.49077
2.52667
2.53576
1.97514
2.05078
2.11813
2.17544
2.22524
2.26951
2.31098
2.34631
2.38323
2.40459
1.87668
1.9345
1.99304
2.0536
2.11155
2.16511
2.21549
2.26003
2.30292
2.3302
1.80637
1.86336
1.9189
1.97177
2.02751
2.08136
2.13289
2.17599
2.21905
2.24453
1.74517
1.80075
1.85391
1.90388
1.95276
1.99949
2.04898
2.09583
2.14294
2.17058
1.69954
1.75379
1.80568
1.85444
1.90227
1.94715
1.99261
2.03332
2.0782
2.10459
1.65898
1.71133
1.76205
1.8093
1.85603
1.89911
1.94275
1.98069
2.02125
2.04269
1.6352
1.68574
1.73499
1.78088
1.82635
1.86813
1.91051
1.94693
1.98562
2.00556
1.60487
1.65361
1.70159
1.74656
1.79127
1.83221
1.87377
1.90946
1.94686
1.96626
1.57465
1.61639
1.65812
1.69745
1.73737
1.77432
1.81191
1.8447
1.87831
1.89562
1.55299
1.59284
1.63172
1.66794
1.70406
1.73758
1.77124
1.8007
1.83021
1.84494
1.5248
1.55997
1.59413
1.62609
1.65749
1.68667
1.71585
1.74143
1.76694
1.77918
1.52593
1.54989
1.57578
1.60027
1.62649
1.65062
1.67612
1.69785
1.71993
1.72959
1.55478
1.57215
1.59252
1.6111
1.63195
1.65102
1.6721
1.6886
1.70401
1.70783
1.56941
1.58954
1.61133
1.63044
1.65027
1.66464
1.67566
1.67633
1.66974
1.66031
1.57895
1.59471
1.61222
1.62353
1.62629
1.61542
1.59838
1.5693
1.52548
1.49806
1.59214
1.58644
1.57307
1.54655
1.50965
1.45247
1.3864
1.29049
1.18968
1.14489
1.60887
1.53652
1.44347
1.32125
1.21982
1.13083
1.04489
0.992454
0.984843
0.999958
1.634
1.33683
1.06895
0.888262
0.845056
0.860769
0.890117
0.943574
1.00215
1.02984
1.25045
1.2795
1.30926
1.33856
1.36856
1.39796
1.42848
1.45857
1.49166
1.52531
1.22377
1.25016
1.27955
1.30988
1.34172
1.37339
1.40585
1.43767
1.47135
1.5056
1.26416
1.27612
1.29433
1.31655
1.34143
1.36634
1.39328
1.42116
1.45225
1.4835
1.37981
1.41475
1.43029
1.43998
1.44482
1.44874
1.45567
1.46679
1.48219
1.50063
1.47588
1.45869
1.46705
1.47065
1.47298
1.48097
1.49359
1.50512
1.52002
1.53385
2.14735
1.71095
1.52112
1.49311
1.49047
1.49944
1.50798
1.51798
1.53259
1.54768
2.75435
2.51762
2.12624
1.76048
1.5784
1.54133
1.53417
1.54027
1.55036
1.56213
2.95707
2.91577
2.80665
2.588
2.24694
1.86952
1.65863
1.61024
1.59242
1.58975
2.99198
2.98562
2.96734
2.92978
2.83609
2.64594
2.33507
1.96476
1.73553
1.65292
2.99881
2.99699
2.99404
2.98546
2.96927
2.9284
2.83983
2.62879
2.35703
1.95153
1.52981
1.68035
1.78303
1.85711
1.90629
1.9381
1.95181
1.95583
1.95572
1.97645
1.41306
1.53364
1.62629
1.69877
1.75316
1.79269
1.82227
1.84423
1.86729
1.90089
1.32264
1.40987
1.48686
1.55506
1.61794
1.67535
1.72989
1.78185
1.8351
1.89085
1.27517
1.34859
1.41709
1.48213
1.54341
1.60172
1.65663
1.70886
1.7594
1.8083
1.24914
1.31143
1.37154
1.42981
1.4862
1.54003
1.59193
1.64092
1.69001
1.73787
1.23661
1.28994
1.34216
1.39342
1.44377
1.49246
1.5401
1.58575
1.6323
1.67848
1.22934
1.27611
1.32266
1.36852
1.41431
1.45888
1.50315
1.54599
1.5903
1.63482
1.22655
1.26746
1.30878
1.34988
1.39123
1.43195
1.47271
1.5127
1.5545
1.59688
1.22855
1.26663
1.30492
1.34304
1.38142
1.41931
1.45739
1.49501
1.53473
1.57532
1.23569
1.26967
1.30324
1.33645
1.37018
1.40389
1.43847
1.47283
1.50998
1.54799
0.801404
0.904344
0.960838
0.98696
0.996412
1.00888
1.02822
1.07146
1.14074
1.24978
0.758333
0.83382
0.884362
0.916409
0.942722
0.972402
1.01255
1.06615
1.14031
1.23246
0.733988
0.798998
0.851334
0.895138
0.93438
0.97548
1.0204
1.07349
1.13593
1.2049
0.733257
0.794059
0.846101
0.892356
0.934676
0.977736
1.02232
1.07185
1.12651
1.18544
0.744934
0.802159
0.852468
0.898245
0.941198
0.984283
1.02825
1.07493
1.12497
1.17751
0.764175
0.818773
0.868207
0.913098
0.956045
0.997903
1.0407
1.08421
1.1304
1.17769
0.787146
0.839507
0.888403
0.931999
0.974176
1.01365
1.05465
1.09432
1.13713
1.17955
0.814206
0.863742
0.910811
0.952891
0.993304
1.03071
1.06889
1.10563
1.14464
1.18409
0.846906
0.893149
0.933659
0.97046
1.0074
1.04272
1.07852
1.11395
1.15106
1.18955
0.854436
0.914167
0.958952
0.996447
1.02749
1.05917
1.09038
1.12559
1.16061
1.20102
1.39444
0.68491
0.436018
0.47565
0.482308
0.438481
0.36174
0.28367
0.207553
0.140523
0.514246
0.197018
0.276952
0.336632
0.343669
0.314391
0.268965
0.232922
0.193498
0.164173
0.357504
0.338061
0.338867
0.322708
0.292069
0.260537
0.242241
0.236603
0.231683
0.232826
0.382639
0.38327
0.363974
0.326462
0.285538
0.261219
0.256981
0.267511
0.281979
0.296395
0.446985
0.432842
0.400588
0.356276
0.316448
0.296457
0.293734
0.305935
0.32579
0.343268
0.514565
0.492322
0.452146
0.407585
0.373774
0.35473
0.346547
0.353032
0.370203
0.383633
0.573629
0.558544
0.521229
0.480453
0.449708
0.426452
0.411386
0.410599
0.421178
0.427079
0.633687
0.631467
0.599231
0.564042
0.530736
0.506017
0.488826
0.48253
0.485867
0.481023
0.686922
0.70021
0.674058
0.644096
0.613565
0.587517
0.569466
0.562187
0.563379
0.557014
0.786789
0.796734
0.766471
0.737136
0.711655
0.689895
0.674256
0.668591
0.675861
0.694052
2.99985
2.99928
2.99845
2.99549
2.99076
2.97534
2.94421
2.86493
2.64751
2.23575
2.99963
2.99828
2.99615
2.98918
2.97637
2.93878
2.85389
2.641
2.1184
1.26502
2.99936
2.99719
2.99344
2.98252
2.96024
2.90144
2.75766
2.42398
1.68296
0.771228
2.99902
2.9959
2.99011
2.97479
2.94006
2.8537
2.63974
2.16545
1.25416
0.554226
2.99844
2.99499
2.98703
2.96827
2.92363
2.81545
2.55512
1.98594
1.05313
0.517136
2.99816
2.99413
2.98485
2.96316
2.91171
2.7877
2.49326
1.87078
0.958826
0.543957
2.99793
2.99341
2.98307
2.95898
2.90215
2.76468
2.44765
1.76676
0.91724
0.586022
2.99775
2.99285
2.98169
2.95578
2.89491
2.74775
2.41364
1.69995
0.899993
0.636241
2.99763
2.99248
2.98078
2.9537
2.8901
2.73632
2.3863
1.65141
0.868905
0.661239
2.99736
2.99162
2.97861
2.94845
2.87745
2.7052
2.31989
1.54126
0.909129
0.754439
2.99796
2.99355
2.9836
2.96082
2.90778
2.78235
2.48784
1.88614
1.03189
0.816655
2.99859
2.99553
2.98865
2.97292
2.9364
2.85029
2.64306
2.18446
1.33156
0.954151
2.99915
2.9973
2.99314
2.98365
2.96178
2.9107
2.78857
2.50367
1.8843
1.18535
2.99962
2.99878
2.9969
2.99265
2.98292
2.96053
2.90826
2.78584
2.49016
1.93614
2.99989
2.99965
2.9991
2.99788
2.99514
2.98897
2.97517
2.94337
2.87209
2.68326
2.99998
2.99992
2.99978
2.99948
2.99883
2.99742
2.99431
2.98766
2.97359
2.94561
3
2.99999
2.99996
2.99989
2.99975
2.99944
2.99881
2.99724
2.9951
2.98748
3.00001
3
3
2.99998
2.99995
2.99989
2.99977
2.99943
2.99904
2.99762
3.00001
3.00001
3
3
2.99999
2.99998
2.99995
2.99988
2.99981
2.99956
3.00001
3.00001
3.00001
3.00001
3
3
2.99999
2.99997
2.99996
2.99991
0.853114
0.914974
0.974478
1.01689
1.04746
1.07998
1.1116
1.14848
1.18296
1.22113
0.94691
0.970516
1.01456
1.06978
1.11392
1.14466
1.16541
1.17994
1.19217
1.20406
1.03182
0.927957
0.928324
0.968131
1.02834
1.10137
1.15841
1.20679
1.23909
1.26251
1.86832
1.75989
1.6502
1.51945
1.39305
1.29338
1.25195
1.25573
1.28781
1.32702
2.65114
2.5984
2.53603
2.45632
2.36768
2.26417
2.16452
2.06768
1.96691
1.78386
2.93621
2.9174
2.89594
2.87416
2.84448
2.81323
2.7735
2.72833
2.67238
2.57325
2.98645
2.98271
2.97916
2.97117
2.96633
2.95459
2.94265
2.93288
2.91109
2.88788
2.998
2.99666
2.99565
2.99518
2.99261
2.99261
2.98863
2.98806
2.98239
2.98005
2.99957
2.99941
2.99935
2.99906
2.99896
2.99853
2.99813
2.99765
2.99691
2.99619
2.9999
2.99991
2.99985
2.99985
2.9998
2.99977
2.9997
2.99964
2.99955
2.9994
)
;

boundaryField
{
    inlet
    {
        type            calculated;
        value           uniform 3.00001;
    }
    outlet
    {
        type            calculated;
        value           nonuniform List<scalar> 
30
(
0.315791
1.01944
1.74945
2.19352
2.49487
2.62582
2.67501
2.69013
2.68775
2.67203
2.63064
2.53576
2.40459
2.3302
2.24453
2.17058
2.10459
2.04269
2.00556
1.96626
1.89562
1.84494
1.77918
1.72959
1.70783
1.66031
1.49806
1.14489
0.999958
1.02984
)
;
    }
    top
    {
        type            symmetryPlane;
    }
    bottom
    {
        type            symmetryPlane;
    }
    empty
    {
        type            empty;
    }
    wall
    {
        type            calculated;
        value           uniform 0;
    }
}


// ************************************************************************* //
