/*--------------------------------*- C++ -*----------------------------------*\
| =========                 |                                                 |
| \\      /  F ield         | OpenFOAM: The Open Source CFD Toolbox           |
|  \\    /   O peration     | Version:  v1912                                 |
|   \\  /    A nd           | Website:  www.openfoam.com                      |
|    \\/     M anipulation  |                                                 |
\*---------------------------------------------------------------------------*/
FoamFile
{
    version     2.0;
    format      ascii;
    class       volScalarField;
    location    "0.18";
    object      p;
}
// * * * * * * * * * * * * * * * * * * * * * * * * * * * * * * * * * * * * * //

dimensions      [1 -1 -2 0 0 0 0];


internalField   nonuniform List<scalar> 
4800
(
1
1
1
1
1
1
1
1
1
1
1
1
1
1
2.03444
3.19041
3.38239
3.47878
3.51245
3.53614
3.55882
3.58378
3.60842
3.63109
3.65007
3.66697
3.68458
3.70634
3.72937
3.75282
3.77459
3.79493
3.81365
3.8323
3.85172
3.87466
3.89716
3.92627
3.95713
3.97033
1
1
1
1
1
1
1
1
1
1
1
1
1
1
2.05314
3.19678
3.37913
3.47308
3.51211
3.53459
3.55699
3.58141
3.6055
3.62836
3.64886
3.66819
3.68775
3.70979
3.73119
3.75262
3.77298
3.79278
3.8116
3.8302
3.84972
3.8714
3.89404
3.91637
3.94659
3.96646
1
1
1
1
1
1
1
1
1
1
1
1
1
1
2.0885
3.19731
3.36672
3.4631
3.51326
3.53905
3.55984
3.5809
3.6032
3.62633
3.64777
3.66876
3.69009
3.71232
3.73234
3.75186
3.77083
3.78995
3.80863
3.82669
3.84607
3.86601
3.88765
3.90638
3.93248
3.95057
1
1
1
1
1
1
1
1
1
1
1
1
1
1
2.13816
3.19697
3.34918
3.44803
3.50913
3.54065
3.5633
3.58245
3.60358
3.62677
3.64855
3.67016
3.69147
3.71298
3.73171
3.74977
3.76799
3.78662
3.8051
3.82233
3.84151
3.85975
3.87988
3.89608
3.9151
3.92888
1
1
1
1
1
1
1
1
1
1
1
1
1
1
2.20069
3.19272
3.32494
3.42653
3.49929
3.53929
3.56586
3.58517
3.60614
3.62953
3.65122
3.67193
3.69121
3.71097
3.7288
3.7465
3.76479
3.78315
3.80127
3.81755
3.83641
3.85349
3.87161
3.8856
3.89878
3.90914
1
1
1
1
1
1
1
1
1
1
1
1
1
1.00189
2.27167
3.18373
3.29767
3.39985
3.48515
3.53526
3.56595
3.58737
3.60963
3.63286
3.6538
3.67294
3.69012
3.70793
3.725
3.74262
3.76111
3.77919
3.79689
3.81251
3.83087
3.84727
3.86348
3.87569
3.88507
3.89205
1
1
1
1
1
1
1
1
1
1
1
1
1
1.01525
2.33816
3.17828
3.26993
3.36606
3.46459
3.52707
3.56292
3.58701
3.61087
3.63428
3.65502
3.67281
3.68841
3.70492
3.72148
3.73876
3.75699
3.77455
3.79172
3.80697
3.82465
3.84064
3.85546
3.8664
3.87356
3.87772
1
1
1
1
1
1
1
1
1
1
1
1
1
1.03475
2.40062
3.18347
3.24917
3.32961
3.43467
3.51137
3.55645
3.58407
3.60845
3.63164
3.65289
3.67083
3.6866
3.70269
3.71865
3.73506
3.75245
3.76919
3.78573
3.80072
3.81767
3.83319
3.84691
3.85697
3.86298
3.86522
1
1
1
1
1
1
1
1
1
1
1
1
1
1.05762
2.45998
3.19106
3.2376
3.29915
3.3989
3.48762
3.54498
3.57902
3.60395
3.62571
3.64711
3.66654
3.68416
3.70077
3.71616
3.73142
3.74753
3.76331
3.77903
3.79367
3.80993
3.82465
3.83718
3.84651
3.85206
3.85409
1
1
1
1
1
1
1
1
1
1
1
1
1
1.08271
2.5157
3.19835
3.23221
3.27729
3.36213
3.45839
3.52921
3.5716
3.59881
3.61985
3.64018
3.66037
3.68018
3.69797
3.7133
3.72761
3.74244
3.75721
3.77198
3.78601
3.80144
3.8149
3.82604
3.83468
3.84046
3.84445
1
1
1
1
1
1
1
1
1
1
1
1
1
1.10891
2.56673
3.20489
3.23009
3.26211
3.3296
3.42596
3.50915
3.56144
3.5932
3.61485
3.63429
3.65397
3.67475
3.69344
3.70931
3.72339
3.73742
3.75129
3.76497
3.77798
3.7922
3.80392
3.8138
3.82197
3.82906
3.83669
1
1
1
1
1
1
1
1
1
1
1
1
1
1.13512
2.61261
3.21024
3.22999
3.25241
3.30516
3.39127
3.48264
3.54698
3.58582
3.61036
3.63012
3.64897
3.66911
3.68773
3.70403
3.71847
3.73247
3.74577
3.75832
3.76987
3.78231
3.79201
3.80115
3.8095
3.81929
3.83136
1
1
1
1
1
1
1
1
1
1
1
1
1
1.16043
2.65391
3.21477
3.23113
3.24876
3.28878
3.35783
3.44904
3.52547
3.57438
3.60464
3.62644
3.64512
3.66408
3.68207
3.6983
3.71312
3.72751
3.74048
3.75195
3.76181
3.772
3.77985
3.78897
3.79877
3.81239
3.82933
1
1
1
1
1
1
1
1
1
1
1
1
1
1.18442
2.69143
3.21809
3.2336
3.25013
3.27945
3.33093
3.41151
3.49602
3.55795
3.59629
3.62187
3.64136
3.65934
3.67663
3.69272
3.70785
3.72248
3.73507
3.74548
3.75373
3.76162
3.76834
3.77826
3.79129
3.80902
3.83259
1
1
1
1
1
1
1
1
1
1
1
1
1
1.20688
2.7256
3.22043
3.23774
3.25307
3.27518
3.31169
3.37631
3.46094
3.53527
3.58429
3.61555
3.63704
3.65475
3.67151
3.68745
3.70277
3.71739
3.72931
3.73856
3.74542
3.7518
3.75833
3.77003
3.78706
3.81034
3.8415
1
1
1
1
1
1
1
1
1
1
1
1
1
1.22801
2.75622
3.22274
3.24171
3.25652
3.27427
3.30013
3.34897
3.42373
3.50548
3.5671
3.60709
3.63218
3.65069
3.66707
3.68236
3.69724
3.71137
3.72272
3.73098
3.73698
3.74301
3.75062
3.76547
3.7872
3.81772
3.85495
1
1
1
1
1
1
1
1
1
1
1
1
1
1.24817
2.78269
3.227
3.24304
3.25973
3.27553
3.29538
3.3303
3.38898
3.46976
3.54353
3.59443
3.62614
3.647
3.66347
3.67761
3.69125
3.70445
3.71509
3.7228
3.72862
3.73552
3.74651
3.76465
3.79281
3.82996
3.86832
1
1
1
1
1
1
1
1
1
1
1
1
1
1.26765
2.80475
3.23393
3.24308
3.26284
3.27863
3.29422
3.31881
3.36186
3.43185
3.51229
3.57561
3.6172
3.64275
3.66016
3.67341
3.68529
3.69686
3.70614
3.71409
3.72046
3.73009
3.74539
3.76894
3.80315
3.84342
3.87904
1
1
1
1
1
1
1
1
1
1
1
1
1
1.28718
2.8247
3.23621
3.24641
3.26493
3.28254
3.29549
3.31368
3.34356
3.39745
3.47526
3.54967
3.60298
3.63611
3.65622
3.66963
3.67997
3.68912
3.69687
3.70555
3.71351
3.72757
3.74746
3.77788
3.81665
3.85514
3.88591
1
1
1
1
1
1
1
1
1
1
1
1
1
1.30715
2.8424
3.23688
3.25084
3.26552
3.2847
3.29747
3.31247
3.33326
3.37207
3.43686
3.51567
3.58184
3.62495
3.65031
3.66532
3.6751
3.68189
3.68867
3.69798
3.70858
3.72761
3.75427
3.7902
3.8288
3.86333
3.89034
1
1
1
1
1
1
1
1
1
1
1
1
1
1.32779
2.8595
3.23859
3.25257
3.26579
3.28513
3.29961
3.31338
3.32965
3.35555
3.4033
3.47652
3.55222
3.60723
3.64096
3.65949
3.67001
3.67539
3.68207
3.69239
3.70849
3.73207
3.76431
3.80185
3.83706
3.86755
3.89233
1
1
1
1
1
1
1
1
1
1
1
1
1
1.34944
2.87658
3.23883
3.25254
3.26645
3.2838
3.30059
3.31471
3.3289
3.34687
3.37981
3.43755
3.51432
3.58146
3.62601
3.65081
3.66391
3.66997
3.67785
3.69065
3.71139
3.73957
3.77422
3.80977
3.84091
3.86875
3.89231
1
1
1
1
1
1
1
1
1
1
1
1
1
1.37236
2.89373
3.2371
3.25183
3.26667
3.28201
3.30038
3.31551
3.32997
3.34492
3.36574
3.40588
3.47245
3.54642
3.60333
3.638
3.65613
3.66562
3.67621
3.69295
3.71858
3.74871
3.7823
3.81412
3.84161
3.86798
3.89048
1
1
1
1
1
1
1
1
1
1
1
1
1
1.39657
2.90988
3.2336
3.24971
3.26615
3.27982
3.29959
3.31575
3.33165
3.34558
3.35948
3.38477
3.4337
3.50462
3.57217
3.61915
3.64598
3.66199
3.67734
3.69987
3.72888
3.75829
3.78815
3.81578
3.84045
3.86523
3.88687
1
1
1
1
1
1
1
1
1
1
1
1
1
1.42136
2.92392
3.22841
3.24557
3.26454
3.27701
3.29805
3.31526
3.33226
3.34701
3.35813
3.37282
3.40497
3.46198
3.53291
3.59269
3.63238
3.65876
3.68199
3.71049
3.73992
3.7665
3.79128
3.81501
3.83778
3.86113
3.88198
1
1
1
1
1
1
1
1
1
1
1
1
1
1.44585
2.93722
3.22384
3.24088
3.26143
3.27396
3.29507
3.31407
3.33134
3.34815
3.35935
3.3687
3.38664
3.42582
3.48943
3.55859
3.61382
3.65497
3.68906
3.7221
3.74996
3.77197
3.79171
3.81244
3.83344
3.8556
3.87613
1
1
1
1
1
1
1
1
1
1
1
1
1
1.46881
2.9494
3.22033
3.23593
3.25665
3.27045
3.29098
3.31197
3.3301
3.34753
3.36098
3.36866
3.3781
3.40055
3.44846
3.51921
3.58986
3.64845
3.69484
3.73205
3.75823
3.77494
3.78971
3.80823
3.82746
3.84882
3.86916
1
1
1
1
1
1
1
1
1
1
1
1
1
1.49091
2.96131
3.21747
3.23145
3.25115
3.26652
3.28626
3.30909
3.32851
3.34623
3.36186
3.3701
3.37531
3.38634
3.41849
3.48057
3.56141
3.63714
3.6964
3.73796
3.76364
3.7757
3.78666
3.80344
3.82104
3.84134
3.861
1
1
1
1
1
1
1
1
1
1
1
1
1
1.51219
2.9721
3.21538
3.22734
3.24556
3.26208
3.2812
3.30572
3.32658
3.34493
3.36161
3.37128
3.37524
3.38116
3.40108
3.45074
3.53146
3.61946
3.69055
3.73775
3.76453
3.77445
3.78218
3.79755
3.81383
3.83222
3.85076
1
1
1
1
1
1
1
1
1
1
1
1
1
1.53209
2.98136
3.21475
3.22372
3.23954
3.25653
3.27607
3.30155
3.32389
3.34349
3.36036
3.37175
3.37614
3.38168
3.39546
3.43439
3.50408
3.59497
3.67643
3.73017
3.75961
3.76995
3.77566
3.79039
3.80567
3.82166
3.83875
1
1
1
1
1
1
1
1
1
1
1
1
1
1.54987
2.98979
3.21571
3.22073
3.23337
3.25014
3.27046
3.29642
3.32016
3.34114
3.35862
3.37132
3.37841
3.3856
3.39861
3.42852
3.48476
3.56644
3.65229
3.71475
3.74848
3.7631
3.76872
3.78182
3.79559
3.80938
3.82569
1
1
1
1
1
1
1
1
1
1
1
1
1
1.56542
2.99738
3.21777
3.21885
3.22785
3.24355
3.26423
3.29037
3.31523
3.33752
3.35655
3.37106
3.38195
3.39277
3.40785
3.43297
3.47648
3.54007
3.62056
3.69054
3.73228
3.75354
3.76195
3.77164
3.78309
3.79532
3.81347
1
1
1
1
1
1
1
1
1
1
1
1
1
1.5787
3.00431
3.22075
3.218
3.22316
3.237
3.25754
3.28339
3.30897
3.33247
3.35379
3.37122
3.38676
3.40282
3.42005
3.44358
3.47578
3.52193
3.58689
3.65796
3.7109
3.74071
3.7532
3.7599
3.76868
3.78178
3.80793
1
1
1
1
1
1
1
1
1
1
1
1
1
1.58996
3.01081
3.22391
3.21775
3.21966
3.23061
3.25015
3.27523
3.30118
3.32637
3.3503
3.372
3.39351
3.41478
3.43318
3.45518
3.47808
3.51085
3.5575
3.62119
3.68205
3.72233
3.7401
3.74703
3.7551
3.77321
3.81093
1
1
1
1
1
1
1
1
1
1
1
1
1
1.59963
3.01641
3.22648
3.21848
3.21753
3.22445
3.24195
3.26578
3.29193
3.31964
3.34659
3.37391
3.40149
3.42724
3.44661
3.46693
3.48298
3.50375
3.53705
3.5853
3.64524
3.69511
3.72163
3.73354
3.74458
3.77297
3.8231
1
1
1
1
1
1
1
1
1
1
1
1
1
1.60781
3.02098
3.22847
3.21963
3.21639
3.21884
3.23337
3.25546
3.28184
3.31215
3.34388
3.37703
3.40988
3.43876
3.45884
3.47764
3.48967
3.50197
3.52507
3.55535
3.60512
3.65808
3.6964
3.71892
3.73914
3.78176
3.85196
1
1
1
1
1
1
1
1
1
1
1
1
1
1.61445
3.02452
3.22981
3.22091
3.21574
3.2143
3.2254
3.24523
3.27204
3.305
3.34268
3.38142
3.41823
3.44864
3.46868
3.48683
3.4976
3.50541
3.5184
3.53647
3.56779
3.61494
3.66393
3.70272
3.74113
3.80643
3.89015
1
1
1
1
1
1
1
1
1
1
1
1
1
1.61955
3.02699
3.23066
3.22198
3.21551
3.21114
3.21878
3.23634
3.26358
3.29946
3.34233
3.38617
3.4258
3.45671
3.4759
3.49378
3.50485
3.51134
3.51782
3.52652
3.53922
3.57338
3.62584
3.6856
3.7521
3.84063
3.92639
1
1
1
1
1
1
1
1
1
1
1
1
1
1.62303
3.0287
3.23114
3.22273
3.21548
3.2091
3.21414
3.23005
3.25738
3.29567
3.3429
3.39046
3.43136
3.46202
3.4803
3.49798
3.50973
3.5164
3.51918
3.52208
3.52198
3.54071
3.58857
3.67007
3.77046
3.87241
3.95097
1
1
1
1
1
1
1
1
1
1
1
1
1
1.62471
3.02971
3.23153
3.22332
3.21585
3.20823
3.21169
3.22618
3.25308
3.29244
3.34262
3.39293
3.43546
3.46623
3.4835
3.50087
3.51275
3.52006
3.52222
3.52239
3.51611
3.52332
3.56339
3.65627
3.77963
3.89169
3.96793
4.0905
4.0193
3.9843
3.9524
3.9263
3.90612
3.8934
3.8894
3.89436
3.91318
3.94967
4.00868
4.07397
4.12967
4.17147
4.19982
4.21598
4.22485
4.22987
4.23305
4.23442
4.23037
4.21656
4.19631
4.17554
4.16064
4.15433
4.17673
4.24485
4.35251
4.46973
4.56883
4.63529
4.66819
4.67886
4.67731
4.68664
4.71571
4.7569
4.79425
4.81957
4.82672
4.81093
4.79572
4.80435
4.87265
5.01387
5.18756
5.33026
5.40629
5.43447
5.43107
5.41128
5.38299
5.34461
5.30031
5.26049
5.23189
5.21995
5.23147
5.26374
5.31588
5.37324
5.40645
5.41061
5.39954
5.3823
5.36079
5.33898
5.31973
5.3033
5.27715
5.25068
5.24071
5.27168
5.35521
5.47412
5.57442
5.64205
5.68629
3.98898
3.9413
3.93313
3.91961
3.90562
3.89172
3.88391
3.884
3.89413
3.92085
3.96579
4.02532
4.089
4.14241
4.17923
4.20253
4.21747
4.22621
4.23142
4.23395
4.23323
4.22539
4.2088
4.18841
4.17009
4.1611
4.1719
4.21334
4.28731
4.38464
4.48997
4.5769
4.63372
4.66306
4.67627
4.68058
4.69423
4.72448
4.76437
4.79802
4.8173
4.82234
4.80676
4.79823
4.8217
4.90847
5.06044
5.22848
5.35272
5.41414
5.43267
5.42641
5.40249
5.3704
5.33096
5.28857
5.25203
5.22788
5.21932
5.23496
5.26948
5.3213
5.37267
5.39827
5.39863
5.38754
5.37123
5.35057
5.32794
5.30819
5.29089
5.2686
5.25291
5.26101
5.31187
5.40262
5.50563
5.5841
5.63752
5.67096
3.96467
3.94514
3.93766
3.92164
3.90847
3.89816
3.8948
3.89831
3.91351
3.94219
3.98292
4.03214
4.08844
4.14039
4.17729
4.20156
4.21813
4.22748
4.23148
4.23212
4.22849
4.21736
4.20244
4.18772
4.17855
4.18379
4.21083
4.26097
4.32045
4.39137
4.47592
4.55854
4.61982
4.65566
4.67619
4.68682
4.70193
4.73006
4.76661
4.79718
4.8133
4.81656
4.805
4.80518
4.84587
4.94465
5.09202
5.24548
5.35559
5.41375
5.4312
5.42311
5.39745
5.36441
5.32508
5.28553
5.25132
5.22871
5.22119
5.23567
5.26959
5.31906
5.3659
5.3905
5.3908
5.38247
5.36918
5.34894
5.32061
5.29408
5.27745
5.2631
5.26056
5.28698
5.35216
5.4477
5.53059
5.58632
5.62547
5.64806
3.93833
3.93119
3.92589
3.91439
3.90627
3.90098
3.9017
3.91206
3.9324
3.96053
3.99493
4.03203
4.08082
4.13028
4.16887
4.19605
4.21519
4.22612
4.22975
4.2272
4.21968
4.20774
4.19711
4.19045
4.19617
4.22101
4.26484
4.30992
4.34762
4.3909
4.45051
4.52701
4.59678
4.64464
4.67409
4.69282
4.71169
4.73708
4.76811
4.79444
4.8086
4.81195
4.80787
4.82228
4.87896
4.98383
5.12153
5.25906
5.35655
5.41136
5.42809
5.41864
5.39129
5.35594
5.31681
5.28115
5.24975
5.23022
5.22589
5.2396
5.27056
5.31425
5.35369
5.37473
5.37478
5.36938
5.35817
5.33544
5.30352
5.28285
5.26695
5.26275
5.28016
5.32953
5.40742
5.49735
5.55986
5.5973
5.61908
5.62781
3.91788
3.91557
3.91173
3.90424
3.90172
3.90255
3.91391
3.93319
3.95681
3.98072
4.0068
4.033
4.07144
4.11917
4.16274
4.19463
4.21648
4.22711
4.22715
4.22101
4.21026
4.20092
4.19663
4.20461
4.23194
4.27624
4.32046
4.34906
4.36589
4.38664
4.42469
4.49059
4.56685
4.62897
4.66961
4.6976
4.72147
4.74654
4.77198
4.79347
4.80478
4.80926
4.8147
4.84672
4.91804
5.02091
5.14553
5.26422
5.35237
5.40479
5.42297
5.41389
5.38616
5.34898
5.31039
5.27772
5.25082
5.23438
5.23236
5.24494
5.27119
5.30753
5.33884
5.3562
5.35666
5.35377
5.34391
5.32235
5.29229
5.27237
5.26243
5.27484
5.31052
5.38222
5.4678
5.54795
5.59048
5.6118
5.61802
5.61392
3.89839
3.89646
3.89427
3.89256
3.89733
3.91024
3.93282
3.95781
3.97954
3.99559
4.01076
4.02925
4.05886
4.10518
4.15495
4.19235
4.2155
4.22382
4.22004
4.21059
4.20218
4.19885
4.20655
4.23536
4.28456
4.334
4.36567
4.37765
4.37882
4.38288
4.4049
4.45569
4.53205
4.60681
4.66221
4.70106
4.73077
4.75533
4.77529
4.79219
4.80241
4.80882
4.82839
4.87939
4.96081
5.05619
5.16294
5.26481
5.3444
5.39381
5.41265
5.40454
5.37767
5.34027
5.30411
5.27496
5.2523
5.23975
5.23979
5.25139
5.27387
5.30315
5.32772
5.34167
5.34276
5.34275
5.33312
5.30935
5.28245
5.26648
5.26547
5.29019
5.35208
5.44044
5.52495
5.59092
5.61758
5.62437
5.61905
5.60519
3.88166
3.87976
3.88022
3.88493
3.90052
3.92517
3.95448
3.97955
3.99513
4.0032
4.01067
4.02357
4.04754
4.09143
4.14602
4.1892
4.21251
4.21666
4.21017
4.20236
4.19911
4.20698
4.23396
4.28473
4.3405
4.38005
4.39685
4.39726
4.38913
4.38329
4.39315
4.4283
4.49631
4.57937
4.65042
4.7013
4.73769
4.76251
4.77827
4.79055
4.79975
4.81191
4.84986
4.91919
5.00237
5.08858
5.17212
5.26109
5.33317
5.37863
5.39718
5.39087
5.3659
5.33112
5.29845
5.2736
5.255
5.24536
5.24651
5.25731
5.2784
5.30449
5.32507
5.33547
5.33672
5.33633
5.32483
5.30037
5.27649
5.26609
5.26911
5.31388
5.39721
5.48908
5.5643
5.61778
5.63385
5.63123
5.617
5.59759
3.86698
3.8656
3.87063
3.88274
3.91033
3.94186
3.97304
3.99386
4.00318
4.00636
4.00932
4.01752
4.03762
4.07622
4.13175
4.17955
4.20347
4.20549
4.20081
4.19848
4.207
4.23309
4.28031
4.33805
4.3847
4.40992
4.41711
4.41112
4.39834
4.38833
4.38828
4.41062
4.46464
4.54812
4.63303
4.69701
4.74025
4.76651
4.77962
4.78818
4.79777
4.8237
4.88178
4.96356
5.04077
5.11351
5.17857
5.25457
5.31841
5.3596
5.37711
5.3729
5.35134
5.32168
5.2933
5.27348
5.2601
5.25237
5.25293
5.26274
5.28367
5.31026
5.33096
5.33878
5.33912
5.33406
5.31879
5.29321
5.2693
5.26205
5.27887
5.34173
5.43402
5.51501
5.58238
5.62868
5.64016
5.63162
5.6138
5.59436
3.85577
3.85838
3.8694
3.89021
3.92341
3.95764
3.98565
4.00102
4.00668
4.0075
4.00799
4.01259
4.02781
4.05917
4.11069
4.16143
4.18939
4.19504
4.19692
4.20758
4.23354
4.278
4.33287
4.38128
4.41217
4.42648
4.42885
4.42007
4.40714
4.39541
4.39164
4.40421
4.44265
4.51566
4.60875
4.68679
4.73777
4.76611
4.7787
4.78705
4.80029
4.84464
4.92382
5.00792
5.07588
5.12846
5.1809
5.24521
5.30084
5.3378
5.35413
5.35181
5.33452
5.31096
5.28878
5.2738
5.26528
5.25941
5.25942
5.2682
5.28931
5.31772
5.34235
5.35024
5.34834
5.337
5.31451
5.28427
5.26299
5.2642
5.29541
5.3703
5.45302
5.51856
5.58041
5.62426
5.63825
5.63214
5.61509
5.59938
3.84895
3.85708
3.87576
3.90449
3.93794
3.96924
3.99161
4.00406
4.00819
4.00793
4.00671
4.00803
4.01706
4.04095
4.08383
4.13589
4.17234
4.18977
4.20407
4.23434
4.28019
4.33255
4.37877
4.40993
4.42617
4.43307
4.433
4.42628
4.41541
4.40462
4.3989
4.4049
4.43035
4.48595
4.57703
4.668
4.72967
4.76061
4.77504
4.78665
4.8117
4.8774
4.9716
5.04719
5.10225
5.13798
5.17938
5.23307
5.28148
5.31473
5.32975
5.32904
5.31629
5.29879
5.28382
5.27413
5.26894
5.26498
5.26534
5.27335
5.29466
5.32568
5.35452
5.36224
5.35613
5.33841
5.30897
5.27622
5.2588
5.27252
5.32792
5.39908
5.45787
5.50976
5.56664
5.61122
5.63349
5.63579
5.62626
5.6229
3.84651
3.86199
3.8898
3.92303
3.95138
3.97642
3.99415
4.00456
4.0079
4.00714
4.00449
4.00328
4.00675
4.02201
4.0542
4.10572
4.15467
4.19111
4.22505
4.27949
4.33742
4.38299
4.41174
4.42567
4.43122
4.43375
4.43421
4.43116
4.42391
4.41529
4.40884
4.40941
4.42508
4.46457
4.5407
4.63829
4.71283
4.75077
4.77063
4.7881
4.83517
4.92137
5.01813
5.08021
5.11774
5.14201
5.17497
5.2187
5.26125
5.29246
5.30654
5.30628
5.29658
5.28406
5.27628
5.27264
5.27202
5.2706
5.2714
5.27892
5.2992
5.33062
5.36067
5.36683
5.3542
5.32985
5.29458
5.26799
5.26841
5.31173
5.37732
5.42854
5.46173
5.50175
5.55207
5.59834
5.6324
5.653
5.66439
5.67759
3.84851
3.87283
3.90883
3.93995
3.96261
3.98074
3.99421
4.00339
4.00683
4.00612
4.00242
3.99886
3.99782
4.00505
4.02707
4.07441
4.13786
4.19865
4.26511
4.33469
4.38999
4.42072
4.43179
4.43285
4.43241
4.43359
4.43574
4.43653
4.43342
4.42691
4.42002
4.41687
4.42356
4.45145
4.50606
4.59907
4.68628
4.73699
4.7675
4.79617
4.86995
4.97026
5.05641
5.10648
5.12661
5.14132
5.16583
5.201
5.24037
5.27169
5.28549
5.28431
5.27546
5.2673
5.26492
5.26793
5.27275
5.27622
5.27868
5.28529
5.30272
5.33143
5.35674
5.35878
5.33939
5.31089
5.28305
5.27554
5.30757
5.37215
5.42684
5.4567
5.47733
5.50603
5.54604
5.59302
5.64189
5.68555
5.71035
5.72289
3.85511
3.88942
3.92559
3.95295
3.97057
3.98264
3.99275
4.00135
4.00583
4.00555
4.00142
3.99541
3.99055
3.99125
4.00595
4.04729
4.12588
4.21914
4.31242
4.38441
4.42744
4.44278
4.44189
4.43684
4.43409
4.43546
4.4395
4.44294
4.44267
4.43771
4.43038
4.42442
4.4249
4.44206
4.48084
4.5567
4.65089
4.7192
4.76525
4.81646
4.91368
5.01722
5.08447
5.1218
5.13165
5.13755
5.15233
5.1801
5.21881
5.2512
5.26569
5.26462
5.25664
5.25291
5.25729
5.26622
5.27483
5.28066
5.28524
5.29226
5.30602
5.32897
5.34569
5.34242
5.32026
5.29568
5.28569
5.30276
5.36205
5.42766
5.47148
5.48679
5.49923
5.52001
5.55438
5.60528
5.66562
5.71203
5.7315
5.73803
3.86599
3.90511
3.93858
3.96148
3.97467
3.98273
3.99054
3.99906
4.00481
4.00512
4.00045
3.992
3.98372
3.98132
3.99445
4.03386
4.12334
4.24553
4.351
4.41727
4.44853
4.4548
4.4489
4.44135
4.43798
4.43976
4.44485
4.44954
4.45082
4.44687
4.43919
4.43116
4.42802
4.43695
4.4665
4.51905
4.60884
4.69609
4.76505
4.84951
4.96154
5.05753
5.10575
5.12719
5.13201
5.1303
5.13687
5.15763
5.19554
5.22905
5.24572
5.24793
5.24514
5.24715
5.25588
5.26665
5.27632
5.28428
5.29207
5.30082
5.31108
5.32651
5.33401
5.33002
5.3105
5.29632
5.30213
5.34487
5.41453
5.47209
5.49889
5.51214
5.52442
5.54599
5.5861
5.63828
5.68724
5.71993
5.72887
5.73072
3.8806
3.91738
3.94653
3.9656
3.97592
3.98166
3.98772
3.99594
4.00251
4.00323
3.99781
3.9879
3.98
3.97868
3.99363
4.03636
4.13223
4.26371
4.37114
4.43302
4.45675
4.46038
4.45454
4.44694
4.44354
4.44528
4.45036
4.45509
4.45687
4.45338
4.44589
4.43822
4.43374
4.43732
4.4567
4.49513
4.56525
4.66535
4.76765
4.88862
5.0069
5.08686
5.12075
5.12819
5.12617
5.1199
5.12076
5.13567
5.16973
5.20476
5.22688
5.23628
5.24048
5.24699
5.2573
5.26937
5.28101
5.29113
5.30154
5.31155
5.31907
5.32513
5.32382
5.31687
5.30633
5.30454
5.33245
5.39514
5.45578
5.5011
5.52068
5.53344
5.54955
5.58122
5.62258
5.66466
5.69617
5.71436
5.71608
5.71443
3.89279
3.92655
3.95079
3.96683
3.97546
3.97974
3.98418
3.9911
3.99731
3.99821
3.9927
3.98429
3.98038
3.9833
4.00569
4.05962
4.14858
4.2682
4.37325
4.43651
4.46446
4.46934
4.4651
4.45738
4.45278
4.4525
4.45594
4.46002
4.46168
4.45829
4.45225
4.44687
4.44298
4.44252
4.4531
4.48107
4.52954
4.62889
4.77089
4.92659
5.04523
5.10653
5.12848
5.12631
5.11644
5.10622
5.10341
5.11404
5.14315
5.18037
5.21091
5.22927
5.23985
5.24893
5.26037
5.27312
5.28588
5.29866
5.3116
5.32175
5.32698
5.3248
5.31709
5.3133
5.30866
5.3236
5.3761
5.44172
5.48776
5.51517
5.53463
5.5534
5.57954
5.61409
5.64819
5.67694
5.69585
5.70592
5.70157
5.69996
3.90247
3.93195
3.95245
3.96644
3.97398
3.97711
3.97963
3.98403
3.98848
3.98964
3.98633
3.98339
3.98641
4.00009
4.03795
4.09478
4.16198
4.25829
4.35964
4.42982
4.46771
4.47769
4.47588
4.46872
4.46237
4.45995
4.46111
4.46429
4.4656
4.46238
4.45834
4.45578
4.45326
4.45107
4.45475
4.47493
4.51434
4.59689
4.76896
4.95353
5.0714
5.11823
5.13107
5.12238
5.10592
5.09229
5.08638
5.09307
5.11829
5.1589
5.19845
5.2253
5.24065
5.25128
5.26211
5.27409
5.28772
5.30414
5.32006
5.32792
5.3297
5.32285
5.31273
5.31427
5.31869
5.35959
5.42772
5.48149
5.51351
5.53022
5.54917
5.57814
5.609
5.63689
5.66013
5.68223
5.69041
5.6966
5.69297
5.69626
3.90944
3.93436
3.95227
3.9649
3.97161
3.97386
3.97407
3.97497
3.97681
3.97907
3.98105
3.98626
4.00177
4.03539
4.08232
4.12736
4.17326
4.2399
4.33468
4.41646
4.46625
4.48327
4.48576
4.48063
4.47256
4.46741
4.46586
4.46797
4.46945
4.46724
4.46525
4.46475
4.46318
4.46041
4.4612
4.47666
4.51436
4.58787
4.76726
4.9629
5.0794
5.11999
5.12737
5.11496
5.09512
5.07886
5.07057
5.07493
5.09818
5.14168
5.18857
5.22255
5.2408
5.25075
5.25945
5.27117
5.28804
5.30831
5.32454
5.32879
5.32488
5.31556
5.31147
5.32117
5.34741
5.41388
5.48019
5.51695
5.53668
5.5505
5.57334
5.60692
5.63255
5.65012
5.6677
5.68164
5.68774
5.6966
5.6999
5.70725
3.91374
3.93504
3.95103
3.96245
3.9686
3.96992
3.96752
3.96469
3.96436
3.96896
3.97942
3.99672
4.03454
4.08352
4.12469
4.15156
4.17957
4.2223
4.30528
4.39778
4.46071
4.4864
4.49508
4.49151
4.48293
4.4752
4.47128
4.47208
4.47364
4.47265
4.47172
4.47231
4.47137
4.46867
4.46993
4.48492
4.52712
4.60824
4.77314
4.95143
5.06651
5.10833
5.11643
5.10544
5.0853
5.06812
5.0583
5.06166
5.08414
5.12839
5.17973
5.21908
5.23869
5.24701
5.25364
5.26567
5.28506
5.30717
5.32019
5.31964
5.30955
5.30104
5.30943
5.33929
5.39758
5.47455
5.52635
5.54921
5.56054
5.5746
5.59921
5.62685
5.64415
5.65667
5.66906
5.68346
5.6946
5.70661
5.71557
5.73344
3.91509
3.93423
3.94875
3.95902
3.96449
3.96493
3.96013
3.9545
3.95408
3.9638
3.9841
4.02429
4.08112
4.12958
4.15705
4.168
4.18131
4.21099
4.27496
4.37085
4.44704
4.48747
4.50189
4.50086
4.49334
4.48369
4.47763
4.47657
4.478
4.4777
4.47691
4.47788
4.47757
4.47651
4.48038
4.50257
4.55659
4.65221
4.77941
4.92236
5.03702
5.08641
5.09866
5.09384
5.07677
5.06034
5.05017
5.05318
5.07467
5.11742
5.17037
5.21338
5.23471
5.24236
5.24726
5.25879
5.27731
5.29564
5.30232
5.29557
5.28296
5.2859
5.31584
5.37314
5.45583
5.52539
5.56102
5.57507
5.58347
5.59555
5.61371
5.63093
5.6463
5.65926
5.67008
5.68864
5.71157
5.7398
5.7612
5.78203
3.91468
3.93213
3.94527
3.95444
3.95893
3.95847
3.95247
3.94679
3.94946
3.96667
4.0047
4.06604
4.12695
4.16377
4.17821
4.17964
4.18358
4.20364
4.24788
4.33653
4.42719
4.48457
4.50478
4.50833
4.50377
4.49322
4.48499
4.48186
4.48257
4.48183
4.48067
4.48116
4.48135
4.48289
4.49322
4.53052
4.60525
4.706
4.78907
4.88463
4.98919
5.05298
5.07639
5.08071
5.06909
5.05382
5.04479
5.04798
5.06808
5.10796
5.16069
5.20551
5.22912
5.2381
5.24309
5.25249
5.2649
5.27285
5.27029
5.26172
5.25879
5.28216
5.33687
5.42252
5.50905
5.56115
5.58392
5.59395
5.60276
5.61113
5.61884
5.62795
5.64284
5.66121
5.68743
5.72508
5.76609
5.80008
5.8098
5.81672
3.91266
3.92858
3.94076
3.94865
3.95189
3.95099
3.94643
3.9444
3.95225
3.98359
4.04195
4.10953
4.16039
4.18487
4.19083
4.18949
4.18862
4.19872
4.22846
4.29907
4.39892
4.47363
4.5057
4.51604
4.51323
4.50309
4.49296
4.48766
4.48671
4.48493
4.48337
4.48254
4.48335
4.48895
4.51038
4.569
4.66669
4.75747
4.80457
4.85008
4.92901
5.00608
5.04915
5.06545
5.06043
5.04723
5.04
5.04443
5.06302
5.1
5.15082
5.19501
5.22162
5.23442
5.24189
5.2478
5.25036
5.24772
5.24103
5.23397
5.24625
5.2916
5.37407
5.47502
5.54857
5.58269
5.59795
5.60829
5.61757
5.62244
5.62386
5.62762
5.64085
5.66991
5.71937
5.77786
5.82005
5.83764
5.83092
5.82983
3.90907
3.92372
3.93491
3.94118
3.94332
3.94359
3.94362
3.94616
3.96965
4.0202
4.08587
4.14212
4.17824
4.19616
4.19975
4.19793
4.19496
4.19677
4.21612
4.26591
4.36283
4.45452
4.50502
4.52175
4.5211
4.51286
4.50123
4.4937
4.49049
4.48743
4.48488
4.4825
4.48414
4.49619
4.53267
4.61839
4.72909
4.80059
4.82352
4.82882
4.86928
4.94567
5.01227
5.04557
5.04905
5.04176
5.03666
5.04334
5.06061
5.09375
5.14026
5.18155
5.2118
5.23053
5.24207
5.24538
5.2393
5.22819
5.21503
5.21589
5.24575
5.31543
5.4212
5.51882
5.57304
5.59502
5.60755
5.61919
5.62944
5.63285
5.63056
5.63427
5.64992
5.6889
5.7466
5.79955
5.82923
5.83229
5.81943
5.82044
3.90451
3.91809
3.92782
3.93226
3.93411
3.93733
3.94317
3.96068
4.00702
4.06792
4.12245
4.16083
4.186
4.19996
4.20556
4.20522
4.20115
4.19824
4.20828
4.24208
4.32375
4.42775
4.49882
4.52348
4.52792
4.52209
4.51016
4.50019
4.49433
4.48966
4.48551
4.48199
4.48503
4.50579
4.56278
4.67537
4.7826
4.83156
4.8358
4.82335
4.82572
4.87785
4.95981
5.01688
5.03424
5.03707
5.03573
5.04293
5.05955
5.08922
5.1296
5.1667
5.20045
5.22627
5.24272
5.24514
5.23344
5.21243
5.19948
5.2096
5.25731
5.35214
5.46621
5.54841
5.58597
5.60297
5.61654
5.62871
5.6372
5.64033
5.64065
5.64859
5.67145
5.71177
5.75292
5.78314
5.80066
5.80103
5.79181
5.79618
3.89906
3.91139
3.91906
3.92212
3.92521
3.93382
3.9497
3.99533
4.05811
4.11183
4.14667
4.16991
4.18707
4.20104
4.20882
4.21042
4.20689
4.20213
4.20444
4.22761
4.28817
4.39337
4.48402
4.52338
4.53314
4.53016
4.51973
4.50742
4.49836
4.492
4.48601
4.48189
4.48858
4.51955
4.60377
4.7305
4.82191
4.85183
4.84848
4.81913
4.80104
4.81872
4.89207
4.97438
5.01451
5.03202
5.03508
5.04418
5.06029
5.08562
5.11944
5.153
5.18912
5.22072
5.24082
5.24269
5.22759
5.20351
5.19445
5.21586
5.28411
5.39417
5.49836
5.56241
5.59266
5.61115
5.62629
5.63848
5.64622
5.65161
5.6586
5.67284
5.6985
5.72705
5.7514
5.77028
5.77869
5.7769
5.77354
5.78038
3.8928
3.90375
3.90939
3.91205
3.91917
3.93553
3.9773
4.044
4.10647
4.14448
4.16111
4.17432
4.18607
4.19962
4.20982
4.21342
4.21154
4.20685
4.20522
4.21962
4.26222
4.35454
4.45972
4.51891
4.53592
4.5367
4.52907
4.51553
4.50369
4.49528
4.48776
4.48402
4.49511
4.54353
4.65347
4.7736
4.84567
4.86353
4.85612
4.81796
4.78686
4.77865
4.82189
4.91485
4.98732
5.02202
5.03417
5.04684
5.06193
5.08286
5.11244
5.14387
5.17909
5.21179
5.23196
5.23308
5.21807
5.19855
5.19972
5.23629
5.32582
5.43034
5.51373
5.5663
5.59924
5.62158
5.63748
5.64924
5.65873
5.66952
5.6837
5.70174
5.72321
5.74166
5.7497
5.75102
5.74774
5.7478
5.75433
5.76719
3.88521
3.8949
3.89987
3.90537
3.91862
3.95486
4.02078
4.09226
4.14228
4.166
4.17086
4.17695
4.18506
4.19669
4.20821
4.21466
4.21526
4.21207
4.20918
4.2165
4.24679
4.31659
4.42602
4.50679
4.53596
4.54193
4.53708
4.52515
4.51132
4.50002
4.49185
4.48968
4.50723
4.58044
4.70551
4.80411
4.85443
4.86948
4.85793
4.81759
4.77754
4.7568
4.76826
4.84379
4.94452
5.00427
5.03331
5.04683
5.06198
5.08188
5.11029
5.14023
5.17095
5.19841
5.21369
5.21324
5.2015
5.19273
5.21103
5.28002
5.37669
5.45996
5.51969
5.56824
5.60783
5.63435
5.64993
5.66103
5.67439
5.69057
5.70881
5.72702
5.74041
5.74264
5.73694
5.7266
5.72507
5.73601
5.75189
5.77145
3.87637
3.88559
3.89267
3.90332
3.93318
3.99397
4.0684
4.12844
4.16346
4.17956
4.17844
4.17945
4.18473
4.19379
4.20525
4.21446
4.21818
4.21743
4.21535
4.218
4.23818
4.28626
4.38555
4.48488
4.53262
4.54509
4.54397
4.53549
4.51981
4.50528
4.49779
4.49851
4.53004
4.62819
4.75079
4.8275
4.8541
4.86659
4.85348
4.81503
4.77433
4.74664
4.73996
4.78058
4.88497
4.97596
5.02533
5.0447
5.06115
5.08187
5.11118
5.14039
5.16415
5.18179
5.18733
5.18193
5.17728
5.18336
5.23958
5.33964
5.42633
5.48485
5.5264
5.57396
5.61676
5.64457
5.6601
5.67288
5.6891
5.70718
5.7246
5.73599
5.73692
5.72563
5.71408
5.71174
5.7238
5.7473
5.76924
5.79358
3.86613
3.87709
3.88922
3.9133
3.96818
4.04247
4.10703
4.15089
4.17461
4.18654
4.18487
4.18256
4.18534
4.1918
4.20217
4.21301
4.22003
4.22232
4.22194
4.22275
4.23444
4.26804
4.34421
4.45222
4.52288
4.54627
4.55062
4.5451
4.52793
4.51177
4.50554
4.51149
4.56735
4.68115
4.78233
4.84113
4.8548
4.85723
4.84303
4.81221
4.77407
4.74497
4.73099
4.74162
4.81877
4.92885
5.00445
5.04015
5.05958
5.08241
5.11363
5.14158
5.15771
5.16446
5.15717
5.14713
5.15048
5.1885
5.29004
5.39941
5.46887
5.50692
5.54136
5.58368
5.62263
5.64797
5.66418
5.67995
5.69802
5.71522
5.72692
5.72646
5.71293
5.69862
5.69055
5.69808
5.72024
5.75507
5.79111
5.82736
3.85499
3.87171
3.89333
3.94287
4.01596
4.08538
4.13328
4.16329
4.18058
4.18989
4.18939
4.18599
4.1871
4.19137
4.19995
4.211
4.22044
4.2262
4.22813
4.22919
4.23522
4.259
4.3091
4.41188
4.50505
4.54501
4.55616
4.55201
4.53603
4.51973
4.51405
4.53182
4.61792
4.7328
4.80571
4.84208
4.85269
4.84724
4.83242
4.80956
4.77722
4.74719
4.72901
4.72558
4.76372
4.86524
4.96673
5.02688
5.05814
5.08379
5.11573
5.14147
5.15014
5.1468
5.13187
5.12268
5.14025
5.22402
5.35085
5.44657
5.50061
5.53101
5.56019
5.59425
5.62484
5.64514
5.66229
5.68065
5.69677
5.71027
5.71285
5.70356
5.68875
5.68026
5.68385
5.70505
5.74357
5.79275
5.83407
5.86947
3.84654
3.87104
3.91516
3.98698
4.06133
4.11566
4.14956
4.17056
4.18427
4.19157
4.19233
4.18935
4.18963
4.19248
4.19922
4.2093
4.22001
4.22852
4.23314
4.23536
4.23868
4.25393
4.28746
4.37024
4.47829
4.53896
4.55782
4.5566
4.54275
4.52774
4.52527
4.56466
4.67434
4.7745
4.82589
4.83962
4.84363
4.83563
4.82363
4.80813
4.78355
4.75372
4.73151
4.7213
4.73121
4.79835
4.90996
5.00053
5.05442
5.08384
5.11533
5.13819
5.1399
5.12929
5.11574
5.11472
5.16476
5.28224
5.40287
5.47881
5.52248
5.5525
5.57836
5.60331
5.62498
5.64157
5.65757
5.67289
5.68768
5.69472
5.68915
5.67535
5.66669
5.66905
5.69181
5.73375
5.79018
5.84035
5.86751
5.89261
3.84421
3.88359
3.95322
4.03301
4.09494
4.13392
4.15899
4.17562
4.18729
4.19335
4.19477
4.193
4.19299
4.19495
4.19973
4.20798
4.21876
4.22914
4.23663
4.24051
4.24338
4.25211
4.27787
4.33356
4.44228
4.52528
4.55674
4.55877
4.54606
4.53503
4.54365
4.61277
4.72818
4.80181
4.83613
4.8403
4.83406
4.82279
4.81546
4.80708
4.78952
4.7645
4.73881
4.7219
4.71712
4.74619
4.84068
4.95671
5.03782
5.08127
5.11155
5.12966
5.12497
5.11365
5.10961
5.13026
5.22293
5.34618
5.43645
5.49683
5.53823
5.57037
5.59528
5.6156
5.63102
5.6425
5.65364
5.66702
5.6776
5.6797
5.67368
5.66714
5.66905
5.68478
5.72286
5.77596
5.82536
5.86189
5.8768
5.89299
3.84991
3.91349
3.99748
4.06904
4.11568
4.14436
4.16441
4.17897
4.18939
4.19515
4.19741
4.19715
4.19681
4.19812
4.20105
4.20711
4.21689
4.22836
4.23818
4.24458
4.24833
4.25364
4.27289
4.30934
4.40126
4.50236
4.54895
4.55459
4.54821
4.54407
4.57523
4.67111
4.7728
4.82183
4.8369
4.8378
4.82825
4.81489
4.80867
4.80459
4.79391
4.77605
4.74998
4.72685
4.71437
4.71856
4.7753
4.89404
5.00448
5.07178
5.10086
5.11465
5.1083
5.10181
5.11168
5.18032
5.29563
5.39469
5.45558
5.50148
5.54533
5.58097
5.60564
5.62619
5.63874
5.64737
5.65612
5.66707
5.6743
5.67477
5.67499
5.6805
5.69322
5.7165
5.7519
5.7926
5.82754
5.85361
5.86763
5.88171
3.86869
3.95295
4.03485
4.09191
4.12692
4.15003
4.16761
4.18104
4.19079
4.19666
4.19986
4.2009
4.20019
4.20093
4.20234
4.20659
4.21501
4.22667
4.23806
4.24662
4.25231
4.257
4.26969
4.29823
4.36193
4.46599
4.5297
4.54678
4.54755
4.55986
4.62366
4.72786
4.80397
4.83582
4.83755
4.83135
4.81859
4.80854
4.80387
4.80129
4.79557
4.78397
4.76141
4.73611
4.71735
4.71057
4.734
4.82549
4.95197
5.04422
5.0832
5.09639
5.09368
5.09432
5.13933
5.24913
5.3599
5.42358
5.4619
5.49943
5.54132
5.57986
5.60884
5.63145
5.64706
5.65466
5.6632
5.6711
5.67474
5.67694
5.68535
5.70073
5.72166
5.74703
5.7758
5.8046
5.83013
5.851
5.86458
5.87605
3.902
3.99127
4.0597
4.10306
4.13149
4.15255
4.16933
4.18209
4.19145
4.19761
4.20166
4.20358
4.20255
4.20233
4.2031
4.20616
4.21325
4.22437
4.23681
4.24698
4.2545
4.26034
4.26969
4.29267
4.33044
4.41946
4.49809
4.53316
4.54643
4.59043
4.68091
4.77616
4.82478
4.84227
4.83769
4.82393
4.80923
4.80292
4.79963
4.79738
4.79455
4.78759
4.77154
4.748
4.72603
4.7141
4.72135
4.772
4.88337
4.99554
5.05478
5.07474
5.08049
5.10221
5.19203
5.31751
5.40078
5.43616
5.46101
5.49222
5.5325
5.57219
5.60624
5.63463
5.65545
5.66468
5.67272
5.67726
5.67963
5.68746
5.70118
5.72311
5.74837
5.77008
5.78623
5.80322
5.82255
5.84257
5.85937
5.87364
3.94029
4.01903
4.07266
4.10683
4.13223
4.15281
4.16957
4.18212
4.19129
4.19772
4.20218
4.20441
4.2033
4.20227
4.20291
4.20529
4.21137
4.22168
4.23445
4.24626
4.25525
4.26264
4.27081
4.28708
4.31177
4.37214
4.45477
4.5123
4.55103
4.63414
4.73749
4.81275
4.8418
4.8449
4.83498
4.81761
4.80308
4.79856
4.79727
4.7952
4.79277
4.78808
4.77859
4.76026
4.74002
4.72533
4.72319
4.74462
4.81608
4.92703
5.012
5.05117
5.0735
5.13377
5.25257
5.36356
5.41853
5.44153
5.45792
5.48059
5.51673
5.55856
5.60135
5.63992
5.66654
5.67883
5.68511
5.68682
5.68985
5.69806
5.71384
5.73694
5.76147
5.77698
5.78605
5.79905
5.82038
5.84408
5.86597
5.88549
3.97214
4.03448
4.07594
4.106
4.13096
4.15175
4.16864
4.18125
4.19042
4.19699
4.2015
4.20378
4.20284
4.20126
4.20215
4.20421
4.20953
4.21886
4.23123
4.24414
4.2551
4.26418
4.27219
4.28472
4.30215
4.33221
4.40421
4.48374
4.56383
4.68329
4.78732
4.83658
4.8508
4.84636
4.83092
4.81179
4.79984
4.79712
4.79728
4.79536
4.7917
4.78723
4.78188
4.77102
4.75562
4.74067
4.73124
4.73463
4.76658
4.84969
4.95341
5.02612
5.08066
5.18298
5.29888
5.37809
5.41918
5.43854
5.45273
5.47153
5.50213
5.54385
5.59436
5.6446
5.68212
5.69904
5.70319
5.70173
5.70156
5.70617
5.71844
5.73712
5.75547
5.76717
5.77881
5.79536
5.8261
5.86191
5.89064
5.91599
3.99558
4.04374
4.07693
4.10391
4.12864
4.14982
4.16708
4.18009
4.18944
4.19598
4.20024
4.20216
4.20104
4.19947
4.20075
4.20305
4.20783
4.2161
4.22758
4.241
4.25412
4.26524
4.27405
4.28387
4.29538
4.3072
4.35674
4.45062
4.58226
4.7289
4.82699
4.8561
4.85525
4.84573
4.82737
4.80891
4.7993
4.79839
4.79929
4.79717
4.79171
4.78653
4.78288
4.77881
4.76975
4.75639
4.74009
4.73058
4.73725
4.78337
4.88416
4.99356
5.10381
5.23208
5.32564
5.37502
5.40705
5.42997
5.44878
5.46922
5.49664
5.53623
5.59191
5.65382
5.69961
5.72119
5.7255
5.7221
5.71761
5.7157
5.71847
5.72705
5.73672
5.7475
5.76581
5.79598
5.84036
5.88852
5.92602
5.95989
4.0056
4.04341
4.07388
4.10061
4.12514
4.14649
4.16403
4.17757
4.18725
4.19398
4.1981
4.19953
4.19807
4.19663
4.19836
4.20121
4.20587
4.21338
4.22408
4.23777
4.25264
4.26567
4.27558
4.28331
4.2899
4.29633
4.32257
4.42005
4.59868
4.76502
4.84899
4.86697
4.86054
4.84396
4.82309
4.80727
4.80036
4.80121
4.80265
4.79925
4.79218
4.78647
4.78371
4.7829
4.77992
4.76808
4.74865
4.72992
4.72235
4.74355
4.81954
4.96051
5.13246
5.26483
5.3268
5.36125
5.38907
5.41884
5.44543
5.46778
5.49415
5.53335
5.59231
5.66211
5.71243
5.73842
5.74543
5.74161
5.73612
5.73138
5.72636
5.72236
5.72101
5.73008
5.75672
5.80418
5.86636
5.92639
5.96439
5.99651
4.01703
4.04992
4.07832
4.10445
4.12827
4.14882
4.16559
4.17856
4.18765
4.19384
4.19739
4.19802
4.19618
4.1948
4.19689
4.20028
4.20502
4.21204
4.22201
4.23548
4.25117
4.26573
4.27677
4.28377
4.28766
4.29235
4.30468
4.39795
4.60209
4.78585
4.8615
4.8791
4.86902
4.84594
4.82153
4.80535
4.80055
4.80348
4.80562
4.80149
4.79305
4.78668
4.78361
4.78425
4.78507
4.77615
4.75565
4.73188
4.71802
4.72607
4.77629
4.93252
5.14462
5.28347
5.33465
5.35976
5.38586
5.41819
5.44988
5.47414
5.49879
5.53661
5.59623
5.67136
5.72496
5.75328
5.76099
5.75605
5.75086
5.74517
5.73204
5.71595
5.70667
5.71403
5.75092
5.81168
5.88584
5.95158
5.99134
6.02527
)
;

boundaryField
{
    inlet
    {
        type            fixedValue;
        value           uniform 1;
    }
    outlet
    {
        type            zeroGradient;
    }
    bottom
    {
        type            symmetryPlane;
    }
    top
    {
        type            symmetryPlane;
    }
    obstacle
    {
        type            zeroGradient;
    }
    defaultFaces
    {
        type            empty;
    }
}


// ************************************************************************* //
