/*--------------------------------*- C++ -*----------------------------------*\
| =========                 |                                                 |
| \\      /  F ield         | OpenFOAM: The Open Source CFD Toolbox           |
|  \\    /   O peration     | Version:  v1912                                 |
|   \\  /    A nd           | Website:  www.openfoam.com                      |
|    \\/     M anipulation  |                                                 |
\*---------------------------------------------------------------------------*/
FoamFile
{
    version     2.0;
    format      ascii;
    class       labelList;
    note        "nPoints:3260  nCells:1500  nFaces:6130  nInternalFaces:2870";
    location    "constant/polyMesh";
    object      neighbour;
}
// * * * * * * * * * * * * * * * * * * * * * * * * * * * * * * * * * * * * * //


2870
(
1
10
1490
2
11
1491
3
12
1492
4
13
1493
5
14
1494
6
15
1495
7
16
1496
8
17
1497
9
18
1498
19
100
1499
11
20
12
21
13
22
14
23
15
24
16
25
17
26
18
27
19
28
29
110
21
30
22
31
23
32
24
33
25
34
26
35
27
36
28
37
29
38
39
120
31
40
32
41
33
42
34
43
35
44
36
45
37
46
38
47
39
48
49
130
41
50
42
51
43
52
44
53
45
54
46
55
47
56
48
57
49
58
59
140
51
60
52
61
53
62
54
63
55
64
56
65
57
66
58
67
59
68
69
150
61
70
62
71
63
72
64
73
65
74
66
75
67
76
68
77
69
78
79
160
71
80
72
81
73
82
74
83
75
84
76
85
77
86
78
87
79
88
89
170
81
90
82
91
83
92
84
93
85
94
86
95
87
96
88
97
89
98
99
180
91
92
93
94
95
96
97
98
99
190
101
110
102
111
103
112
104
113
105
114
106
115
107
116
108
117
109
118
119
200
111
120
112
121
113
122
114
123
115
124
116
125
117
126
118
127
119
128
129
210
121
130
122
131
123
132
124
133
125
134
126
135
127
136
128
137
129
138
139
220
131
140
132
141
133
142
134
143
135
144
136
145
137
146
138
147
139
148
149
230
141
150
142
151
143
152
144
153
145
154
146
155
147
156
148
157
149
158
159
240
151
160
152
161
153
162
154
163
155
164
156
165
157
166
158
167
159
168
169
250
161
170
162
171
163
172
164
173
165
174
166
175
167
176
168
177
169
178
179
260
171
180
172
181
173
182
174
183
175
184
176
185
177
186
178
187
179
188
189
270
181
190
182
191
183
192
184
193
185
194
186
195
187
196
188
197
189
198
199
280
191
192
193
194
195
196
197
198
199
290
201
210
202
211
203
212
204
213
205
214
206
215
207
216
208
217
209
218
219
300
211
220
212
221
213
222
214
223
215
224
216
225
217
226
218
227
219
228
229
310
221
230
222
231
223
232
224
233
225
234
226
235
227
236
228
237
229
238
239
320
231
240
232
241
233
242
234
243
235
244
236
245
237
246
238
247
239
248
249
330
241
250
242
251
243
252
244
253
245
254
246
255
247
256
248
257
249
258
259
340
251
260
252
261
253
262
254
263
255
264
256
265
257
266
258
267
259
268
269
350
261
270
262
271
263
272
264
273
265
274
266
275
267
276
268
277
269
278
279
360
271
280
272
281
273
282
274
283
275
284
276
285
277
286
278
287
279
288
289
370
281
290
282
291
283
292
284
293
285
294
286
295
287
296
288
297
289
298
299
380
291
292
293
294
295
296
297
298
299
390
301
310
590
302
311
591
303
312
592
304
313
593
305
314
594
306
315
595
307
316
596
308
317
597
309
318
598
319
400
599
311
320
312
321
313
322
314
323
315
324
316
325
317
326
318
327
319
328
329
410
321
330
322
331
323
332
324
333
325
334
326
335
327
336
328
337
329
338
339
420
331
340
332
341
333
342
334
343
335
344
336
345
337
346
338
347
339
348
349
430
341
350
342
351
343
352
344
353
345
354
346
355
347
356
348
357
349
358
359
440
351
360
352
361
353
362
354
363
355
364
356
365
357
366
358
367
359
368
369
450
361
370
362
371
363
372
364
373
365
374
366
375
367
376
368
377
369
378
379
460
371
380
372
381
373
382
374
383
375
384
376
385
377
386
378
387
379
388
389
470
381
390
382
391
383
392
384
393
385
394
386
395
387
396
388
397
389
398
399
480
391
392
393
394
395
396
397
398
399
490
401
410
690
402
411
691
403
412
692
404
413
693
405
414
694
406
415
695
407
416
696
408
417
697
409
418
698
419
699
411
420
412
421
413
422
414
423
415
424
416
425
417
426
418
427
419
428
429
421
430
422
431
423
432
424
433
425
434
426
435
427
436
428
437
429
438
439
431
440
432
441
433
442
434
443
435
444
436
445
437
446
438
447
439
448
449
441
450
442
451
443
452
444
453
445
454
446
455
447
456
448
457
449
458
459
451
460
452
461
453
462
454
463
455
464
456
465
457
466
458
467
459
468
469
461
470
462
471
463
472
464
473
465
474
466
475
467
476
468
477
469
478
479
471
480
472
481
473
482
474
483
475
484
476
485
477
486
478
487
479
488
489
481
490
482
491
483
492
484
493
485
494
486
495
487
496
488
497
489
498
499
491
492
493
494
495
496
497
498
499
501
510
502
511
503
512
504
513
505
514
506
515
507
516
508
517
509
518
519
600
511
520
512
521
513
522
514
523
515
524
516
525
517
526
518
527
519
528
529
610
521
530
522
531
523
532
524
533
525
534
526
535
527
536
528
537
529
538
539
620
531
540
532
541
533
542
534
543
535
544
536
545
537
546
538
547
539
548
549
630
541
550
542
551
543
552
544
553
545
554
546
555
547
556
548
557
549
558
559
640
551
560
552
561
553
562
554
563
555
564
556
565
557
566
558
567
559
568
569
650
561
570
562
571
563
572
564
573
565
574
566
575
567
576
568
577
569
578
579
660
571
580
572
581
573
582
574
583
575
584
576
585
577
586
578
587
579
588
589
670
581
590
582
591
583
592
584
593
585
594
586
595
587
596
588
597
589
598
599
680
591
592
593
594
595
596
597
598
599
690
601
610
790
602
611
791
603
612
792
604
613
793
605
614
794
606
615
795
607
616
796
608
617
797
609
618
798
619
799
611
620
612
621
613
622
614
623
615
624
616
625
617
626
618
627
619
628
629
621
630
622
631
623
632
624
633
625
634
626
635
627
636
628
637
629
638
639
631
640
632
641
633
642
634
643
635
644
636
645
637
646
638
647
639
648
649
641
650
642
651
643
652
644
653
645
654
646
655
647
656
648
657
649
658
659
651
660
652
661
653
662
654
663
655
664
656
665
657
666
658
667
659
668
669
661
670
662
671
663
672
664
673
665
674
666
675
667
676
668
677
669
678
679
671
680
672
681
673
682
674
683
675
684
676
685
677
686
678
687
679
688
689
681
690
682
691
683
692
684
693
685
694
686
695
687
696
688
697
689
698
699
691
692
693
694
695
696
697
698
699
701
710
890
702
711
891
703
712
892
704
713
893
705
714
894
706
715
895
707
716
896
708
717
897
709
718
898
719
899
711
720
712
721
713
722
714
723
715
724
716
725
717
726
718
727
719
728
729
721
730
722
731
723
732
724
733
725
734
726
735
727
736
728
737
729
738
739
731
740
732
741
733
742
734
743
735
744
736
745
737
746
738
747
739
748
749
741
750
742
751
743
752
744
753
745
754
746
755
747
756
748
757
749
758
759
751
760
752
761
753
762
754
763
755
764
756
765
757
766
758
767
759
768
769
761
770
762
771
763
772
764
773
765
774
766
775
767
776
768
777
769
778
779
771
780
772
781
773
782
774
783
775
784
776
785
777
786
778
787
779
788
789
781
790
782
791
783
792
784
793
785
794
786
795
787
796
788
797
789
798
799
791
792
793
794
795
796
797
798
799
801
810
909
1090
802
811
1091
803
812
1092
804
813
1093
805
814
1094
806
815
1095
807
816
1096
808
817
1097
809
818
1098
819
1099
811
820
919
812
821
813
822
814
823
815
824
816
825
817
826
818
827
819
828
829
821
830
929
822
831
823
832
824
833
825
834
826
835
827
836
828
837
829
838
839
831
840
939
832
841
833
842
834
843
835
844
836
845
837
846
838
847
839
848
849
841
850
949
842
851
843
852
844
853
845
854
846
855
847
856
848
857
849
858
859
851
860
959
852
861
853
862
854
863
855
864
856
865
857
866
858
867
859
868
869
861
870
969
862
871
863
872
864
873
865
874
866
875
867
876
868
877
869
878
879
871
880
979
872
881
873
882
874
883
875
884
876
885
877
886
878
887
879
888
889
881
890
989
882
891
883
892
884
893
885
894
886
895
887
896
888
897
889
898
899
891
999
892
893
894
895
896
897
898
899
901
910
1190
902
911
1191
903
912
1192
904
913
1193
905
914
1194
906
915
1195
907
916
1196
908
917
1197
909
918
1198
919
1199
911
920
912
921
913
922
914
923
915
924
916
925
917
926
918
927
919
928
929
921
930
922
931
923
932
924
933
925
934
926
935
927
936
928
937
929
938
939
931
940
932
941
933
942
934
943
935
944
936
945
937
946
938
947
939
948
949
941
950
942
951
943
952
944
953
945
954
946
955
947
956
948
957
949
958
959
951
960
952
961
953
962
954
963
955
964
956
965
957
966
958
967
959
968
969
961
970
962
971
963
972
964
973
965
974
966
975
967
976
968
977
969
978
979
971
980
972
981
973
982
974
983
975
984
976
985
977
986
978
987
979
988
989
981
990
982
991
983
992
984
993
985
994
986
995
987
996
988
997
989
998
999
991
992
993
994
995
996
997
998
999
1001
1010
1109
1002
1011
1003
1012
1004
1013
1005
1014
1006
1015
1007
1016
1008
1017
1009
1018
1019
1011
1020
1119
1012
1021
1013
1022
1014
1023
1015
1024
1016
1025
1017
1026
1018
1027
1019
1028
1029
1021
1030
1129
1022
1031
1023
1032
1024
1033
1025
1034
1026
1035
1027
1036
1028
1037
1029
1038
1039
1031
1040
1139
1032
1041
1033
1042
1034
1043
1035
1044
1036
1045
1037
1046
1038
1047
1039
1048
1049
1041
1050
1149
1042
1051
1043
1052
1044
1053
1045
1054
1046
1055
1047
1056
1048
1057
1049
1058
1059
1051
1060
1159
1052
1061
1053
1062
1054
1063
1055
1064
1056
1065
1057
1066
1058
1067
1059
1068
1069
1061
1070
1169
1062
1071
1063
1072
1064
1073
1065
1074
1066
1075
1067
1076
1068
1077
1069
1078
1079
1071
1080
1179
1072
1081
1073
1082
1074
1083
1075
1084
1076
1085
1077
1086
1078
1087
1079
1088
1089
1081
1090
1189
1082
1091
1083
1092
1084
1093
1085
1094
1086
1095
1087
1096
1088
1097
1089
1098
1099
1091
1199
1092
1093
1094
1095
1096
1097
1098
1099
1101
1110
1209
1102
1111
1103
1112
1104
1113
1105
1114
1106
1115
1107
1116
1108
1117
1109
1118
1119
1111
1120
1219
1112
1121
1113
1122
1114
1123
1115
1124
1116
1125
1117
1126
1118
1127
1119
1128
1129
1121
1130
1229
1122
1131
1123
1132
1124
1133
1125
1134
1126
1135
1127
1136
1128
1137
1129
1138
1139
1131
1140
1239
1132
1141
1133
1142
1134
1143
1135
1144
1136
1145
1137
1146
1138
1147
1139
1148
1149
1141
1150
1249
1142
1151
1143
1152
1144
1153
1145
1154
1146
1155
1147
1156
1148
1157
1149
1158
1159
1151
1160
1259
1152
1161
1153
1162
1154
1163
1155
1164
1156
1165
1157
1166
1158
1167
1159
1168
1169
1161
1170
1269
1162
1171
1163
1172
1164
1173
1165
1174
1166
1175
1167
1176
1168
1177
1169
1178
1179
1171
1180
1279
1172
1181
1173
1182
1174
1183
1175
1184
1176
1185
1177
1186
1178
1187
1179
1188
1189
1181
1190
1289
1182
1191
1183
1192
1184
1193
1185
1194
1186
1195
1187
1196
1188
1197
1189
1198
1199
1191
1299
1192
1193
1194
1195
1196
1197
1198
1199
1201
1210
1309
1202
1211
1203
1212
1204
1213
1205
1214
1206
1215
1207
1216
1208
1217
1209
1218
1219
1211
1220
1319
1212
1221
1213
1222
1214
1223
1215
1224
1216
1225
1217
1226
1218
1227
1219
1228
1229
1221
1230
1329
1222
1231
1223
1232
1224
1233
1225
1234
1226
1235
1227
1236
1228
1237
1229
1238
1239
1231
1240
1339
1232
1241
1233
1242
1234
1243
1235
1244
1236
1245
1237
1246
1238
1247
1239
1248
1249
1241
1250
1349
1242
1251
1243
1252
1244
1253
1245
1254
1246
1255
1247
1256
1248
1257
1249
1258
1259
1251
1260
1359
1252
1261
1253
1262
1254
1263
1255
1264
1256
1265
1257
1266
1258
1267
1259
1268
1269
1261
1270
1369
1262
1271
1263
1272
1264
1273
1265
1274
1266
1275
1267
1276
1268
1277
1269
1278
1279
1271
1280
1379
1272
1281
1273
1282
1274
1283
1275
1284
1276
1285
1277
1286
1278
1287
1279
1288
1289
1281
1290
1389
1282
1291
1283
1292
1284
1293
1285
1294
1286
1295
1287
1296
1288
1297
1289
1298
1299
1291
1399
1292
1293
1294
1295
1296
1297
1298
1299
1301
1310
1409
1302
1311
1303
1312
1304
1313
1305
1314
1306
1315
1307
1316
1308
1317
1309
1318
1319
1311
1320
1419
1312
1321
1313
1322
1314
1323
1315
1324
1316
1325
1317
1326
1318
1327
1319
1328
1329
1321
1330
1429
1322
1331
1323
1332
1324
1333
1325
1334
1326
1335
1327
1336
1328
1337
1329
1338
1339
1331
1340
1439
1332
1341
1333
1342
1334
1343
1335
1344
1336
1345
1337
1346
1338
1347
1339
1348
1349
1341
1350
1449
1342
1351
1343
1352
1344
1353
1345
1354
1346
1355
1347
1356
1348
1357
1349
1358
1359
1351
1360
1459
1352
1361
1353
1362
1354
1363
1355
1364
1356
1365
1357
1366
1358
1367
1359
1368
1369
1361
1370
1469
1362
1371
1363
1372
1364
1373
1365
1374
1366
1375
1367
1376
1368
1377
1369
1378
1379
1371
1380
1479
1372
1381
1373
1382
1374
1383
1375
1384
1376
1385
1377
1386
1378
1387
1379
1388
1389
1381
1390
1489
1382
1391
1383
1392
1384
1393
1385
1394
1386
1395
1387
1396
1388
1397
1389
1398
1399
1391
1499
1392
1393
1394
1395
1396
1397
1398
1399
1401
1410
1402
1411
1403
1412
1404
1413
1405
1414
1406
1415
1407
1416
1408
1417
1409
1418
1419
1411
1420
1412
1421
1413
1422
1414
1423
1415
1424
1416
1425
1417
1426
1418
1427
1419
1428
1429
1421
1430
1422
1431
1423
1432
1424
1433
1425
1434
1426
1435
1427
1436
1428
1437
1429
1438
1439
1431
1440
1432
1441
1433
1442
1434
1443
1435
1444
1436
1445
1437
1446
1438
1447
1439
1448
1449
1441
1450
1442
1451
1443
1452
1444
1453
1445
1454
1446
1455
1447
1456
1448
1457
1449
1458
1459
1451
1460
1452
1461
1453
1462
1454
1463
1455
1464
1456
1465
1457
1466
1458
1467
1459
1468
1469
1461
1470
1462
1471
1463
1472
1464
1473
1465
1474
1466
1475
1467
1476
1468
1477
1469
1478
1479
1471
1480
1472
1481
1473
1482
1474
1483
1475
1484
1476
1485
1477
1486
1478
1487
1479
1488
1489
1481
1490
1482
1491
1483
1492
1484
1493
1485
1494
1486
1495
1487
1496
1488
1497
1489
1498
1499
1491
1492
1493
1494
1495
1496
1497
1498
1499
)


// ************************************************************************* //
