/*--------------------------------*- C++ -*----------------------------------*\
| =========                 |                                                 |
| \\      /  F ield         | OpenFOAM: The Open Source CFD Toolbox           |
|  \\    /   O peration     | Version:  v1912                                 |
|   \\  /    A nd           | Website:  www.openfoam.com                      |
|    \\/     M anipulation  |                                                 |
\*---------------------------------------------------------------------------*/
FoamFile
{
    version     2.0;
    format      ascii;
    class       volScalarField;
    location    "1";
    object      p;
}
// * * * * * * * * * * * * * * * * * * * * * * * * * * * * * * * * * * * * * //

dimensions      [1 -1 -2 0 0 0 0];


internalField   nonuniform List<scalar> 
4800
(
777.989
39.6229
11.0672
11.362
10.5621
8.90267
6.4218
5.45585
5.50054
5.64217
5.87207
6.19209
6.62452
7.20827
7.90307
8.56755
9.12978
9.58034
9.97151
10.359
10.7738
11.1662
11.3598
11.2572
10.2608
7.84345
6.63757
6.6476
6.75538
6.91423
7.0261
7.11811
7.23912
7.39899
7.58461
7.76893
7.93921
8.09938
8.26496
8.42118
777.851
39.6807
11.0558
11.3207
10.523
8.88552
6.42026
5.43688
5.46692
5.64718
5.91458
6.26613
6.72203
7.26915
7.87245
8.47445
9.01692
9.50679
9.95722
10.3898
10.8041
11.169
11.3264
11.2301
10.246
7.83172
6.63069
6.60555
6.71503
6.88209
7.01075
7.12048
7.25143
7.41813
7.60985
7.80262
7.98638
8.16035
8.33478
8.5269
777.705
39.8104
11.0249
11.2425
10.4396
8.83996
6.409
5.41213
5.42945
5.66102
5.99459
6.39663
6.84356
7.31553
7.80499
8.31919
8.86368
9.43089
9.9693
10.4429
10.8315
11.1397
11.2831
11.228
10.248
7.8114
6.60799
6.54182
6.65887
6.84358
7.00231
7.13469
7.2779
7.45228
7.65521
7.86525
8.06689
8.25928
8.4513
8.64225
777.504
39.9452
11.009
11.1671
10.337
8.78155
6.39936
5.38772
5.39518
5.66912
6.07616
6.53332
6.96453
7.36439
7.75548
8.19009
8.71013
9.32362
9.93455
10.447
10.8532
11.1204
11.2658
11.2522
10.2439
7.76632
6.56761
6.46978
6.59627
6.80007
6.9922
7.15464
7.3172
7.5062
7.72592
7.95752
8.18239
8.39451
8.60002
8.78965
777.243
40.066
10.9942
11.0862
10.2242
8.71915
6.39396
5.37124
5.37682
5.68641
6.14249
6.62346
7.05335
7.40961
7.7444
8.13638
8.62026
9.20323
9.83388
10.3769
10.825
11.1409
11.2933
11.303
10.2328
7.70138
6.51819
6.40155
6.54257
6.77089
6.99422
7.18756
7.3698
7.56746
7.79167
8.03715
8.28645
8.51859
8.73336
8.92808
776.895
40.1532
10.979
11.0216
10.1321
8.67579
6.39786
5.36391
5.39774
5.71742
6.17115
6.64206
7.07989
7.44438
7.77912
8.15738
8.61442
9.13703
9.70285
10.24
10.7517
11.1616
11.352
11.3631
10.2082
7.62611
6.46798
6.35547
6.51945
6.76743
7.01171
7.24244
7.45659
7.66419
7.88772
8.1342
8.39014
8.62951
8.84825
9.05004
776.289
40.1901
10.9697
11.0036
10.0954
8.66143
6.40639
5.37585
5.44392
5.74907
6.15754
6.60115
7.0308
7.44435
7.8453
8.24377
8.66806
9.12623
9.60685
10.1107
10.6631
11.1577
11.3975
11.3871
10.1659
7.55615
6.43064
6.35099
6.53163
6.8029
7.08595
7.34217
7.5606
7.75601
7.95757
8.18526
8.43538
8.68413
8.91694
9.13881
775.56
40.1775
10.9677
11.0415
10.1284
8.67963
6.41464
5.41108
5.51283
5.77244
6.11541
6.51375
6.95408
7.43564
7.92907
8.37457
8.77071
9.15693
9.57696
10.0348
10.5746
11.1016
11.3812
11.3457
10.0967
7.50908
6.41816
6.38958
6.60354
6.90836
7.20255
7.44686
7.64251
7.81445
7.99149
8.19858
8.44027
8.70403
8.9607
9.19771
774.65
40.0941
10.9271
11.1071
10.2395
8.74187
6.44243
5.47369
5.57185
5.77382
6.06588
6.42642
6.87653
7.41624
7.9864
8.50833
8.90609
9.25577
9.62688
10.0434
10.5292
11.0064
11.2608
11.2039
10
7.48785
6.44643
6.52289
6.76318
7.06828
7.32619
7.52498
7.68547
7.83453
7.99729
8.1919
8.43362
8.71874
8.99749
9.23003
773.835
39.9497
10.8743
11.1742
10.3969
8.85346
6.47557
5.54545
5.58824
5.77027
6.02956
6.36862
6.81825
7.38769
8.01732
8.59572
9.04252
9.40603
9.74919
10.1351
10.5364
10.9054
11.0584
10.9662
9.89148
7.51968
6.57471
6.72417
6.95297
7.2082
7.40782
7.55916
7.6925
7.82999
7.98852
8.18444
8.44117
8.74955
9.04028
9.24901
773.039
39.8039
10.786
11.2138
10.5523
8.95493
6.48954
5.59891
5.59233
5.76521
6.01173
6.3486
6.79747
7.3701
8.02133
8.64033
9.12746
9.54315
9.90993
10.2624
10.598
10.8362
10.8682
10.7137
9.80111
7.6327
6.75189
6.90082
7.102
7.29702
7.44477
7.56781
7.68839
7.82209
7.98605
8.19611
8.47105
8.79109
9.0728
9.2515
772.345
39.7352
10.6805
11.1851
10.6399
8.98204
6.48095
5.64639
5.59072
5.75656
6.0111
6.36251
6.80952
7.37752
8.01351
8.63918
9.17751
9.63985
10.0497
10.3953
10.655
10.8012
10.7674
10.5856
9.78232
7.73092
6.84837
6.98576
7.16255
7.33782
7.46215
7.5703
7.69433
7.84167
8.01816
8.24139
8.52038
8.82459
9.07978
9.24068
772.107
39.815
10.6023
11.0847
10.581
8.88507
6.4182
5.65224
5.57741
5.75023
6.02775
6.39878
6.85683
7.39635
7.99123
8.60122
9.17732
9.69107
10.1385
10.4799
10.6984
10.8271
10.8168
10.7094
9.88864
7.74816
6.82535
6.96813
7.15685
7.32845
7.45398
7.57542
7.72001
7.89143
8.08812
8.31369
8.57103
8.83344
9.04333
9.18257
771.926
39.9927
10.5946
10.9793
10.3869
8.66383
6.30209
5.59918
5.548
5.75448
6.06161
6.45627
6.91824
7.42636
7.96715
8.54008
9.12555
9.67062
10.1483
10.4953
10.7432
10.9592
11.0565
11.0434
10.0289
7.67672
6.70292
6.8528
7.08545
7.29472
7.44671
7.59763
7.77343
7.97201
8.18353
8.39514
8.60263
8.79644
8.96451
9.11444
771.978
40.3026
10.6173
10.9087
10.1412
8.35332
6.12448
5.50687
5.53431
5.78118
6.11678
6.52727
6.98226
7.46009
7.95846
8.48305
9.04048
9.58603
10.0799
10.4765
10.8347
11.2191
11.48
11.392
10.0952
7.56782
6.52541
6.66742
6.97297
7.2579
7.45253
7.63488
7.84342
8.06692
8.27808
8.45142
8.58547
8.71563
8.86821
9.0461
772.33
40.7107
10.6732
10.8703
9.92268
8.00619
5.90841
5.38291
5.50649
5.80432
6.18716
6.6079
7.04604
7.49296
7.95727
8.44277
8.95618
9.4699
9.97328
10.4735
11.0216
11.5545
11.8806
11.6246
10.1632
7.48524
6.36461
6.47026
6.82784
7.20656
7.47367
7.68016
7.91283
8.14592
8.33519
8.45214
8.52122
8.62457
8.77353
8.979
773.163
41.1947
10.7605
10.8705
9.75397
7.69815
5.67494
5.21707
5.42534
5.807
6.2548
6.69916
7.11962
7.53403
7.96729
8.41676
8.89576
9.38143
9.90296
10.5148
11.2431
11.8429
12.137
11.7179
10.1845
7.42213
6.24422
6.31022
6.69
7.13944
7.49305
7.72906
7.96276
8.17908
8.3355
8.40701
8.45435
8.54477
8.69453
8.91698
774.743
41.7526
10.8713
10.91
9.65109
7.46161
5.4835
5.04981
5.28368
5.75796
6.28699
6.78083
7.20167
7.58956
7.99459
8.42329
8.87176
9.35171
9.91812
10.6149
11.3992
11.9755
12.2529
11.7326
10.1878
7.38648
6.15967
6.19946
6.58491
7.06583
7.48849
7.77319
7.97868
8.15929
8.27852
8.34135
8.39665
8.48914
8.64236
8.87698
776.143
42.2903
10.9935
10.988
9.60112
7.28446
5.34368
4.92779
5.12867
5.62609
6.25599
6.82185
7.28
7.6601
8.03895
8.45637
8.90739
9.41523
10.0169
10.7173
11.4551
11.9809
12.2157
11.6952
10.1872
7.37011
6.10585
6.11826
6.50271
6.98944
7.45005
7.78355
7.95871
8.08378
8.18075
8.269
8.35161
8.45792
8.62249
8.85728
777.223
42.7691
11.0957
11.0816
9.58726
7.15215
5.2533
4.86789
5.0044
5.47137
6.12253
6.81221
7.32821
7.73624
8.10772
8.52146
8.99415
9.54101
10.1456
10.7732
11.4025
11.854
12.0511
11.6252
10.1796
7.36254
6.07981
6.06567
6.43797
6.91501
7.39323
7.73985
7.90699
7.9844
8.06333
8.18039
8.31076
8.45033
8.62579
8.8473
778.097
43.1686
11.1693
11.1591
9.59034
7.05681
5.19962
4.8338
4.93192
5.3365
5.94542
6.6959
7.34343
7.79923
8.2026
8.63272
9.12172
9.68071
10.2506
10.791
11.2747
11.6351
11.8382
11.5831
10.1859
7.37127
6.07194
6.03025
6.38757
6.84863
7.31655
7.65858
7.82449
7.87423
7.94372
8.07666
8.24942
8.4435
8.63747
8.84238
778.267
43.3906
11.215
11.2232
9.59869
6.99414
5.17214
4.81495
4.88208
5.23602
5.78548
6.5129
7.28484
7.83899
8.30465
8.76865
9.27453
9.82779
10.3509
10.7616
11.0826
11.4131
11.6295
11.5375
10.2089
7.40623
6.08409
6.01718
6.35204
6.7904
7.22243
7.55373
7.71865
7.76584
7.83461
7.97942
8.18591
8.41502
8.63967
8.83679
778.999
43.475
11.2288
11.2452
9.59192
6.95846
5.16244
4.81836
4.86342
5.17158
5.66434
6.34189
7.14067
7.83319
8.38845
8.9027
9.43334
9.95497
10.3942
10.6852
10.9097
11.2297
11.4447
11.4863
10.2541
7.46727
6.11444
6.01902
6.31807
6.73097
7.11938
7.43644
7.61155
7.68072
7.75872
7.89853
8.11434
8.367
8.60838
8.82205
778.853
43.3904
11.2195
11.2367
9.58085
6.95605
5.15605
4.83584
4.87239
5.14989
5.59331
6.21185
6.97162
7.76025
8.42734
9.01323
9.56458
10.0471
10.4101
10.6055
10.7832
11.0885
11.2943
11.4226
10.3058
7.55422
6.16309
6.04472
6.29907
6.66829
7.01441
7.32007
7.53303
7.63697
7.72701
7.85574
8.05024
8.29765
8.54832
8.76718
778.821
43.1982
11.2047
11.2133
9.57417
6.95437
5.14738
4.85433
4.90734
5.17671
5.5795
6.13811
6.82778
7.62074
8.39648
9.06972
9.64034
10.0965
10.4025
10.5584
10.7083
10.9874
11.1811
11.3486
10.3557
7.65313
6.2176
6.09464
6.30129
6.60548
6.91441
7.21028
7.47678
7.64199
7.74292
7.86106
8.02234
8.23239
8.4649
8.68808
778.744
42.9608
11.1925
11.1768
9.56531
6.98547
5.15909
4.87398
4.96688
5.2505
5.62766
6.11326
6.72064
7.46337
8.29182
9.05311
9.64897
10.1017
10.3921
10.5532
10.6942
10.9358
11.1204
11.2742
10.3972
7.7581
6.27408
6.1652
6.32345
6.56829
6.82866
7.10688
7.41462
7.67175
7.79717
7.90648
8.03557
8.2019
8.3931
8.59285
778.533
42.7152
11.1792
11.118
9.53858
7.04759
5.19888
4.89559
5.05365
5.36411
5.72673
6.13157
6.64564
7.31936
8.13871
8.9578
9.58991
10.0714
10.384
10.5751
10.7243
10.9269
11.1004
11.1991
10.4265
7.86304
6.33383
6.25419
6.37249
6.5732
6.77163
7.01697
7.33256
7.66851
7.87849
7.98144
8.08572
8.20934
8.35911
8.52519
778.263
42.5294
11.1736
11.0339
9.48767
7.14387
5.27925
4.93249
5.16236
5.50473
5.84776
6.17212
6.59157
7.19638
7.98092
8.81821
9.49221
10.0127
10.3791
10.6172
10.7861
10.9418
11.0751
11.1106
10.4352
7.96471
6.39946
6.36775
6.45171
6.60471
6.74798
6.9402
7.23214
7.60603
7.93397
8.07662
8.17052
8.26174
8.37268
8.52451
778.374
42.392
11.177
10.9352
9.41711
7.26411
5.39898
5.01153
5.27817
5.65611
5.95419
6.20874
6.55463
7.0957
7.83557
8.65988
9.37476
9.93961
10.3727
10.6757
10.8654
10.9682
11.052
11.0022
10.4162
8.07009
6.4949
6.50655
6.56
6.6624
6.74051
6.86988
7.12383
7.49948
7.90534
8.18864
8.28628
8.36171
8.45404
8.59298
777.502
42.2427
11.2039
10.8473
9.35261
7.40887
5.5628
5.12779
5.39123
5.79261
6.02219
6.23249
6.53064
7.01779
7.71168
8.50901
9.24923
9.85488
10.3618
10.7321
10.9363
10.9928
11.0257
10.8752
10.3731
8.19311
6.64024
6.64291
6.6901
6.73742
6.75256
6.81844
7.01373
7.35496
7.82243
8.2253
8.43045
8.51743
8.60238
8.71904
777.202
42.0818
11.2694
10.8067
9.33803
7.6038
5.77292
5.27001
5.50639
5.87658
6.05345
6.24481
6.51799
6.96762
7.61675
8.37905
9.12629
9.76138
10.3308
10.7488
10.9705
11.0076
10.998
10.7509
10.3272
8.32641
6.80649
6.77952
6.81566
6.81834
6.77998
6.80286
6.9279
7.22962
7.69812
8.19477
8.56196
8.70266
8.78352
8.85444
776.876
41.8463
11.3488
10.833
9.41345
7.87837
6.02467
5.41247
5.60149
5.90715
6.06728
6.2606
6.52585
6.94767
7.54668
8.27181
9.01753
9.67186
10.2554
10.6969
10.9527
11.0083
10.967
10.6614
10.302
8.45972
6.95663
6.8885
6.92155
6.89369
6.83603
6.83418
6.9148
7.16247
7.57583
8.15045
8.63783
8.88112
8.95585
8.98452
776.31
41.4576
11.4139
10.9286
9.60916
8.24759
6.30614
5.51494
5.65211
5.89392
6.07282
6.28839
6.55986
6.9579
7.50742
8.18688
8.91543
9.5806
10.153
10.5845
10.862
10.9638
10.926
10.6382
10.3286
8.58618
7.06764
6.95812
6.96819
6.96903
6.92518
6.91522
6.9776
7.17046
7.52742
8.07925
8.62976
9.00273
9.0879
9.06616
775.827
40.9326
11.4272
11.0528
9.90445
8.66064
6.56349
5.57342
5.67541
5.87286
6.08604
6.33348
6.61624
6.98961
7.48871
8.11562
8.82343
9.49207
10.0346
10.4418
10.7125
10.8525
10.8849
10.717
10.4287
8.69066
7.111
6.96072
6.97546
7.03351
7.03793
7.05033
7.1179
7.27563
7.57616
8.0221
8.55835
8.97832
9.13438
9.12356
774.891
40.2784
11.343
11.1815
10.2437
9.05025
6.78112
5.61157
5.67341
5.85257
6.11541
6.39854
6.69723
7.05058
7.49979
8.06954
8.7331
9.38543
9.89908
10.2701
10.5069
10.6892
10.8135
10.8723
10.5711
8.76128
7.08196
6.90676
6.94843
7.0858
7.17033
7.23668
7.33693
7.48959
7.72213
8.04151
8.41773
8.79987
9.0673
9.15606
774.54
39.5844
11.1906
11.2755
10.5435
9.3701
6.9675
5.64474
5.65216
5.84993
6.15233
6.47815
6.8043
7.14946
7.55394
8.05475
8.63878
9.23993
9.72705
10.0702
10.2959
10.5237
10.7667
11.0438
10.706
8.82599
7.03515
6.81096
6.86908
7.07637
7.29067
7.4624
7.62616
7.79062
7.94642
8.11695
8.30826
8.56903
8.87756
9.12752
773.9
38.8841
10.9977
11.3232
10.7675
9.59313
7.11972
5.69446
5.63475
5.85954
6.20303
6.57014
6.93155
7.28324
7.64888
8.06126
8.53392
9.04093
9.49806
9.84874
10.132
10.4474
10.7612
11.1259
10.7597
8.87621
7.00868
6.72195
6.78415
7.04342
7.36112
7.66002
7.91222
8.08265
8.16151
8.19209
8.25101
8.39062
8.64609
8.972
773.366
38.2688
10.8194
11.3369
10.9218
9.74301
7.24727
5.75157
5.63502
5.87176
6.2531
6.66907
7.07044
7.43475
7.76582
8.08544
8.42843
8.81338
9.22573
9.62043
10.0341
10.4557
10.806
11.1149
10.699
8.88025
6.9922
6.66805
6.74258
7.05142
7.45235
7.82583
8.12242
8.28558
8.33296
8.29897
8.25549
8.29649
8.45586
8.75639
773.152
37.7815
10.6885
11.3261
10.9892
9.81559
7.34114
5.79004
5.64188
5.88146
6.29396
6.75566
7.1968
7.57131
7.87627
8.12246
8.35201
8.61778
8.96843
9.42086
10.0043
10.5353
10.9054
11.0951
10.566
8.82438
6.96843
6.64454
6.74343
7.08364
7.51722
7.91779
8.21748
8.3746
8.42815
8.38513
8.29722
8.26377
8.34805
8.60287
772.137
37.4682
10.599
11.2948
11.029
9.87031
7.41387
5.82198
5.64784
5.88554
6.31437
6.80469
7.27676
7.66218
7.95465
8.16379
8.33825
8.50648
8.78059
9.25295
9.94139
10.5694
10.9763
11.1139
10.4821
8.77501
6.95388
6.64422
6.76369
7.11435
7.56674
7.97767
8.27568
8.42764
8.48397
8.43495
8.34022
8.27155
8.30123
8.49828
8.66375
8.96917
9.32495
9.68952
10.0807
10.6232
11.4522
12.1513
12.1544
10.9215
8.19722
7.23331
7.33519
7.67389
8.07588
8.35347
8.44945
8.43267
8.3856
8.35217
8.36457
8.43583
8.58727
8.81195
9.04073
9.21585
9.31697
9.35439
9.39312
9.5154
9.80553
10.3929
11.0904
11.6902
11.9368
11.4596
10.1612
8.60365
8.03424
7.9794
8.18046
8.46398
8.68667
8.77445
8.75187
8.66341
8.58324
8.59655
8.66621
8.80729
8.98659
9.00211
8.83578
8.65508
8.60112
8.60546
8.65831
8.76346
8.8694
8.86378
8.22619
7.37787
7.01559
6.85598
6.89929
7.14577
7.56381
7.95197
8.14643
8.14825
8.02092
7.92983
7.91307
7.97724
8.09213
8.20962
8.29547
8.35181
8.41371
8.7231
8.79014
9.12555
9.5268
9.91182
10.3242
10.8584
11.5239
11.8561
11.636
10.2604
7.86588
7.23255
7.38141
7.71286
8.05944
8.28123
8.36031
8.33711
8.31626
8.32369
8.36646
8.46331
8.62676
8.82862
9.01625
9.15702
9.24684
9.32202
9.38896
9.53959
9.9147
10.4929
11.0427
11.4091
11.5123
10.9307
9.61393
8.28027
7.89245
7.877
8.08657
8.32672
8.48608
8.53571
8.50084
8.42468
8.36747
8.39508
8.53312
8.76553
9.00731
9.17507
9.19814
8.99089
8.75073
8.67211
8.69302
8.75788
8.82659
8.67583
7.97139
7.21571
7.00059
6.94329
7.09511
7.42311
7.76164
8.08269
8.25325
8.265
8.23008
8.21756
8.27003
8.35154
8.42291
8.4546
8.48958
8.51577
8.59337
8.90957
8.89578
9.21526
9.6047
10.0235
10.4923
11.0403
11.6299
11.8243
11.531
9.95904
7.68306
7.21728
7.35161
7.61338
7.89104
8.08263
8.19178
8.24038
8.27052
8.31491
8.38076
8.48811
8.62786
8.77289
8.90075
9.02285
9.13324
9.25348
9.42381
9.67574
9.99066
10.402
10.7698
11.0132
11.111
10.5561
9.19946
8.01708
7.77117
7.77421
7.92575
8.08866
8.18603
8.22881
8.21311
8.17765
8.18395
8.27509
8.47606
8.77653
9.04847
9.27935
9.38772
9.29208
9.02562
8.82912
8.77248
8.79229
8.77448
8.48256
7.71864
7.10486
7.02961
7.18498
7.44921
7.68561
7.89438
8.09837
8.34477
8.55738
8.69754
8.76539
8.82133
8.86494
8.89075
8.87964
8.80822
8.75608
8.82869
9.14461
9.02857
9.33473
9.71865
10.1754
10.6688
11.1839
11.6314
11.6409
11.2132
9.64487
7.62434
7.22305
7.28803
7.45335
7.65809
7.83266
7.98634
8.10711
8.19572
8.28872
8.39073
8.48948
8.57588
8.65563
8.75133
8.86204
9.02223
9.25057
9.51299
9.76849
9.96306
10.1877
10.4271
10.5751
10.665
10.0982
8.69479
7.77474
7.62575
7.64317
7.75122
7.85375
7.91755
7.96368
8.00367
8.05095
8.13246
8.2911
8.5243
8.78864
9.02985
9.26309
9.42735
9.47412
9.36271
9.14133
8.96352
8.85003
8.6361
8.20079
7.47588
7.08643
7.24965
7.59825
7.79507
7.86433
7.95436
8.10618
8.40282
8.78735
9.10198
9.22661
9.23444
9.23321
9.25209
9.29847
9.35287
9.4125
9.55433
9.8385
9.15862
9.45489
9.82206
10.2542
10.6961
11.1577
11.4482
11.3416
10.9324
9.51594
7.65222
7.24805
7.23418
7.31405
7.4425
7.56959
7.72412
7.91161
8.10131
8.26026
8.37479
8.446
8.48956
8.52612
8.59726
8.74997
8.99553
9.31034
9.6002
9.77194
9.87271
10.0331
10.1946
10.2267
10.2655
9.59168
8.20998
7.60589
7.54966
7.573
7.63799
7.67644
7.70934
7.77984
7.89474
8.03553
8.1894
8.37359
8.56282
8.74512
8.92041
9.11666
9.34435
9.53101
9.62096
9.54743
9.3484
9.01008
8.58763
8.05822
7.38497
7.28356
7.57739
7.88124
8.0022
8.039
8.04295
8.11194
8.36505
8.74748
9.14394
9.3995
9.44919
9.40075
9.38352
9.45917
9.6575
9.96466
10.366
10.8214
9.27349
9.55214
9.88875
10.2497
10.5854
10.932
11.1028
11.0061
10.7117
9.49254
7.72262
7.25392
7.15351
7.17754
7.26882
7.37512
7.50565
7.70277
7.95566
8.18115
8.3075
8.35914
8.38197
8.41318
8.51732
8.74719
9.08506
9.42233
9.64706
9.73561
9.80888
9.92861
10.0766
10.0454
9.95263
9.07056
7.85556
7.52082
7.53047
7.54468
7.5708
7.58316
7.62073
7.73206
7.91801
8.13586
8.34553
8.51493
8.6192
8.70009
8.79857
8.97219
9.24085
9.54536
9.86116
10.018
9.86793
9.37059
8.72003
8.10659
7.55277
7.56238
7.73308
7.99817
8.12739
8.14341
8.13615
8.17487
8.30648
8.5479
8.90323
9.2232
9.37202
9.37786
9.41605
9.53882
9.7659
10.1124
10.5457
11.0562
9.36425
9.61231
9.86478
10.0936
10.3056
10.576
10.7537
10.776
10.598
9.51643
7.77654
7.22425
7.0777
7.08469
7.1551
7.24964
7.37843
7.55681
7.79582
8.03127
8.17597
8.2381
8.27753
8.35274
8.55264
8.87384
9.23172
9.49835
9.63926
9.70467
9.77141
9.91213
10.0695
9.95688
9.68955
8.59296
7.63388
7.49067
7.54288
7.56215
7.5726
7.57733
7.63173
7.77604
8.01258
8.30167
8.54679
8.65265
8.66719
8.67044
8.73146
8.90216
9.19015
9.61466
10.139
10.5234
10.5212
10.2699
9.50307
8.5142
7.85979
7.66997
7.75385
7.9552
8.15273
8.24039
8.22711
8.20728
8.24212
8.37428
8.57852
8.85879
9.1166
9.29823
9.42815
9.59001
9.85175
10.1702
10.5832
11.0753
9.403
9.59055
9.72838
9.8369
9.9818
10.2276
10.4785
10.6516
10.5366
9.52561
7.79965
7.18023
7.01334
7.02191
7.09451
7.1884
7.30922
7.47611
7.66817
7.86241
8.01803
8.12023
8.2199
8.39375
8.68747
9.04866
9.35338
9.53684
9.61025
9.68285
9.80669
9.95777
10.0899
9.94357
9.45921
8.18091
7.47697
7.47103
7.58911
7.62145
7.63453
7.64169
7.71253
7.88113
8.15021
8.48443
8.70253
8.73753
8.69503
8.66108
8.69384
8.86955
9.23752
9.78995
10.3905
10.8821
11.1715
11.1799
10.6502
9.12164
7.99814
7.71261
7.6884
7.84194
8.08937
8.28487
8.31502
8.24497
8.18422
8.16835
8.24859
8.47522
8.81411
9.16077
9.45776
9.69161
9.88743
10.1137
10.4082
10.8077
9.39135
9.50384
9.56033
9.61222
9.73273
10.0055
10.2988
10.5557
10.4687
9.49173
7.79797
7.1354
6.96654
6.98611
7.07353
7.17553
7.2844
7.41701
7.56465
7.71629
7.88002
8.04562
8.25021
8.53165
8.87022
9.17507
9.39301
9.53376
9.60239
9.69225
9.89666
10.0862
10.1488
9.96085
9.23209
7.8497
7.35667
7.43055
7.59989
7.6917
7.73122
7.7577
7.84566
8.04196
8.34051
8.62858
8.76211
8.76951
8.71821
8.68503
8.71984
8.93192
9.3698
9.94655
10.5235
11.0974
11.5016
11.5354
11.0503
9.37477
8.07776
7.73333
7.62366
7.74266
8.00218
8.25509
8.36019
8.27923
8.14946
8.06317
8.07448
8.23172
8.56387
9.04082
9.47272
9.74046
9.89418
9.97955
10.1764
10.4796
9.36301
9.41636
9.4185
9.46359
9.60137
9.89131
10.1744
10.4401
10.3481
9.42913
7.79671
7.1039
6.94839
6.97834
7.08031
7.18998
7.28248
7.36927
7.47002
7.60881
7.7971
8.03816
8.34346
8.69172
8.98901
9.19887
9.37554
9.52001
9.63792
9.75377
10.0234
10.2742
10.2639
9.98698
8.99632
7.59734
7.26231
7.37981
7.57655
7.75743
7.84547
7.90771
8.0343
8.25059
8.4898
8.66197
8.75254
8.76283
8.74101
8.74423
8.82897
9.09039
9.50525
10.014
10.5769
11.1945
11.6683
11.6644
11.1128
9.4587
8.10147
7.74579
7.63042
7.70668
7.88951
8.15095
8.31838
8.30025
8.16027
8.05296
8.04256
8.15636
8.44791
8.91708
9.39646
9.66025
9.75394
9.82457
10.0444
10.325
9.33741
9.33842
9.35168
9.42236
9.57052
9.83747
10.0688
10.2781
10.1669
9.34864
7.79879
7.08585
6.95752
6.99438
7.10562
7.21348
7.28293
7.33613
7.41935
7.5727
7.80109
8.10589
8.47191
8.77936
8.96331
9.12323
9.26879
9.44442
9.66394
9.89196
10.2142
10.4901
10.4111
10.0222
8.75214
7.42587
7.21125
7.31952
7.53309
7.77823
7.96317
8.09572
8.24903
8.40976
8.54512
8.63158
8.69134
8.73314
8.77018
8.83396
8.97205
9.22367
9.5554
9.98612
10.559
11.1959
11.6365
11.5542
10.9711
9.38429
8.07729
7.78688
7.7087
7.75599
7.84656
7.99106
8.18129
8.28046
8.22043
8.13656
8.13343
8.25424
8.50803
8.83392
9.16282
9.41484
9.58261
9.75859
10.0481
10.3462
9.2969
9.31412
9.36139
9.45312
9.5916
9.8091
9.95775
10.0765
9.94384
9.25239
7.80429
7.08503
6.98935
7.02445
7.13566
7.23183
7.2817
7.32548
7.42426
7.61002
7.89037
8.24392
8.55747
8.75023
8.87408
8.97361
9.11579
9.35151
9.68288
10.0617
10.4699
10.6938
10.5729
10.0518
8.53514
7.34826
7.18276
7.25941
7.48968
7.81633
8.09527
8.27716
8.39947
8.47471
8.50944
8.54663
8.60994
8.70703
8.81368
8.93926
9.10485
9.31066
9.56405
9.9314
10.4604
11.07
11.4234
11.2112
10.5811
9.15771
8.03268
7.85925
7.83973
7.8615
7.86965
7.87791
7.98613
8.15867
8.27433
8.3041
8.33883
8.45553
8.63548
8.81811
8.94544
9.12051
9.34814
9.60748
9.96097
10.2532
9.26398
9.32754
9.41711
9.52249
9.64133
9.78774
9.86111
9.84122
9.72676
9.13678
7.79334
7.09035
7.04587
7.06014
7.15772
7.24045
7.28785
7.34914
7.48782
7.72143
8.06209
8.38986
8.59929
8.66144
8.72485
8.81595
8.98515
9.27355
9.68062
10.1443
10.6353
10.8554
10.7305
10.0334
8.37273
7.36096
7.16877
7.22868
7.47493
7.84403
8.17858
8.39254
8.45562
8.43656
8.4222
8.44982
8.54994
8.70508
8.88011
9.05552
9.22155
9.37052
9.54727
9.84272
10.2775
10.8257
11.123
10.8916
10.283
8.97284
8.00544
7.91893
7.95627
7.98677
7.92665
7.85096
7.83904
8.00442
8.24798
8.44078
8.60227
8.68677
8.70953
8.70973
8.75232
8.89561
9.1395
9.46382
9.85629
10.1319
9.24099
9.35489
9.48269
9.59678
9.68053
9.75402
9.76298
9.67674
9.54324
9.00538
7.76116
7.11585
7.07818
7.10568
7.18122
7.25458
7.31731
7.41929
7.60305
7.90433
8.24065
8.48884
8.54037
8.57369
8.61786
8.72689
8.92175
9.23764
9.69422
10.2243
10.7436
10.9537
10.7795
9.91709
8.27926
7.41243
7.18312
7.24054
7.50195
7.86405
8.20759
8.41831
8.42013
8.36529
8.33141
8.37941
8.51415
8.7239
8.9634
9.18337
9.34575
9.45042
9.57064
9.76588
10.096
10.6405
10.938
10.7234
10.1318
8.81127
7.97704
7.9426
8.00626
8.06663
7.99325
7.88071
7.83061
7.90246
8.20813
8.56518
8.79801
8.8761
8.78808
8.69736
8.6892
8.79613
9.03409
9.34009
9.70542
9.92472
9.21824
9.38115
9.53995
9.64274
9.6804
9.68425
9.65538
9.58393
9.40935
8.88785
7.70536
7.10758
7.08369
7.15819
7.21784
7.29716
7.39146
7.53834
7.77586
8.08657
8.37025
8.48373
8.52704
8.54517
8.60254
8.7355
8.95604
9.26502
9.69326
10.2182
10.6606
10.8671
10.5868
9.65951
8.21305
7.45686
7.24858
7.29756
7.55288
7.90108
8.21672
8.37628
8.35362
8.29136
8.26784
8.33197
8.50338
8.76628
9.06634
9.32625
9.48422
9.55061
9.59855
9.68579
9.9547
10.4955
10.7894
10.6482
10.0372
8.68652
7.94
7.91883
7.99328
8.09857
8.05901
7.96842
7.91821
7.95196
8.17013
8.56227
8.83423
8.91846
8.85052
8.76477
8.74563
8.84844
9.05782
9.33871
9.65868
9.80878
9.19508
9.40169
9.56981
9.64313
9.63889
9.60988
9.59016
9.54524
9.34847
8.81903
7.63215
7.04518
7.03491
7.20458
7.2893
7.38852
7.51554
7.7045
7.95873
8.2198
8.38666
8.48915
8.55013
8.60135
8.69117
8.85477
9.09221
9.38079
9.7174
10.12
10.3826
10.5013
10.1533
9.34769
8.15982
7.47898
7.343
7.40867
7.63451
7.94889
8.19759
8.2947
8.27137
8.23357
8.23481
8.3285
8.53735
8.84699
9.1936
9.47097
9.60863
9.62829
9.60094
9.61605
9.85961
10.3791
10.6666
10.633
9.96658
8.59938
7.90998
7.83738
7.91553
8.06934
8.13226
8.09658
8.07953
8.10485
8.20034
8.42524
8.6757
8.82318
8.882
8.88106
8.893
8.98202
9.15528
9.37076
9.67197
9.79203
9.16993
9.40277
9.55387
9.59413
9.56995
9.56054
9.56903
9.54639
9.34282
8.8128
7.58021
6.92856
6.95589
7.18476
7.39995
7.54748
7.69867
7.89403
8.10418
8.26556
8.36896
8.49312
8.62274
8.7428
8.87227
9.06272
9.30527
9.53022
9.76126
9.96679
10.0527
9.93374
9.6251
9.05277
8.09865
7.47271
7.41386
7.53638
7.74147
7.98439
8.13942
8.20109
8.20899
8.21029
8.26041
8.39756
8.64113
8.97083
9.31244
9.55836
9.66686
9.63552
9.57485
9.57276
9.81186
10.305
10.58
10.6281
9.89528
8.52038
7.85728
7.73107
7.81698
8.00061
8.18268
8.25102
8.28078
8.2865
8.27919
8.31043
8.42749
8.64024
8.83744
9.00787
9.09956
9.16864
9.27905
9.40791
9.6269
9.69264
9.13973
9.37067
9.49174
9.50959
9.49984
9.5219
9.57424
9.58422
9.37763
8.85126
7.57649
6.81489
6.85375
7.12837
7.48031
7.75082
7.93705
8.0836
8.19225
8.25774
8.36725
8.5369
8.74266
8.93799
9.11776
9.32492
9.51977
9.66464
9.7595
9.79179
9.73278
9.50012
9.21087
8.76764
8.00202
7.46657
7.42655
7.59329
7.8075
7.97412
8.06352
8.1223
8.18207
8.25503
8.36057
8.55104
8.8109
9.10338
9.3741
9.57121
9.64111
9.59877
9.54792
9.57252
9.79756
10.244
10.5114
10.592
9.79534
8.42447
7.79582
7.64877
7.74138
7.96456
8.21227
8.38402
8.45289
8.44102
8.33569
8.25342
8.26711
8.45323
8.77626
9.04193
9.21537
9.31791
9.38758
9.48012
9.66631
9.69003
9.10548
9.31028
9.39803
9.4226
9.4351
9.49084
9.59277
9.64388
9.44932
8.91734
7.60938
6.74291
6.75742
7.06863
7.5194
7.93618
8.19924
8.26737
8.25661
8.2861
8.40856
8.62137
8.88843
9.15217
9.37032
9.57889
9.66929
9.69977
9.6647
9.56677
9.45386
9.2433
8.95909
8.59391
7.90302
7.39444
7.41968
7.5905
7.76236
7.87973
7.96377
8.06789
8.2172
8.39591
8.57996
8.78653
8.98447
9.17558
9.3597
9.49302
9.55049
9.54778
9.54153
9.61328
9.83198
10.2271
10.4264
10.4632
9.65291
8.32471
7.75136
7.61044
7.70878
7.95599
8.25014
8.47287
8.54278
8.49342
8.36786
8.27987
8.28191
8.39418
8.67347
8.99948
9.20397
9.32228
9.40874
9.53613
9.75662
9.77318
9.06711
9.23328
9.31064
9.34534
9.38163
9.47263
9.62164
9.70826
9.53814
8.99356
7.66707
6.73583
6.72842
7.03038
7.57265
8.09866
8.41453
8.45706
8.38513
8.38664
8.5174
8.75582
9.0519
9.34475
9.57872
9.72468
9.70535
9.62765
9.47446
9.30741
9.21202
9.07128
8.85849
8.5929
7.92787
7.32082
7.32165
7.48248
7.61049
7.71771
7.84049
8.02059
8.27083
8.6207
8.91226
9.06322
9.14367
9.19922
9.25881
9.35471
9.45075
9.51743
9.57083
9.6877
9.90485
10.219
10.3105
10.249
9.46409
8.23245
7.73771
7.62751
7.72525
7.97456
8.284
8.50367
8.55403
8.52228
8.43233
8.38994
8.40406
8.47167
8.60528
8.81948
9.05748
9.219
9.38894
9.5797
9.85403
9.88449
9.03223
9.174
9.25352
9.29857
9.35102
9.47079
9.66013
9.77075
9.6318
9.08654
7.75794
6.79933
6.78601
7.12567
7.71459
8.26949
8.58846
8.64346
8.59243
8.58678
8.70321
8.93191
9.21873
9.49445
9.69006
9.73789
9.63763
9.4576
9.23435
9.0782
9.02925
9.00154
8.90141
8.70476
8.06403
7.31291
7.17862
7.25854
7.35281
7.49163
7.68661
7.9506
8.38397
8.88457
9.22986
9.31854
9.22569
9.16464
9.16898
9.23686
9.36032
9.50956
9.63764
9.78713
10.0053
10.1982
10.1541
9.9802
9.25369
8.16715
7.76525
7.69842
7.79278
8.03082
8.29501
8.44313
8.49445
8.53173
8.54677
8.56406
8.60042
8.61254
8.6264
8.68423
8.82811
9.03683
9.24384
9.51964
9.83176
9.87284
9.00486
9.1389
9.23062
9.29154
9.35942
9.50182
9.71999
9.8464
9.73115
9.21979
7.91305
6.95072
6.98986
7.37678
7.89603
8.40058
8.6972
8.80384
8.81669
8.84788
8.94897
9.13619
9.36283
9.5735
9.70841
9.68892
9.51839
9.25046
9.01227
8.9045
8.93342
9.02331
9.02652
8.87956
8.2381
7.36188
7.09251
7.02426
7.07986
7.2659
7.54415
7.90567
8.48002
9.02516
9.36635
9.49926
9.35971
9.20014
9.15001
9.18381
9.30824
9.50848
9.73083
9.91205
10.0994
10.1467
9.97259
9.71283
9.04749
8.13652
7.83339
7.81986
7.90143
8.08295
8.23738
8.32775
8.42377
8.54197
8.67356
8.7615
8.77974
8.70486
8.61781
8.59987
8.68121
8.84862
9.11476
9.46965
9.8252
9.88208
8.98918
9.12674
9.24336
9.32888
9.41897
9.57537
9.80838
9.95889
9.86575
9.42997
8.16432
7.30324
7.3784
7.69878
8.07931
8.41619
8.71188
8.91982
9.04157
9.1058
9.19382
9.32269
9.46716
9.60614
9.66063
9.5908
9.37186
9.07828
8.87362
8.81373
8.91397
9.09691
9.21893
9.09675
8.39197
7.39465
6.99314
6.84568
6.9106
7.12116
7.43771
7.89474
8.42436
8.95038
9.33302
9.51293
9.48297
9.33545
9.21521
9.21395
9.31378
9.52937
9.81305
10.025
10.1332
10.0625
9.80063
9.49244
8.88285
8.14996
7.9355
7.96238
8.00637
8.06977
8.1483
8.24426
8.38036
8.56927
8.77712
8.88926
8.88264
8.78521
8.67228
8.64096
8.70104
8.83382
9.04017
9.34457
9.64777
9.69007
8.95416
9.1119
9.27294
9.4067
9.53433
9.71372
9.96863
10.1403
10.0739
9.75777
8.63579
7.82932
7.7799
7.92331
8.13437
8.36899
8.64307
8.93622
9.18628
9.32147
9.40289
9.46356
9.51886
9.60707
9.57862
9.46081
9.25267
8.98811
8.83453
8.80574
8.94823
9.19148
9.39873
9.29315
8.50846
7.42051
6.92776
6.75206
6.86709
7.13212
7.5238
7.94352
8.2713
8.60927
9.02876
9.35326
9.55647
9.51821
9.39399
9.32744
9.38028
9.56781
9.84331
10.0498
10.0959
9.96165
9.66049
9.33231
8.78588
8.19846
8.06303
8.08429
8.05664
8.04049
8.09242
8.20764
8.38376
8.61554
8.82193
8.90804
8.92414
8.87907
8.83643
8.85362
8.92045
9.00495
9.09765
9.25475
9.4127
9.38327
8.89107
9.07696
9.2909
9.49775
9.68992
9.91546
10.206
10.4021
10.4246
10.3164
9.22906
8.20822
8.07235
8.04898
8.15657
8.31459
8.54669
8.86996
9.20222
9.44668
9.53044
9.53738
9.48526
9.47892
9.40927
9.32544
9.1948
9.00854
8.87227
8.86364
9.01548
9.27034
9.5108
9.41875
8.60939
7.45947
6.91755
6.76848
6.92552
7.28541
7.72753
8.00682
8.12861
8.22352
8.51683
9.00036
9.3982
9.64423
9.65448
9.5542
9.51327
9.62575
9.82802
9.9958
10.0105
9.86183
9.5683
9.24824
8.77479
8.26734
8.13235
8.13551
8.06401
8.03729
8.0972
8.24756
8.44667
8.65912
8.77017
8.85973
8.93778
9.02611
9.12687
9.22668
9.25424
9.26074
9.25142
9.24965
9.26888
9.17884
8.80319
9.03124
9.31438
9.60125
9.85221
10.1126
10.4577
10.729
10.934
10.8403
9.59411
8.37663
8.18179
8.07277
8.13499
8.25428
8.45116
8.74301
9.09921
9.39751
9.50571
9.47204
9.36238
9.26691
9.22183
9.23064
9.20055
9.0967
9.00384
9.00914
9.15415
9.38417
9.56008
9.41112
8.64072
7.52485
6.98432
6.91067
7.13548
7.55454
7.91108
8.07072
8.03752
8.02903
8.10453
8.44767
9.05058
9.52721
9.80625
9.85291
9.7568
9.74612
9.82647
9.89779
9.89115
9.77489
9.52975
9.24273
8.83042
8.31805
8.13076
8.09432
8.07192
8.06738
8.16222
8.33822
8.52537
8.61605
8.69182
8.80884
8.99497
9.23378
9.43093
9.5337
9.53578
9.44132
9.33429
9.22803
9.15644
9.02797
8.72997
8.98818
9.32168
9.66155
9.96452
10.2797
10.709
11.0699
11.4195
11.186
9.75397
8.44162
8.13492
8.03117
8.09554
8.20433
8.36273
8.59619
8.91351
9.19308
9.32229
9.28919
9.17143
9.08081
9.07868
9.13771
9.17553
9.17404
9.16991
9.24867
9.4097
9.55521
9.58606
9.34587
8.6521
7.61222
7.13759
7.18316
7.47035
7.80236
8.02682
8.05698
8.01876
7.9597
7.96382
8.07457
8.45476
9.16879
9.71569
10.0134
10.0435
9.96365
9.88181
9.819
9.78199
9.6977
9.53245
9.28883
8.91773
8.36798
8.06903
8.02997
8.09332
8.14922
8.28187
8.43316
8.52302
8.57198
8.65983
8.84427
9.14883
9.44007
9.67261
9.72057
9.66774
9.4863
9.27668
9.13358
9.0523
8.93838
8.73341
8.99138
9.30684
9.6352
9.95604
10.34
10.856
11.3232
11.7632
11.3483
9.76442
8.41587
8.03067
7.95315
8.05079
8.17224
8.28508
8.45189
8.6578
8.86602
9.00615
9.04269
8.99842
8.97177
8.99133
9.04189
9.11169
9.20276
9.30014
9.43353
9.61056
9.66757
9.58223
9.31545
8.70528
7.74122
7.39912
7.54186
7.77639
7.95867
8.03355
8.06006
8.04892
8.01152
7.98047
8.00637
8.15273
8.58634
9.38893
9.94553
10.189
10.1823
10.0243
9.81535
9.71509
9.6601
9.56863
9.35659
8.98923
8.40262
8.00376
7.98069
8.09657
8.2718
8.41705
8.49232
8.52842
8.59191
8.74558
9.02036
9.33345
9.63264
9.78645
9.77229
9.59591
9.36994
9.16664
9.04726
9.02622
8.94661
8.80231
9.03402
9.27837
9.53297
9.81719
10.2457
10.8251
11.424
11.8423
11.2644
9.57946
8.26816
7.92396
7.88416
7.9963
8.11941
8.22569
8.31009
8.39459
8.51587
8.67711
8.83999
8.9112
8.91448
8.90904
8.93531
9.03067
9.19189
9.35964
9.50508
9.6696
9.66626
9.56537
9.34983
8.82135
7.97199
7.7544
7.82291
7.93739
7.98543
8.02119
8.0588
8.10662
8.12099
8.0804
8.05065
8.12
8.34216
8.86569
9.66077
10.1244
10.2635
10.1557
9.89444
9.72537
9.67574
9.63045
9.45256
9.06215
8.46146
8.00884
7.96499
8.12323
8.38387
8.5321
8.57374
8.61233
8.72367
8.96581
9.23638
9.51557
9.71738
9.73626
9.62024
9.40808
9.16877
9.05006
9.02126
9.0621
9.00025
8.89103
9.07537
9.24659
9.41629
9.6525
10.0832
10.6635
11.2338
11.5896
10.9339
9.25325
8.07117
7.80179
7.80851
7.94369
8.07268
8.14137
8.15608
8.16864
8.25952
8.44384
8.681
8.83778
8.8506
8.82143
8.83394
8.94703
9.15221
9.36119
9.50959
9.62502
9.58642
9.56295
9.43219
9.12754
8.41525
8.03576
7.99037
7.98149
7.97554
7.99733
8.0578
8.15379
8.244
8.25115
8.20315
8.20224
8.3557
8.64569
9.18939
9.86688
10.1448
10.1614
9.99775
9.81811
9.76163
9.73115
9.6107
9.20207
8.59769
8.0993
8.03274
8.18938
8.43802
8.59526
8.66548
8.7525
8.92514
9.1492
9.40754
9.60096
9.62299
9.52581
9.34791
9.14894
9.04636
8.99954
9.04186
9.10266
9.02577
8.96306
9.09576
9.21629
9.34709
9.56829
9.99154
10.4981
10.8925
11.1057
10.4517
8.82407
7.82084
7.67601
7.75108
7.89176
8.00242
8.03675
8.02204
8.02924
8.10939
8.28598
8.50995
8.70197
8.75815
8.74824
8.76076
8.86812
9.05543
9.25802
9.3739
9.45908
9.51998
9.61134
9.69738
9.79193
9.01562
8.23322
8.06325
7.96255
7.95261
7.98425
8.04846
8.15779
8.28948
8.40096
8.43589
8.42736
8.48461
8.65586
8.89958
9.36861
9.85148
9.9816
9.9483
9.88265
9.85804
9.85752
9.77705
9.4093
8.84623
8.30228
8.174
8.28239
8.45857
8.6073
8.74766
8.87266
9.08075
9.31584
9.46147
9.45658
9.34774
9.19397
9.07447
9.01937
9.00635
9.01353
9.0342
9.04948
8.94368
9.02181
9.08198
9.16269
9.30848
9.57248
9.99594
10.4491
10.7308
10.6137
9.87383
8.26866
7.50942
7.5203
7.65601
7.82216
7.92552
7.95035
7.94713
7.96161
8.03725
8.17312
8.33441
8.49517
8.6058
8.65819
8.70172
8.79702
8.9451
9.10083
9.20999
9.33758
9.53002
9.88054
10.2832
10.4853
9.58915
8.4385
8.09082
7.95806
7.9325
7.95247
8.00183
8.10709
8.25742
8.43446
8.59416
8.67972
8.7364
8.76868
8.80349
8.89618
9.24766
9.6089
9.78089
9.84331
9.84763
9.87851
9.78964
9.53045
9.09786
8.57525
8.38994
8.38883
8.45449
8.6046
8.77094
8.99919
9.19543
9.27218
9.23521
9.11744
8.99561
8.95
8.98803
8.99084
8.94509
8.93585
8.95185
8.91261
8.74909
9.03134
9.04906
9.12641
9.30713
9.62698
10.0631
10.4912
10.6647
10.3286
9.46599
7.80306
7.192
7.29354
7.52114
7.73315
7.84694
7.89158
7.90865
7.93817
8.001
8.0841
8.17399
8.28218
8.40967
8.52948
8.62978
8.7197
8.83576
8.9837
9.14994
9.35619
9.75433
10.3796
10.7807
10.7939
9.90984
8.61471
8.12324
8.02561
7.99033
7.9627
7.96777
8.02491
8.17845
8.40197
8.61963
8.77339
8.88143
8.85028
8.75433
8.65504
8.64302
8.88197
9.33338
9.64129
9.73113
9.76197
9.70613
9.51713
9.15567
8.68497
8.47791
8.40591
8.44529
8.60623
8.85726
9.05064
9.07912
8.97526
8.84263
8.763
8.79038
8.85255
8.88027
8.85877
8.84273
8.85678
8.87874
8.84237
8.66055
9.04879
9.05084
9.13642
9.34862
9.71444
10.1754
10.5724
10.6667
10.2195
9.2136
7.52779
6.98055
7.09159
7.33977
7.59392
7.74159
7.81761
7.88552
7.94917
7.98678
8.01535
8.04932
8.10977
8.21844
8.37097
8.52865
8.65807
8.78408
8.9422
9.15278
9.55407
10.1731
10.7728
11.0173
10.8475
10.0189
8.74926
8.22222
8.16947
8.15143
8.06688
7.98741
7.96787
8.07137
8.31284
8.59455
8.78339
8.87652
8.81137
8.66791
8.47875
8.29905
8.26226
8.61972
9.14595
9.45175
9.56234
9.5487
9.44059
9.1266
8.64014
8.41922
8.36469
8.43759
8.66652
8.89281
8.94795
8.83615
8.67955
8.59258
8.60318
8.6441
8.69905
8.71967
8.73637
8.78036
8.86007
8.91329
8.91454
8.70725
9.1156
9.10533
9.2063
9.44117
9.83051
10.3109
10.6522
10.6777
10.2023
9.01199
7.33476
6.89754
6.99627
7.20169
7.42923
7.59401
7.71425
7.8236
7.92546
7.97414
7.97224
7.96198
7.98813
8.07867
8.23812
8.43981
8.63784
8.79881
8.98787
9.33289
9.88928
10.4642
10.9583
11.0943
10.7489
10.0353
8.84782
8.32245
8.32418
8.36107
8.27351
8.11839
8.01418
8.03974
8.21548
8.49018
8.71311
8.79516
8.68573
8.48661
8.25241
8.08551
8.1065
8.25099
8.5554
8.93138
9.20132
9.27453
9.14844
8.83875
8.41491
8.27804
8.31807
8.48467
8.73139
8.87626
8.84472
8.69257
8.51704
8.43519
8.43112
8.47689
8.53834
8.6124
8.72641
8.87617
9.00488
9.07
9.11454
8.90334
9.25071
9.24281
9.35756
9.59578
9.98627
10.4365
10.7049
10.6557
10.1781
8.81627
7.19869
6.85209
6.95779
7.14028
7.31661
7.44227
7.5649
7.69887
7.82312
7.91146
7.93683
7.92364
7.93345
8.01496
8.18118
8.41746
8.67049
8.9119
9.20678
9.62841
10.1045
10.5354
10.9486
10.9787
10.603
9.99198
8.9047
8.36094
8.38922
8.48135
8.4803
8.34273
8.19141
8.1342
8.1966
8.35078
8.53044
8.59084
8.442
8.22644
8.06462
8.01908
8.0795
8.17413
8.27365
8.50954
8.81851
8.96806
8.82268
8.38527
7.9387
7.92738
8.14025
8.44834
8.66783
8.74265
8.70566
8.59312
8.46353
8.35923
8.3312
8.36266
8.44168
8.62546
8.83835
9.078
9.35957
9.55481
9.65241
9.44222
9.26715
9.47968
9.60544
9.8357
10.1935
10.5207
10.7068
10.565
10.0745
8.60977
7.09455
6.84241
6.9367
7.10771
7.26481
7.35753
7.43648
7.53184
7.64284
7.75809
7.85529
7.91683
7.9546
8.04739
8.23971
8.50506
8.831
9.16493
9.48567
9.81724
10.1642
10.4711
10.7515
10.7698
10.474
9.93495
8.89898
8.36483
8.37186
8.48852
8.59761
8.57084
8.45475
8.34442
8.29201
8.30618
8.33678
8.31811
8.19645
8.06459
8.00346
8.02019
8.08621
8.1345
8.18883
8.36441
8.62969
8.84466
8.75655
8.28695
7.76071
7.65486
7.86323
8.19792
8.42505
8.5163
8.56003
8.5522
8.5057
8.4271
8.37052
8.41108
8.57533
8.83309
9.22806
9.60875
9.89233
10.0423
10.0707
9.81797
9.1718
9.57922
9.86934
10.1112
10.3508
10.5191
10.6518
10.4352
9.93317
8.41638
7.02433
6.85256
6.94407
7.10881
7.24839
7.32294
7.36081
7.39435
7.45023
7.54468
7.68628
7.84927
8.0266
8.20793
8.43698
8.74252
9.07922
9.39722
9.66861
9.89885
10.0783
10.2503
10.4892
10.5755
10.4188
9.89752
8.85168
8.301
8.28665
8.44199
8.65408
8.77185
8.7593
8.64357
8.48801
8.33407
8.21428
8.11382
8.04939
8.02657
8.02129
8.0488
8.08294
8.09645
8.15623
8.3358
8.56563
8.7911
8.75684
8.34788
7.85781
7.68418
7.72912
7.85625
8.03213
8.20422
8.33763
8.48131
8.60365
8.65422
8.66139
8.74044
9.0048
9.38213
9.71569
9.9803
10.1732
10.2344
10.1807
9.89483
9.04817
9.63288
10.1134
10.3883
10.4726
10.4492
10.5547
10.3218
9.79751
8.27174
7.00011
6.87408
6.96537
7.12388
7.24874
7.30345
7.3114
7.30031
7.3093
7.36422
7.50653
7.74048
8.02568
8.36133
8.70646
9.013
9.30816
9.57866
9.75216
9.81767
9.9053
10.0748
10.3198
10.4769
10.4422
9.88505
8.79804
8.22266
8.1724
8.34781
8.6575
8.90611
8.99349
8.91768
8.69673
8.40893
8.14308
7.98874
7.97229
8.03782
8.06955
8.0561
8.04183
8.0669
8.17181
8.35684
8.5276
8.71966
8.78415
8.50262
8.05134
7.79253
7.71747
7.66895
7.70221
7.85902
8.07409
8.302
8.51973
8.75224
9.00735
9.31274
9.56546
9.79085
9.97737
10.1402
10.2444
10.2299
10.112
9.81332
8.91799
9.64416
10.2297
10.5763
10.5668
10.4071
10.4507
10.2022
9.66095
8.16195
6.98045
6.88858
6.98852
7.14797
7.26854
7.31109
7.29399
7.25008
7.22817
7.25484
7.36364
7.62492
8.04388
8.51662
8.91108
9.24384
9.50069
9.68974
9.76589
9.75234
9.79063
9.94363
10.1726
10.3591
10.4307
9.89278
8.76727
8.17783
8.09969
8.29224
8.64572
8.98912
9.15892
9.11068
8.85372
8.46177
8.1009
7.89919
7.90945
8.04346
8.12357
8.07372
8.03368
8.06106
8.19878
8.38785
8.50587
8.65418
8.82127
8.6655
8.2212
7.93409
7.70595
7.54112
7.50164
7.55252
7.71586
8.03732
8.52836
9.08982
9.58468
9.94164
10.1567
10.25
10.2819
10.2717
10.229
10.1271
9.94305
9.6222
)
;

boundaryField
{
    inlet
    {
        type            fixedValue;
        value           uniform 1;
    }
    outlet
    {
        type            zeroGradient;
    }
    bottom
    {
        type            symmetryPlane;
    }
    top
    {
        type            symmetryPlane;
    }
    obstacle
    {
        type            zeroGradient;
    }
    defaultFaces
    {
        type            empty;
    }
}


// ************************************************************************* //
