/*--------------------------------*- C++ -*----------------------------------*\
| =========                 |                                                 |
| \\      /  F ield         | OpenFOAM: The Open Source CFD Toolbox           |
|  \\    /   O peration     | Version:  v1912                                 |
|   \\  /    A nd           | Website:  www.openfoam.com                      |
|    \\/     M anipulation  |                                                 |
\*---------------------------------------------------------------------------*/
FoamFile
{
    version     2.0;
    format      ascii;
    class       volScalarField;
    location    "0.9";
    object      rho;
}
// * * * * * * * * * * * * * * * * * * * * * * * * * * * * * * * * * * * * * //

dimensions      [1 -3 0 0 0 0 0];


internalField   nonuniform List<scalar> 
4800
(
84.0822
1.37293
1.64203
1.65818
1.62745
1.54693
1.44448
1.34518
1.20383
0.943687
0.789375
0.776877
0.785215
0.795583
0.80215
0.807631
0.81723
0.834716
0.862334
0.89839
0.935194
0.958783
0.965784
0.961631
0.95624
0.95657
0.92928
0.877562
0.746244
0.630985
0.619985
0.634997
0.654552
0.663768
0.662592
0.653126
0.639679
0.628067
0.621252
0.61935
84.0271
1.41378
1.64695
1.65109
1.61416
1.5372
1.44193
1.35039
1.2125
0.94972
0.788832
0.774736
0.779297
0.789455
0.799181
0.808153
0.820754
0.839675
0.866672
0.898662
0.928375
0.947274
0.95486
0.957436
0.95721
0.958614
0.934574
0.886263
0.754973
0.6345
0.618372
0.629575
0.644553
0.653012
0.653533
0.649117
0.640015
0.631548
0.62636
0.625011
83.9012
1.51145
1.65052
1.63859
1.59486
1.52637
1.44112
1.35725
1.22377
0.958796
0.786753
0.769779
0.771548
0.783566
0.797409
0.811855
0.828734
0.84911
0.871813
0.894738
0.914871
0.930903
0.942825
0.954103
0.960907
0.962875
0.943273
0.897486
0.762622
0.636051
0.615719
0.618713
0.628784
0.638351
0.643192
0.644295
0.642406
0.637591
0.634103
0.633018
83.7073
1.66528
1.65022
1.62284
1.57203
1.51334
1.43885
1.36425
1.23621
0.971742
0.786763
0.761949
0.762585
0.777043
0.796395
0.817386
0.839074
0.860187
0.877255
0.890194
0.900752
0.913107
0.92925
0.947587
0.963343
0.967984
0.955479
0.909758
0.769485
0.63754
0.612565
0.608167
0.614187
0.622661
0.630256
0.637034
0.642287
0.643038
0.642487
0.641452
83.4522
1.85563
1.65071
1.61017
1.55249
1.50075
1.43651
1.37047
1.24739
0.984864
0.789586
0.754747
0.754509
0.771369
0.796532
0.824059
0.850055
0.87044
0.881804
0.886776
0.889979
0.898651
0.916362
0.940071
0.964783
0.974815
0.968194
0.918183
0.773731
0.637861
0.607881
0.600127
0.604389
0.611288
0.619406
0.630407
0.642866
0.650486
0.650354
0.646984
83.1681
2.0158
1.65302
1.60279
1.53931
1.48959
1.43311
1.37439
1.25613
0.996029
0.793555
0.750434
0.74852
0.767258
0.797497
0.830298
0.858777
0.877528
0.88469
0.88533
0.885257
0.891681
0.909008
0.937077
0.966892
0.980817
0.97757
0.921663
0.776409
0.639114
0.604863
0.595216
0.59859
0.60425
0.612879
0.626158
0.642553
0.654332
0.654526
0.649136
82.8991
2.13532
1.65714
1.60061
1.5337
1.47969
1.42708
1.3748
1.26094
1.00355
0.796986
0.748703
0.745051
0.764319
0.796692
0.832687
0.86279
0.881302
0.886872
0.886538
0.886918
0.892601
0.909538
0.938587
0.968215
0.983164
0.981044
0.922104
0.777882
0.639901
0.603124
0.59314
0.596053
0.60057
0.609036
0.622492
0.63958
0.651479
0.652613
0.647347
82.6868
2.22275
1.66322
1.60478
1.53627
1.47487
1.42041
1.372
1.26324
1.00863
0.799731
0.749322
0.745261
0.763877
0.795705
0.831967
0.862015
0.879597
0.887571
0.890902
0.893104
0.901283
0.918413
0.944305
0.968979
0.980492
0.976797
0.918084
0.776444
0.639942
0.602207
0.592599
0.5959
0.601253
0.608595
0.619036
0.630998
0.641731
0.64516
0.640843
82.528
2.28905
1.67118
1.61394
1.54383
1.47358
1.41573
1.3647
1.25924
1.0094
0.801336
0.752
0.747199
0.765063
0.794003
0.82654
0.85466
0.874777
0.888622
0.898212
0.906719
0.917708
0.931566
0.949008
0.966896
0.973084
0.96622
0.909479
0.771724
0.638113
0.601052
0.593322
0.59795
0.604021
0.608874
0.613248
0.618348
0.625257
0.630696
0.630927
82.4088
2.33324
1.68043
1.62617
1.55441
1.4759
1.41233
1.35553
1.25212
1.0075
0.801194
0.754191
0.749385
0.765005
0.789986
0.816733
0.843467
0.868485
0.890561
0.910908
0.925738
0.935381
0.942665
0.950491
0.961286
0.960728
0.95048
0.896696
0.764048
0.634153
0.598834
0.594626
0.600938
0.607011
0.608599
0.607183
0.605223
0.607429
0.613225
0.618755
82.3267
2.35551
1.68934
1.63912
1.5665
1.48136
1.40887
1.34513
1.24224
1.00421
0.800354
0.756573
0.751188
0.763935
0.783421
0.805296
0.831319
0.862142
0.896063
0.925566
0.942655
0.948703
0.949284
0.949693
0.953553
0.947985
0.932042
0.879997
0.754959
0.629517
0.595754
0.595524
0.603133
0.608432
0.6065
0.598514
0.592638
0.592326
0.59754
0.606537
82.278
2.36299
1.69536
1.65015
1.57879
1.4907
1.40622
1.33474
1.22976
0.997781
0.796976
0.757682
0.751458
0.761563
0.77722
0.796504
0.822262
0.858803
0.900061
0.934646
0.952579
0.956806
0.952669
0.947786
0.945177
0.935247
0.911634
0.862296
0.746547
0.625854
0.592158
0.595076
0.602573
0.60675
0.601704
0.590585
0.583086
0.581597
0.586201
0.596045
82.2582
2.35544
1.69921
1.6577
1.58912
1.50023
1.40631
1.32525
1.21656
0.989637
0.791667
0.756156
0.749947
0.758981
0.774521
0.793434
0.820707
0.857869
0.899001
0.934422
0.954466
0.960427
0.954249
0.944555
0.935057
0.921033
0.892675
0.847288
0.740947
0.623174
0.589513
0.592717
0.598701
0.601004
0.59474
0.584523
0.577097
0.574897
0.57872
0.588079
82.2546
2.33031
1.69946
1.66294
1.5986
1.50774
1.40722
1.31624
1.20391
0.980933
0.785108
0.751
0.746579
0.757456
0.775303
0.798043
0.82569
0.856828
0.891374
0.925482
0.949474
0.959254
0.95438
0.94093
0.92501
0.908633
0.877871
0.837185
0.739046
0.622702
0.586878
0.587902
0.591106
0.593097
0.588543
0.580425
0.573719
0.571255
0.573797
0.582412
82.3372
2.28613
1.69596
1.66647
1.60812
1.51463
1.40847
1.30932
1.19246
0.972246
0.778285
0.74475
0.744025
0.759638
0.783866
0.809713
0.831826
0.852672
0.878522
0.909481
0.938237
0.953163
0.951749
0.935783
0.915189
0.898783
0.867976
0.832448
0.740711
0.623392
0.584204
0.580409
0.581588
0.583962
0.583121
0.578199
0.572807
0.570228
0.571603
0.577595
82.4661
2.22962
1.68961
1.66602
1.61559
1.52165
1.41033
1.305
1.18228
0.964383
0.773317
0.740241
0.745319
0.768738
0.798334
0.819756
0.833314
0.845843
0.863729
0.89021
0.921088
0.941948
0.94611
0.929232
0.907121
0.891956
0.863067
0.832754
0.74569
0.625212
0.581196
0.57101
0.571219
0.574785
0.576864
0.575893
0.573377
0.571098
0.570238
0.572699
82.6152
2.16777
1.68076
1.66059
1.61905
1.52762
1.41216
1.30166
1.17293
0.95691
0.771599
0.740955
0.754944
0.784755
0.808671
0.822327
0.831197
0.838976
0.850388
0.871435
0.901522
0.926471
0.935263
0.922962
0.900944
0.887282
0.861708
0.83628
0.752608
0.626907
0.578431
0.56256
0.562294
0.566833
0.571715
0.574454
0.574313
0.572036
0.569036
0.567818
82.7815
2.10807
1.6712
1.6521
1.61763
1.53127
1.41282
1.29826
1.16419
0.95056
0.774766
0.753435
0.772356
0.796482
0.809281
0.819873
0.828048
0.833549
0.840948
0.856198
0.881892
0.907873
0.921163
0.916742
0.896567
0.88454
0.861775
0.841791
0.759302
0.62794
0.575064
0.556194
0.555999
0.561166
0.567924
0.573102
0.574288
0.571411
0.566976
0.563942
82.9373
2.05167
1.66332
1.64299
1.61145
1.52746
1.41099
1.29455
1.15831
0.949282
0.789653
0.772087
0.788063
0.796812
0.806484
0.815788
0.822944
0.828827
0.835655
0.846309
0.864829
0.887839
0.90438
0.907554
0.894173
0.883026
0.863771
0.847485
0.764364
0.628118
0.571918
0.55219
0.551957
0.557764
0.565476
0.571244
0.57246
0.569212
0.564528
0.56186
83.0741
1.99849
1.65638
1.63392
1.59851
1.51586
1.4045
1.29168
1.15988
0.958715
0.811681
0.7867
0.794113
0.794617
0.801615
0.809373
0.817706
0.826321
0.833898
0.84164
0.852594
0.869061
0.884948
0.894504
0.891478
0.882662
0.86744
0.85157
0.767297
0.627755
0.568914
0.549414
0.549981
0.556186
0.563546
0.568398
0.569163
0.566334
0.563071
0.562025
83.193
1.94383
1.65184
1.62638
1.58071
1.49904
1.39412
1.29288
1.17456
0.97711
0.827815
0.798352
0.792026
0.790618
0.795467
0.803242
0.814086
0.825893
0.834811
0.84072
0.845938
0.853906
0.865357
0.878857
0.88784
0.883046
0.872161
0.853451
0.768214
0.627224
0.566244
0.548204
0.548998
0.554807
0.560932
0.564595
0.565134
0.563901
0.563272
0.564903
83.2985
1.88142
1.64716
1.62038
1.56182
1.4803
1.38432
1.30307
1.2052
0.996647
0.832657
0.803661
0.785824
0.786188
0.790307
0.798957
0.812109
0.82663
0.83753
0.842692
0.843523
0.843751
0.849379
0.863991
0.879772
0.883291
0.87814
0.855309
0.768113
0.626805
0.564642
0.548131
0.54864
0.553332
0.557431
0.559935
0.561436
0.562904
0.565485
0.570697
83.4071
1.79373
1.6438
1.61311
1.5472
1.46279
1.3804
1.32594
1.24263
1.00928
0.829147
0.801895
0.779631
0.781582
0.78667
0.796566
0.811234
0.827851
0.840547
0.845777
0.843416
0.838491
0.838368
0.851531
0.870215
0.882308
0.884489
0.857427
0.768075
0.626522
0.563776
0.548833
0.548702
0.551704
0.553905
0.555855
0.559014
0.563839
0.57005
0.577164
83.5296
1.6726
1.64171
1.60746
1.53832
1.45081
1.38514
1.35743
1.27566
1.0134
0.826719
0.7883
0.774458
0.777835
0.784544
0.795698
0.810957
0.828638
0.842742
0.848732
0.845162
0.837105
0.83339
0.842528
0.860447
0.880744
0.887452
0.860776
0.768563
0.6262
0.56362
0.550271
0.549179
0.550395
0.551254
0.553436
0.558827
0.566974
0.57588
0.581804
83.6177
1.54383
1.63979
1.60404
1.53415
1.44807
1.39882
1.38932
1.29877
1.01031
0.818148
0.775348
0.769682
0.775367
0.783826
0.795757
0.811156
0.828958
0.843891
0.850988
0.848036
0.838624
0.833367
0.839021
0.8559
0.877974
0.888304
0.863339
0.769419
0.62592
0.564334
0.55213
0.550308
0.550404
0.550691
0.553688
0.56102
0.571475
0.580637
0.583882
83.6813
1.42889
1.63248
1.60199
1.5357
1.45473
1.41857
1.41489
1.31115
1.00359
0.807799
0.765524
0.765046
0.773545
0.784129
0.796621
0.811791
0.82916
0.844309
0.852331
0.851016
0.842668
0.836675
0.841071
0.857
0.876368
0.887511
0.863965
0.76947
0.62533
0.566055
0.555022
0.553282
0.553043
0.553463
0.557463
0.565883
0.576249
0.582757
0.583834
83.7014
1.36393
1.62031
1.60193
1.54211
1.47378
1.44068
1.42867
1.31173
0.996348
0.799112
0.759237
0.761085
0.772116
0.784844
0.798116
0.813064
0.829653
0.844329
0.852796
0.853345
0.848116
0.843845
0.847697
0.862719
0.876521
0.884583
0.862726
0.768661
0.62432
0.568969
0.559702
0.558939
0.559383
0.560159
0.564323
0.571798
0.579544
0.583198
0.582509
83.6816
1.33447
1.60677
1.60351
1.5528
1.49856
1.45869
1.43144
1.304
0.989693
0.79261
0.756982
0.758983
0.771441
0.786052
0.800423
0.815322
0.830846
0.844352
0.85255
0.855003
0.854316
0.854722
0.860199
0.872998
0.880335
0.881371
0.860305
0.76707
0.623353
0.573324
0.566164
0.56733
0.569196
0.570131
0.572748
0.577507
0.581804
0.582712
0.581715
83.6935
1.27057
1.59697
1.60808
1.56809
1.52192
1.47048
1.42662
1.29294
0.985433
0.789013
0.756939
0.758841
0.771998
0.788234
0.803839
0.818814
0.832904
0.84432
0.851631
0.856448
0.861769
0.869204
0.877743
0.886941
0.889977
0.880453
0.857923
0.764094
0.623938
0.580721
0.576007
0.578497
0.581394
0.582063
0.582583
0.583703
0.583843
0.583326
0.582996
83.6732
1.23909
1.59278
1.6175
1.58272
1.53797
1.47574
1.41761
1.28215
0.984517
0.788723
0.759108
0.760463
0.77406
0.791631
0.808346
0.823336
0.835434
0.844333
0.851104
0.859018
0.871996
0.887627
0.90053
0.90627
0.901679
0.885231
0.858171
0.761142
0.627061
0.590522
0.587708
0.591403
0.595197
0.595792
0.594387
0.591502
0.588633
0.587161
0.587624
83.6263
1.23809
1.59397
1.62749
1.59367
1.54475
1.47534
1.40712
1.27252
0.985895
0.790848
0.76475
0.764054
0.778021
0.796565
0.814008
0.828427
0.838252
0.845165
0.852261
0.864905
0.886458
0.910261
0.92565
0.927255
0.917723
0.897484
0.864389
0.759423
0.631094
0.601606
0.600741
0.606238
0.610915
0.611333
0.608277
0.602926
0.597965
0.595638
0.596639
83.5755
1.26579
1.60507
1.63398
1.59782
1.54258
1.47097
1.39739
1.26501
0.988835
0.795159
0.7722
0.770099
0.784188
0.803069
0.820258
0.833213
0.841407
0.847678
0.856878
0.87579
0.905583
0.93572
0.950469
0.946895
0.940384
0.917989
0.877222
0.758269
0.634484
0.61231
0.614076
0.621663
0.627218
0.627815
0.62437
0.618167
0.612227
0.609451
0.610866
83.5368
1.30351
1.61907
1.6356
1.59598
1.53568
1.4634
1.38918
1.26014
0.99435
0.800929
0.778632
0.778434
0.792699
0.810524
0.826084
0.837879
0.845823
0.85344
0.867227
0.892406
0.92894
0.960738
0.973268
0.969441
0.969363
0.944133
0.894195
0.757268
0.637566
0.622352
0.626428
0.636393
0.64318
0.644457
0.641581
0.635955
0.630683
0.628534
0.630893
83.4485
1.40736
1.63367
1.63512
1.59003
1.52516
1.45489
1.38134
1.25659
1.00177
0.807362
0.783751
0.787404
0.801761
0.818259
0.831719
0.842693
0.852437
0.864642
0.883791
0.915424
0.954035
0.982369
0.993816
0.99394
0.998202
0.971634
0.910104
0.756349
0.641717
0.63063
0.636325
0.648798
0.657441
0.659596
0.657715
0.653884
0.651192
0.651707
0.655817
83.4497
1.44009
1.64631
1.6315
1.58166
1.51415
1.4454
1.37326
1.25343
1.00946
0.812845
0.786104
0.793744
0.808374
0.824495
0.837297
0.849087
0.862938
0.881083
0.907545
0.942776
0.977045
1.00029
1.01295
1.01923
1.02313
0.996814
0.921475
0.754948
0.649876
0.637536
0.643839
0.657855
0.668517
0.672013
0.671204
0.669877
0.670609
0.67516
0.682525
83.3464
1.59035
1.65152
1.62603
1.57315
1.505
1.43588
1.36507
1.25091
1.01556
0.815976
0.784797
0.793401
0.81043
0.827537
0.842296
0.857581
0.877155
0.904114
0.936576
0.970364
0.996719
1.01528
1.03015
1.04136
1.04204
1.01379
0.925788
0.752378
0.658118
0.644703
0.650466
0.663779
0.675222
0.680614
0.681655
0.682537
0.68694
0.695732
0.705178
83.2241
1.76304
1.65196
1.62341
1.56777
1.49913
1.42745
1.3573
1.24779
1.01968
0.817077
0.78018
0.78622
0.805444
0.82667
0.846691
0.868559
0.897477
0.931345
0.965265
0.993389
1.01333
1.02866
1.04471
1.05864
1.05343
1.01979
0.923458
0.749649
0.665401
0.651936
0.656312
0.667391
0.677588
0.684495
0.68911
0.692884
0.699448
0.709555
0.718938
83.1281
1.91592
1.65226
1.62186
1.56437
1.49522
1.42032
1.35079
1.24507
1.02228
0.817596
0.774656
0.775415
0.795893
0.82347
0.852308
0.884425
0.920243
0.95615
0.986638
1.01002
1.02697
1.04163
1.05687
1.06767
1.05696
1.01746
0.917198
0.747444
0.670489
0.657441
0.660232
0.668747
0.677051
0.68455
0.692929
0.701824
0.709835
0.717381
0.723154
83.077
2.013
1.65219
1.62177
1.56379
1.49466
1.41613
1.34627
1.2426
1.02308
0.817415
0.770124
0.764448
0.784554
0.818671
0.859649
0.90111
0.938663
0.96981
0.995626
1.0165
1.03494
1.05203
1.06572
1.07006
1.05476
1.01116
0.91088
0.746326
0.673592
0.66114
0.662197
0.668355
0.674742
0.682213
0.693751
0.707467
0.71806
0.722685
0.723337
83.0533
2.07285
1.65147
1.62057
1.56098
1.49247
1.41357
1.34372
1.24186
1.02439
0.817822
0.767526
0.758196
0.775483
0.812537
0.862146
0.912293
0.95216
0.98178
1.00422
1.02262
1.0403
1.05788
1.06992
1.06883
1.05039
1.00516
0.90569
0.744308
0.67387
0.662514
0.662914
0.667696
0.672265
0.679323
0.692211
0.708076
0.721994
0.724651
0.721251
0.622123
0.629259
0.636254
0.637884
0.635277
0.632449
0.634958
0.64958
0.6795
0.701621
0.696565
0.64364
0.527007
0.470142
0.463342
0.469135
0.480832
0.493726
0.505487
0.516564
0.524042
0.53017
0.536662
0.544868
0.554608
0.564124
0.571329
0.575767
0.57805
0.581294
0.588462
0.602728
0.625136
0.649499
0.662976
0.66329
0.632161
0.577621
0.5601
0.564908
0.579312
0.594544
0.602577
0.600867
0.594816
0.587923
0.584594
0.587359
0.600135
0.622517
0.649746
0.676782
0.694672
0.703107
0.703181
0.695573
0.682189
0.663796
0.632825
0.592112
0.580081
0.585498
0.597629
0.604729
0.605734
0.602986
0.601158
0.601348
0.604376
0.61139
0.621794
0.635865
0.649739
0.660857
0.669226
0.677543
0.690265
0.69667
0.694679
0.666678
0.629014
0.637832
0.644326
0.645575
0.643154
0.641608
0.645951
0.659706
0.682298
0.690691
0.678707
0.618895
0.511987
0.472242
0.46803
0.475435
0.488739
0.502439
0.513567
0.521694
0.527476
0.532981
0.540344
0.55012
0.561602
0.571955
0.579287
0.584119
0.588463
0.594555
0.605441
0.621792
0.641933
0.657916
0.664369
0.654102
0.614504
0.566605
0.557673
0.565706
0.580813
0.594947
0.601959
0.601055
0.595937
0.591665
0.591249
0.596622
0.610512
0.632761
0.656686
0.678494
0.692549
0.699017
0.699456
0.692421
0.677533
0.659519
0.626203
0.58908
0.582627
0.587767
0.599042
0.603883
0.604883
0.603423
0.602174
0.603143
0.607103
0.614792
0.625585
0.637221
0.648551
0.659476
0.668135
0.67761
0.692158
0.699817
0.695083
0.667124
0.636105
0.642827
0.646933
0.648438
0.647736
0.648129
0.653217
0.666431
0.686101
0.6905
0.676001
0.609477
0.505913
0.476218
0.475681
0.485301
0.499363
0.51118
0.518982
0.524919
0.530642
0.537162
0.54636
0.558169
0.570332
0.580625
0.588942
0.595649
0.602249
0.610115
0.621173
0.636089
0.654105
0.662614
0.664965
0.650209
0.600887
0.555854
0.553234
0.563632
0.578169
0.591952
0.600979
0.603334
0.601577
0.601432
0.604985
0.61304
0.626243
0.642928
0.658966
0.673141
0.685119
0.692873
0.695925
0.691501
0.676765
0.659887
0.625192
0.589901
0.583502
0.587549
0.594442
0.600305
0.604312
0.604969
0.604542
0.606076
0.610894
0.618929
0.62848
0.637451
0.645136
0.653153
0.662119
0.674176
0.693204
0.704318
0.698008
0.669733
0.642411
0.645499
0.64849
0.651667
0.653749
0.656275
0.661767
0.673622
0.687364
0.684296
0.664359
0.599481
0.507079
0.485383
0.48958
0.500163
0.511908
0.520045
0.52502
0.530083
0.537396
0.547634
0.559239
0.571565
0.582827
0.593035
0.602976
0.611876
0.619756
0.62728
0.63649
0.65053
0.666323
0.66862
0.664407
0.641042
0.583972
0.548568
0.549218
0.559053
0.572597
0.586371
0.597064
0.604033
0.609482
0.616711
0.625635
0.634994
0.643903
0.651153
0.657847
0.666452
0.676239
0.686478
0.692561
0.689922
0.676916
0.661366
0.625035
0.590557
0.583149
0.584631
0.588827
0.596821
0.603761
0.607028
0.608018
0.610551
0.615887
0.623541
0.629769
0.63518
0.639945
0.646436
0.656649
0.672232
0.694533
0.706601
0.702194
0.672699
0.644807
0.645491
0.647701
0.652461
0.657618
0.661575
0.666119
0.674778
0.681634
0.673692
0.653141
0.596594
0.517323
0.499044
0.505324
0.513447
0.521817
0.527392
0.531649
0.537981
0.548357
0.561896
0.575215
0.585871
0.595164
0.605124
0.616568
0.627366
0.635809
0.642398
0.650966
0.661876
0.671857
0.670897
0.663427
0.632198
0.570905
0.546156
0.548396
0.5538
0.563505
0.575273
0.588326
0.601287
0.614027
0.62919
0.645024
0.655991
0.659125
0.657378
0.656117
0.660152
0.668487
0.68009
0.688987
0.689457
0.680336
0.665726
0.625874
0.590363
0.580869
0.579527
0.583737
0.592886
0.602585
0.609692
0.612807
0.616021
0.620739
0.62519
0.62869
0.631945
0.635716
0.641917
0.652867
0.671534
0.69515
0.708131
0.707121
0.675573
0.644663
0.64345
0.64541
0.651455
0.658389
0.663189
0.667034
0.670128
0.669702
0.659362
0.643875
0.600508
0.534344
0.513864
0.518395
0.522201
0.529056
0.534294
0.53989
0.549078
0.562256
0.577515
0.589126
0.597136
0.605219
0.61526
0.627596
0.639428
0.648293
0.653956
0.659962
0.668474
0.676223
0.673901
0.6642
0.622673
0.562953
0.547264
0.547304
0.550778
0.556749
0.563938
0.575714
0.593936
0.617165
0.641165
0.660801
0.668762
0.667593
0.661653
0.656028
0.656119
0.662819
0.67506
0.686515
0.690776
0.686818
0.669903
0.62399
0.587793
0.577109
0.574667
0.579933
0.589994
0.601863
0.612153
0.618121
0.621338
0.623258
0.624694
0.626421
0.628939
0.63263
0.639349
0.651924
0.672956
0.697723
0.710059
0.71108
0.67667
0.641804
0.639264
0.641396
0.647825
0.656196
0.661095
0.662719
0.660463
0.656673
0.648329
0.640907
0.610402
0.55076
0.525377
0.527115
0.528213
0.534204
0.541116
0.549711
0.56176
0.576843
0.590226
0.598026
0.604614
0.612491
0.62307
0.636135
0.648446
0.656762
0.661288
0.666758
0.674392
0.681622
0.677857
0.664711
0.612787
0.559144
0.549634
0.547016
0.548986
0.553379
0.558837
0.566827
0.584402
0.613548
0.643556
0.663969
0.672252
0.669831
0.662701
0.657023
0.655593
0.65987
0.671676
0.68601
0.69528
0.694688
0.671499
0.618473
0.58362
0.572607
0.570372
0.576787
0.587809
0.601082
0.61374
0.622421
0.624385
0.623486
0.623131
0.62368
0.62648
0.63133
0.64016
0.65486
0.677176
0.70108
0.709834
0.710113
0.672413
0.635656
0.633225
0.634982
0.641336
0.65001
0.654421
0.653759
0.64922
0.646874
0.643785
0.644226
0.621063
0.562761
0.533242
0.530561
0.531518
0.539438
0.549232
0.560871
0.574926
0.588852
0.598187
0.604612
0.61051
0.618259
0.629113
0.642443
0.654345
0.661819
0.667228
0.67406
0.681496
0.687598
0.684776
0.663803
0.602628
0.557776
0.551809
0.547357
0.548912
0.553502
0.5595
0.568464
0.583517
0.605789
0.630578
0.65058
0.662831
0.666753
0.664521
0.660639
0.657143
0.65946
0.670629
0.686942
0.701297
0.701984
0.669756
0.611717
0.579515
0.56894
0.568305
0.575628
0.587405
0.600751
0.614414
0.623957
0.624685
0.622133
0.620707
0.621658
0.625462
0.632902
0.644812
0.661224
0.682243
0.703005
0.70909
0.704797
0.662178
0.627832
0.625429
0.626646
0.632275
0.640181
0.644159
0.643365
0.642072
0.644159
0.646193
0.650964
0.629577
0.570333
0.535462
0.532048
0.535508
0.5462
0.55936
0.573437
0.586817
0.59702
0.602006
0.606858
0.612648
0.620646
0.631431
0.644444
0.656899
0.665717
0.672669
0.682585
0.691111
0.694096
0.6909
0.659397
0.592453
0.558142
0.552383
0.54914
0.552078
0.557886
0.565488
0.576267
0.589532
0.601637
0.61311
0.627003
0.644188
0.658137
0.664132
0.66323
0.660577
0.661972
0.672527
0.689089
0.7061
0.706167
0.665815
0.605712
0.577705
0.567619
0.569004
0.577791
0.589479
0.602469
0.613937
0.621668
0.621852
0.619663
0.619251
0.621395
0.62736
0.637844
0.65181
0.668452
0.686616
0.701811
0.703596
0.69554
0.649904
0.619615
0.617362
0.618338
0.622758
0.629247
0.633758
0.63644
0.640853
0.647374
0.652866
0.656251
0.632641
0.573066
0.53653
0.534877
0.540978
0.554583
0.57073
0.585122
0.594594
0.598021
0.602306
0.607665
0.614391
0.62279
0.63295
0.644903
0.657777
0.669167
0.678861
0.692044
0.702451
0.701432
0.694284
0.651129
0.582598
0.55811
0.553062
0.553118
0.558782
0.566875
0.576275
0.588485
0.597559
0.601556
0.604848
0.610836
0.624399
0.643691
0.658806
0.663294
0.663169
0.667281
0.679403
0.693046
0.708349
0.704373
0.660191
0.60164
0.578693
0.569803
0.572982
0.582337
0.593715
0.60458
0.612454
0.616658
0.618038
0.618296
0.619353
0.624943
0.633378
0.645277
0.659213
0.674161
0.689296
0.69971
0.700625
0.691787
0.642438
0.612083
0.610905
0.612114
0.615271
0.620155
0.626182
0.634333
0.643967
0.654195
0.659868
0.65739
0.631733
0.574328
0.538732
0.539354
0.548722
0.564385
0.580984
0.591722
0.59481
0.5977
0.60201
0.608365
0.616219
0.624707
0.633825
0.644481
0.657528
0.672256
0.687256
0.703281
0.71284
0.708965
0.695198
0.640328
0.574633
0.557982
0.554506
0.55895
0.567206
0.577361
0.589372
0.599117
0.602521
0.601505
0.601392
0.606466
0.616201
0.631128
0.647937
0.659072
0.664529
0.674901
0.690816
0.699568
0.70868
0.698246
0.653047
0.599911
0.583161
0.577835
0.581989
0.590446
0.599601
0.606143
0.60918
0.611565
0.614655
0.618186
0.623692
0.631905
0.642504
0.65412
0.665152
0.678121
0.693595
0.703308
0.703147
0.693831
0.642053
0.605535
0.607459
0.608995
0.610571
0.614315
0.622183
0.634715
0.648881
0.660609
0.664544
0.655076
0.63039
0.576251
0.54383
0.545115
0.557978
0.573922
0.586794
0.591561
0.593991
0.596874
0.60184
0.609308
0.618147
0.626708
0.634706
0.644019
0.657166
0.675104
0.695888
0.715301
0.721925
0.715115
0.693097
0.628527
0.569975
0.558101
0.556848
0.56361
0.575152
0.588701
0.599936
0.60457
0.603924
0.602277
0.602725
0.607159
0.615634
0.626082
0.638576
0.652545
0.664737
0.682005
0.701442
0.705312
0.705386
0.689445
0.639819
0.595861
0.588669
0.592234
0.596877
0.60219
0.605718
0.606344
0.606199
0.608274
0.613566
0.621565
0.630578
0.641416
0.653015
0.662211
0.671079
0.684285
0.700607
0.708074
0.711505
0.699413
0.645827
0.599308
0.605444
0.60769
0.608449
0.611968
0.621276
0.636478
0.652937
0.664337
0.666406
0.65291
0.630446
0.579593
0.550865
0.552762
0.567111
0.58022
0.587382
0.590372
0.592643
0.59623
0.602396
0.611255
0.620817
0.629223
0.636443
0.644777
0.657445
0.67766
0.701494
0.721553
0.729216
0.7184
0.686539
0.617648
0.567252
0.556388
0.558025
0.56932
0.58397
0.597448
0.604611
0.605484
0.604641
0.604917
0.607034
0.611128
0.617311
0.624264
0.633929
0.64755
0.664944
0.685943
0.705235
0.708561
0.700528
0.677592
0.624735
0.592336
0.591454
0.602203
0.612365
0.616391
0.613723
0.608914
0.606532
0.609234
0.617666
0.629824
0.640873
0.651807
0.661443
0.670212
0.679912
0.693102
0.707723
0.719287
0.720617
0.700023
0.646553
0.593356
0.602142
0.606091
0.608233
0.612827
0.623106
0.638787
0.654531
0.665011
0.664965
0.652688
0.633075
0.584852
0.558228
0.560243
0.573843
0.582828
0.587617
0.589591
0.591931
0.596751
0.604614
0.614641
0.624319
0.632187
0.638911
0.646722
0.659178
0.679531
0.703096
0.722979
0.732315
0.717194
0.676009
0.608829
0.564861
0.555436
0.560419
0.574791
0.590788
0.601305
0.60449
0.604927
0.605988
0.609014
0.612716
0.61583
0.618629
0.622785
0.631346
0.64664
0.665696
0.687086
0.704689
0.708758
0.697479
0.668225
0.606608
0.580274
0.589953
0.606857
0.618797
0.622714
0.620057
0.615181
0.611716
0.615741
0.626272
0.641059
0.652289
0.660244
0.667908
0.67771
0.68919
0.702012
0.716885
0.724832
0.715994
0.688786
0.641317
0.586627
0.596004
0.602968
0.609043
0.616563
0.627673
0.641219
0.654404
0.661205
0.662515
0.654884
0.638417
0.591644
0.56423
0.565028
0.576592
0.583332
0.588381
0.590942
0.593879
0.599605
0.608655
0.619068
0.628224
0.635371
0.641767
0.649717
0.661936
0.68004
0.700197
0.720388
0.728089
0.709088
0.663566
0.603171
0.563532
0.554884
0.562878
0.579186
0.593989
0.60124
0.603812
0.605001
0.608013
0.61256
0.6164
0.618546
0.61965
0.622329
0.630355
0.645687
0.666379
0.686959
0.70307
0.708728
0.696377
0.667384
0.599517
0.564945
0.575623
0.597213
0.613245
0.620499
0.621588
0.619507
0.619827
0.626274
0.638752
0.654074
0.664888
0.670992
0.677336
0.686199
0.695822
0.709196
0.717178
0.713376
0.695982
0.673374
0.635032
0.578436
0.587248
0.598543
0.610526
0.622149
0.633125
0.643536
0.651686
0.65614
0.660102
0.659662
0.645496
0.598583
0.567083
0.565654
0.574238
0.5826
0.590449
0.595122
0.598904
0.604731
0.613423
0.623182
0.631648
0.638517
0.645312
0.653909
0.664424
0.677868
0.693036
0.710184
0.714668
0.694053
0.652939
0.601973
0.564018
0.557259
0.566123
0.581489
0.594158
0.60106
0.603715
0.606206
0.609956
0.613736
0.616189
0.617909
0.619395
0.62244
0.630206
0.644832
0.66482
0.68358
0.700012
0.705852
0.695898
0.668867
0.600296
0.559495
0.559408
0.573676
0.594108
0.608866
0.615661
0.619113
0.623775
0.633787
0.648107
0.662183
0.673311
0.682132
0.688185
0.693337
0.700073
0.705407
0.702963
0.691722
0.678428
0.661757
0.626132
0.569954
0.578568
0.593111
0.610793
0.626591
0.637689
0.644481
0.648799
0.652997
0.6596
0.665638
0.651733
0.60235
0.565819
0.563342
0.569379
0.581598
0.593694
0.601282
0.606228
0.6116
0.61851
0.626491
0.634326
0.641645
0.649156
0.657263
0.665817
0.674361
0.682874
0.691055
0.691317
0.676354
0.647961
0.605316
0.566813
0.561887
0.569152
0.582136
0.59358
0.600833
0.604855
0.607718
0.609964
0.611793
0.613453
0.61548
0.618618
0.623143
0.630602
0.643665
0.660785
0.677734
0.69667
0.703401
0.694183
0.670751
0.603842
0.560256
0.556563
0.558446
0.569721
0.588535
0.604522
0.615108
0.623571
0.634038
0.647721
0.662592
0.677326
0.689208
0.695734
0.69974
0.700227
0.693537
0.682804
0.673556
0.661715
0.650068
0.615743
0.564331
0.572167
0.588224
0.60911
0.626213
0.636534
0.642204
0.646805
0.654187
0.662532
0.671803
0.656228
0.603242
0.561928
0.557771
0.563762
0.578704
0.595845
0.608112
0.61454
0.61897
0.623604
0.629616
0.636745
0.644323
0.651752
0.658579
0.664298
0.668031
0.668555
0.66732
0.666935
0.664427
0.648965
0.611395
0.572458
0.56604
0.571285
0.581142
0.591671
0.601029
0.606624
0.608606
0.60893
0.60909
0.610048
0.613278
0.618521
0.624867
0.6322
0.642454
0.656949
0.674928
0.696761
0.704717
0.695929
0.673039
0.608211
0.562589
0.555088
0.552971
0.558516
0.570014
0.585302
0.601842
0.616639
0.628009
0.639373
0.654041
0.673148
0.691129
0.703801
0.705564
0.695802
0.680081
0.66923
0.662268
0.653574
0.643494
0.608827
0.56275
0.571319
0.58707
0.605517
0.621117
0.630773
0.637464
0.647111
0.659757
0.669118
0.677162
0.657514
0.600787
0.557046
0.550816
0.557759
0.574317
0.594299
0.610927
0.620742
0.624792
0.62772
0.631878
0.638303
0.645961
0.653184
0.657494
0.65966
0.657582
0.652577
0.649829
0.651019
0.656519
0.651124
0.619147
0.580795
0.569598
0.570963
0.578052
0.589346
0.60067
0.607534
0.608776
0.607943
0.607216
0.608156
0.612571
0.620369
0.628992
0.6365
0.643788
0.654839
0.674385
0.698533
0.709747
0.705384
0.68015
0.615977
0.570657
0.560379
0.557238
0.560336
0.567394
0.577895
0.590442
0.603349
0.61564
0.628461
0.644892
0.666225
0.687784
0.701023
0.700976
0.688787
0.672186
0.667637
0.66273
0.654017
0.642693
0.606572
0.564986
0.574326
0.587535
0.600444
0.611384
0.621522
0.632713
0.649397
0.667332
0.677633
0.681034
0.655504
0.596736
0.552723
0.544564
0.551757
0.568814
0.589814
0.608741
0.620779
0.625031
0.627878
0.631752
0.63798
0.646612
0.65256
0.655224
0.65316
0.646765
0.64171
0.640354
0.642881
0.649643
0.652938
0.626961
0.588557
0.572929
0.568922
0.574823
0.586773
0.599193
0.607303
0.609078
0.607759
0.606978
0.609532
0.616027
0.625372
0.635096
0.642595
0.648174
0.657073
0.67641
0.703507
0.719721
0.721814
0.692285
0.628667
0.584147
0.572374
0.569987
0.572407
0.576974
0.583856
0.592599
0.601529
0.610702
0.623128
0.638924
0.653681
0.661787
0.667664
0.672661
0.673555
0.671722
0.672432
0.672716
0.665196
0.652995
0.615592
0.570797
0.579795
0.588192
0.594782
0.601075
0.611649
0.627669
0.650407
0.673209
0.685646
0.683784
0.653268
0.592813
0.549183
0.540284
0.546794
0.56265
0.582741
0.602433
0.616111
0.621417
0.624737
0.629089
0.635549
0.643208
0.64935
0.652358
0.64796
0.640835
0.636347
0.63437
0.639694
0.646009
0.654056
0.632049
0.593506
0.575303
0.568187
0.573476
0.58491
0.597196
0.606723
0.610607
0.61017
0.611177
0.614789
0.62332
0.634582
0.644053
0.650943
0.656243
0.665871
0.686531
0.714081
0.731051
0.734586
0.701301
0.640654
0.599504
0.589654
0.590079
0.595623
0.600658
0.60531
0.611738
0.621335
0.632198
0.643847
0.649809
0.648166
0.643762
0.641826
0.645681
0.657824
0.674154
0.687857
0.693748
0.688728
0.676179
0.636441
0.577609
0.584115
0.587042
0.58947
0.593392
0.603322
0.622089
0.649389
0.675668
0.689247
0.685641
0.651777
0.590107
0.547028
0.538454
0.544792
0.558933
0.576128
0.592689
0.605973
0.612933
0.616553
0.621063
0.627656
0.635422
0.643824
0.647654
0.645527
0.639104
0.632954
0.632984
0.640401
0.645344
0.653575
0.633774
0.595238
0.57698
0.570579
0.574869
0.585485
0.596862
0.606389
0.613058
0.616294
0.619177
0.625445
0.635207
0.646099
0.654307
0.66074
0.667401
0.679157
0.699798
0.722473
0.733762
0.734639
0.703752
0.647772
0.609788
0.602157
0.607553
0.621187
0.63539
0.646174
0.654733
0.663566
0.669756
0.669286
0.660236
0.649368
0.640757
0.636264
0.636652
0.648115
0.670848
0.698569
0.717988
0.725228
0.716322
0.676646
0.582137
0.584927
0.58556
0.586593
0.590285
0.599655
0.618076
0.645935
0.673697
0.688351
0.684219
0.651031
0.589025
0.546972
0.53893
0.545157
0.557906
0.571518
0.582938
0.591995
0.598983
0.604118
0.60978
0.615332
0.623322
0.633158
0.639855
0.64341
0.639033
0.636018
0.637689
0.644663
0.646878
0.651793
0.632614
0.59508
0.578102
0.577054
0.579608
0.588382
0.598591
0.608335
0.617356
0.625073
0.631209
0.638384
0.64664
0.654971
0.662371
0.669919
0.678949
0.692033
0.707252
0.721456
0.727858
0.726981
0.701812
0.651337
0.615678
0.609849
0.617881
0.636749
0.65824
0.675267
0.685587
0.690678
0.689928
0.681453
0.666989
0.652163
0.640383
0.634699
0.63612
0.644838
0.666245
0.695839
0.720406
0.732509
0.726466
0.687122
0.5837
0.583958
0.584099
0.585859
0.591115
0.601413
0.618468
0.642688
0.666811
0.681646
0.681263
0.651409
0.589261
0.548183
0.541041
0.546638
0.557491
0.56808
0.575327
0.579328
0.582433
0.586218
0.589211
0.593981
0.605204
0.619271
0.630278
0.63706
0.639574
0.642509
0.647157
0.652191
0.652908
0.650949
0.631064
0.594921
0.581734
0.586183
0.589047
0.595165
0.603259
0.612563
0.624318
0.63593
0.643872
0.650472
0.65662
0.662658
0.669138
0.678229
0.690205
0.703578
0.713988
0.719437
0.717053
0.712744
0.692164
0.650503
0.617774
0.614287
0.624301
0.644401
0.665713
0.681081
0.687645
0.68717
0.683241
0.674543
0.665018
0.651796
0.641207
0.635484
0.636298
0.646743
0.66494
0.686599
0.703748
0.713109
0.703802
0.664898
0.583556
0.582925
0.583399
0.587345
0.595238
0.607051
0.621323
0.639071
0.657405
0.671411
0.677203
0.651518
0.589622
0.549585
0.543067
0.54736
0.556258
0.564241
0.568292
0.569145
0.56905
0.568617
0.570204
0.577806
0.589837
0.604549
0.617691
0.627235
0.636706
0.647475
0.656971
0.662118
0.66194
0.653291
0.632217
0.595202
0.586453
0.592487
0.599587
0.603608
0.609465
0.618252
0.630257
0.643263
0.653447
0.658841
0.661873
0.665955
0.672785
0.683226
0.697398
0.709152
0.714471
0.71089
0.700634
0.691924
0.675943
0.644247
0.618465
0.617039
0.627073
0.643845
0.659337
0.669251
0.672637
0.669489
0.665136
0.661289
0.655316
0.649096
0.644369
0.642285
0.64399
0.65324
0.669972
0.688096
0.697293
0.696397
0.681963
0.642408
0.582733
0.582102
0.584338
0.591442
0.602197
0.61453
0.626022
0.637224
0.649617
0.660862
0.671227
0.649952
0.589241
0.550279
0.543968
0.546408
0.552938
0.557804
0.559695
0.559781
0.559126
0.560787
0.567005
0.576578
0.585771
0.592136
0.600997
0.613185
0.628005
0.644974
0.660272
0.672386
0.672439
0.659977
0.637513
0.598398
0.59127
0.597116
0.605864
0.610807
0.615439
0.622395
0.633498
0.646624
0.658127
0.663317
0.665532
0.669023
0.676346
0.687842
0.700371
0.708349
0.70713
0.696934
0.681226
0.669744
0.658783
0.637658
0.620043
0.620318
0.628205
0.637139
0.645031
0.651673
0.654174
0.651114
0.647247
0.646015
0.646982
0.648091
0.649224
0.651843
0.657185
0.66504
0.675547
0.685206
0.686242
0.676051
0.658027
0.619204
0.581581
0.582301
0.587783
0.597833
0.61047
0.622013
0.629373
0.636159
0.644635
0.652944
0.664029
0.645679
0.586393
0.54952
0.543188
0.54327
0.546246
0.548184
0.548965
0.549998
0.553831
0.562865
0.574549
0.583426
0.586145
0.585719
0.587138
0.595613
0.614176
0.638684
0.660555
0.675927
0.681401
0.669338
0.647572
0.604176
0.589815
0.595331
0.606934
0.613098
0.618418
0.624431
0.6336
0.645443
0.656676
0.663139
0.667086
0.672114
0.67956
0.690261
0.699486
0.702413
0.694569
0.680106
0.664185
0.652667
0.645782
0.634016
0.626218
0.625912
0.628094
0.629543
0.633756
0.635152
0.634439
0.633804
0.63431
0.636873
0.640902
0.644485
0.649352
0.65766
0.669
0.677968
0.681956
0.68512
0.679734
0.666699
0.649014
0.611733
0.581789
0.585079
0.593834
0.605894
0.618894
0.627853
0.632214
0.636747
0.643033
0.648522
0.656442
0.63803
0.579946
0.546254
0.540339
0.537815
0.537441
0.537774
0.539049
0.544143
0.555377
0.573158
0.586966
0.591651
0.589037
0.58524
0.583864
0.587222
0.600543
0.626463
0.655139
0.675784
0.684051
0.680791
0.656492
0.608864
0.583235
0.586574
0.598804
0.609882
0.617815
0.623249
0.629957
0.638487
0.649574
0.660657
0.667636
0.674585
0.681473
0.687757
0.690884
0.685938
0.674519
0.662652
0.651105
0.643663
0.641279
0.63731
0.633875
0.628456
0.628534
0.623258
0.621596
0.621859
0.623798
0.627449
0.63086
0.633718
0.636589
0.641439
0.650859
0.662473
0.674103
0.682106
0.683391
0.683232
0.677028
0.66557
0.649264
0.613639
0.584772
0.590816
0.601446
0.61435
0.626386
0.632659
0.635327
0.638791
0.64394
0.646547
0.648757
0.626842
0.569364
0.539506
0.53525
0.5315
0.530767
0.531616
0.535309
0.545052
0.564648
0.584813
0.596936
0.597582
0.593452
0.588727
0.588099
0.590508
0.599814
0.617898
0.643923
0.669066
0.684976
0.689345
0.662748
0.612321
0.579468
0.573957
0.584015
0.60098
0.613554
0.618989
0.622851
0.628861
0.639693
0.653797
0.666257
0.674736
0.679824
0.680483
0.673096
0.661911
0.652813
0.647414
0.643677
0.643102
0.648169
0.647851
0.636108
0.628092
0.627808
0.619568
0.615891
0.616868
0.620549
0.625366
0.630036
0.633076
0.635261
0.639413
0.649836
0.662836
0.673436
0.677938
0.679897
0.681748
0.678438
0.668863
0.65264
0.61864
0.591483
0.599332
0.610474
0.621926
0.630713
0.63495
0.63776
0.641927
0.646652
0.646189
0.641257
0.612566
0.554971
0.530217
0.529599
0.526565
0.527693
0.530773
0.537882
0.553199
0.574809
0.591489
0.600313
0.600549
0.597169
0.595001
0.596951
0.602676
0.610966
0.621807
0.6382
0.660745
0.682564
0.691797
0.665627
0.611853
0.573929
0.563558
0.570121
0.587581
0.605125
0.613541
0.615495
0.619832
0.629936
0.646094
0.663187
0.673065
0.674817
0.666167
0.651485
0.640174
0.635519
0.637065
0.64275
0.654647
0.663932
0.654659
0.634731
0.623891
0.619964
0.616705
0.616219
0.617437
0.619743
0.623593
0.628777
0.633634
0.637319
0.642751
0.649898
0.658173
0.66493
0.668948
0.674596
0.679451
0.678999
0.672337
0.656336
0.624044
0.602178
0.611197
0.621074
0.629142
0.633569
0.636122
0.639737
0.645915
0.65033
0.646167
0.63531
0.59779
0.539058
0.520542
0.52381
0.524862
0.529252
0.535909
0.547665
0.564399
0.580166
0.592678
0.598238
0.599831
0.600799
0.602972
0.609504
0.618005
0.624486
0.630376
0.641715
0.658251
0.677472
0.687865
0.663417
0.608359
0.56878
0.557259
0.561538
0.576798
0.59475
0.607175
0.611204
0.615236
0.624283
0.63888
0.656672
0.666622
0.665258
0.651833
0.634955
0.626702
0.626514
0.634393
0.652601
0.673098
0.676859
0.659441
0.630886
0.613007
0.610534
0.615836
0.619411
0.620485
0.620737
0.622294
0.626433
0.633004
0.640791
0.647541
0.651834
0.653789
0.654303
0.658797
0.666156
0.67298
0.675544
0.670772
0.655514
0.625117
0.617231
0.626201
0.633512
0.636951
0.637681
0.638631
0.643623
0.651496
0.655009
0.648192
0.632801
0.585927
0.524335
0.511944
0.517988
0.526312
0.536447
0.547847
0.560561
0.572106
0.581684
0.587883
0.591592
0.596601
0.603999
0.612699
0.622504
0.629862
0.634626
0.639134
0.649188
0.66292
0.674177
0.680072
0.660344
0.605838
0.566433
0.555504
0.557731
0.570439
0.586703
0.600781
0.609769
0.614406
0.62348
0.637027
0.650642
0.658396
0.654461
0.63986
0.627138
0.621508
0.625992
0.643174
0.669376
0.685057
0.684469
0.657434
0.623282
0.602828
0.602199
0.611431
0.621578
0.623523
0.622448
0.621933
0.625245
0.633585
0.644099
0.651931
0.653383
0.650468
0.64851
0.651417
0.659545
0.667061
0.671066
0.667954
0.654181
0.626317
0.63754
0.644909
0.647567
0.646451
0.644298
0.644003
0.649567
0.658928
0.661983
0.654629
0.634368
0.57858
0.514491
0.504142
0.512955
0.530398
0.548223
0.562657
0.571053
0.57627
0.577649
0.578989
0.583499
0.593587
0.606945
0.621229
0.632087
0.637773
0.64225
0.64823
0.65842
0.671284
0.675283
0.674093
0.657505
0.604324
0.566577
0.559162
0.558812
0.567873
0.581868
0.596082
0.609054
0.618227
0.626956
0.637511
0.646076
0.648413
0.643356
0.634241
0.626539
0.625015
0.635737
0.659961
0.680616
0.68992
0.683145
0.653153
0.616287
0.595469
0.594201
0.605013
0.618763
0.624449
0.624088
0.62338
0.626666
0.635239
0.645988
0.652565
0.653033
0.650553
0.649222
0.650454
0.654187
0.658913
0.663567
0.660379
0.646996
0.621049
0.662432
0.666638
0.664599
0.65889
0.653653
0.652034
0.657072
0.667795
0.671916
0.667635
0.640203
0.574941
0.510328
0.499373
0.510346
0.532875
0.55805
0.573764
0.577167
0.5737
0.570548
0.570771
0.577881
0.591911
0.610031
0.627177
0.636635
0.640522
0.645646
0.65357
0.665675
0.679596
0.680728
0.673711
0.656515
0.604453
0.568973
0.563653
0.562757
0.568682
0.580087
0.593872
0.608988
0.624018
0.63337
0.638493
0.640127
0.637163
0.634808
0.633222
0.631099
0.636115
0.653554
0.672332
0.685462
0.688105
0.675488
0.647183
0.611895
0.590671
0.587332
0.596719
0.611533
0.62281
0.626366
0.627211
0.630362
0.63714
0.645101
0.649835
0.651761
0.65333
0.654218
0.654979
0.655201
0.655138
0.653936
0.648207
0.634168
0.609233
0.688418
0.689288
0.683716
0.674098
0.66594
0.66278
0.667162
0.679224
0.684995
0.684381
0.650653
0.574412
0.510201
0.498583
0.510242
0.534698
0.560928
0.576273
0.579058
0.570771
0.5649
0.566655
0.575941
0.592168
0.612711
0.62999
0.636509
0.641318
0.647669
0.656791
0.668778
0.682329
0.684781
0.677426
0.66045
0.609799
0.57144
0.565621
0.569401
0.572338
0.580873
0.593697
0.609854
0.626789
0.637751
0.639084
0.633562
0.628564
0.629271
0.631407
0.638942
0.653767
0.667191
0.677298
0.683132
0.678861
0.665373
0.642442
0.609333
0.588023
0.584217
0.590028
0.602855
0.617899
0.628947
0.63301
0.635021
0.638297
0.642729
0.64674
0.65069
0.656259
0.660174
0.661777
0.659613
0.655636
0.650074
0.640724
0.625184
0.600917
0.710068
0.708796
0.702017
0.691133
0.681382
0.677352
0.681238
0.694085
0.701371
0.701729
0.662561
0.576275
0.513283
0.502554
0.512771
0.534278
0.55787
0.571778
0.572988
0.566824
0.563259
0.566905
0.577535
0.595097
0.614684
0.628947
0.635909
0.641739
0.649006
0.658056
0.668874
0.681938
0.688553
0.684446
0.667312
0.620702
0.574466
0.569709
0.575069
0.579536
0.585101
0.595779
0.610315
0.625684
0.635396
0.635192
0.627768
0.623031
0.623423
0.6336
0.651859
0.666333
0.673066
0.676036
0.674673
0.667899
0.656333
0.637044
0.607448
0.587535
0.583781
0.586583
0.596916
0.612475
0.627958
0.637962
0.640447
0.64
0.641633
0.646426
0.652731
0.660102
0.666222
0.667627
0.663599
0.655706
0.64501
0.632182
0.615585
0.592153
0.722889
0.722044
0.717395
0.708259
0.699867
0.696504
0.699275
0.7105
0.71745
0.714051
0.671587
0.579457
0.519685
0.510772
0.517973
0.534035
0.549159
0.559468
0.563158
0.56441
0.565375
0.570969
0.582945
0.599196
0.615089
0.625575
0.634552
0.642613
0.650378
0.658059
0.667007
0.679211
0.690704
0.689705
0.676276
0.63326
0.581155
0.575605
0.58244
0.588996
0.593632
0.600155
0.608953
0.61988
0.626789
0.627839
0.62263
0.618468
0.623873
0.639954
0.658499
0.669203
0.67158
0.670334
0.665643
0.659391
0.650299
0.633125
0.606154
0.587904
0.584571
0.585774
0.594431
0.608692
0.624641
0.6377
0.642278
0.642416
0.643824
0.649159
0.657093
0.663907
0.668389
0.668352
0.664105
0.65424
0.64168
0.628139
0.611317
0.588805
0.725887
0.725955
0.724387
0.721865
0.718809
0.717099
0.71993
0.726601
0.730817
0.720134
0.677292
0.583189
0.528332
0.521866
0.52424
0.532686
0.539403
0.544822
0.552502
0.562085
0.570718
0.579318
0.590109
0.601935
0.611556
0.62141
0.633237
0.644214
0.65232
0.657906
0.664328
0.675293
0.690267
0.692392
0.683759
0.645557
0.590188
0.580121
0.588818
0.599845
0.605667
0.607176
0.607942
0.610429
0.613773
0.614594
0.614799
0.618469
0.630559
0.645818
0.656978
0.665053
0.665625
0.6626
0.658025
0.653525
0.646199
0.630602
0.605095
0.588823
0.586836
0.587624
0.594943
0.606976
0.620059
0.63194
0.640432
0.645156
0.649427
0.655028
0.662139
0.668341
0.669901
0.666531
0.660062
0.650878
0.640351
0.627598
0.611434
0.589936
0.721737
0.721765
0.723844
0.728642
0.733562
0.735326
0.737094
0.739392
0.739897
0.720392
0.67756
0.585072
0.536471
0.532188
0.529081
0.53019
0.530883
0.533841
0.543977
0.559295
0.575584
0.588941
0.596966
0.601846
0.607464
0.617833
0.6326
0.646415
0.654353
0.657884
0.66196
0.67152
0.688124
0.693147
0.689901
0.654973
0.599557
0.58437
0.590029
0.605632
0.616526
0.616579
0.609138
0.599877
0.595835
0.597766
0.606607
0.623019
0.638513
0.64761
0.654734
0.657749
0.659355
0.658476
0.654924
0.650771
0.643941
0.629261
0.604916
0.590161
0.589494
0.590602
0.596624
0.605793
0.615511
0.625616
0.636695
0.646939
0.655991
0.662577
0.667764
0.670396
0.667206
0.661873
0.655891
0.648838
0.639554
0.628245
0.613466
0.592809
0.717147
0.715679
0.719292
0.728861
0.742016
0.746667
0.748135
0.748329
0.747818
0.721091
0.675178
0.58532
0.541398
0.538972
0.533543
0.529682
0.526754
0.528535
0.537005
0.555975
0.577875
0.595586
0.603513
0.603349
0.605801
0.615322
0.631167
0.647621
0.656063
0.658589
0.660906
0.669151
0.686087
0.692729
0.693808
0.661947
0.606682
0.590297
0.594106
0.609334
0.622376
0.623005
0.610868
0.590318
0.577604
0.579308
0.597754
0.624938
0.643386
0.651829
0.652431
0.652846
0.654115
0.654378
0.651692
0.648592
0.64267
0.628381
0.604318
0.590138
0.59039
0.593335
0.59894
0.605431
0.612546
0.621361
0.63253
0.646089
0.658418
0.669733
0.674945
0.671513
0.665208
0.658563
0.652512
0.645832
0.636613
0.625695
0.611699
0.591561
)
;

boundaryField
{
    inlet
    {
        type            calculated;
        value           uniform 0.140001;
    }
    outlet
    {
        type            calculated;
        value           nonuniform List<scalar> 
40
(
0.666678
0.667124
0.669733
0.672699
0.675573
0.67667
0.672413
0.662178
0.649904
0.642438
0.642053
0.645827
0.646553
0.641317
0.635032
0.626132
0.615743
0.608827
0.606572
0.615592
0.636441
0.676646
0.687122
0.664898
0.642408
0.619204
0.611733
0.613639
0.61864
0.624044
0.625117
0.626317
0.621049
0.609233
0.600917
0.592153
0.588805
0.589936
0.592809
0.591561
)
;
    }
    bottom
    {
        type            symmetryPlane;
    }
    top
    {
        type            symmetryPlane;
    }
    obstacle
    {
        type            calculated;
        value           nonuniform List<scalar> 
80
(
0.622123
0.629259
0.636254
0.637884
0.635277
0.632449
0.634958
0.64958
0.6795
0.701621
0.696565
0.64364
0.527007
0.470142
0.463342
0.469135
0.480832
0.493726
0.505487
0.516564
0.524042
0.53017
0.536662
0.544868
0.554608
0.564124
0.571329
0.575767
0.57805
0.581294
0.588462
0.602728
0.625136
0.649499
0.662976
0.66329
0.632161
0.577621
0.5601
0.564908
0.579312
0.594544
0.602577
0.600867
0.594816
0.587923
0.584594
0.587359
0.600135
0.622517
0.649746
0.676782
0.694672
0.703107
0.703181
0.695573
0.682189
0.663796
0.632825
0.592112
0.580081
0.585498
0.597629
0.604729
0.605734
0.602986
0.601158
0.601348
0.604376
0.61139
0.621794
0.635865
0.649739
0.660857
0.669226
0.677543
0.690265
0.69667
0.694679
0.666678
)
;
    }
    defaultFaces
    {
        type            empty;
    }
}


// ************************************************************************* //
