/*--------------------------------*- C++ -*----------------------------------*\
| =========                 |                                                 |
| \\      /  F ield         | OpenFOAM: The Open Source CFD Toolbox           |
|  \\    /   O peration     | Version:  v1912                                 |
|   \\  /    A nd           | Website:  www.openfoam.com                      |
|    \\/     M anipulation  |                                                 |
\*---------------------------------------------------------------------------*/
FoamFile
{
    version     2.0;
    format      ascii;
    class       volScalarField;
    location    "0.9";
    object      T;
}
// * * * * * * * * * * * * * * * * * * * * * * * * * * * * * * * * * * * * * //

dimensions      [0 0 0 1 0 0 0];


internalField   nonuniform List<scalar> 
4800
(
11.325
6.41089
8.57851
9.56753
10.1362
10.6122
10.9952
11.3188
11.4508
10.87
10.2388
10.441
10.7732
11.0797
11.3581
11.6291
11.9328
12.2993
12.7365
13.2151
13.6855
14.1055
14.4864
14.8065
15.0725
15.3928
15.6259
15.7822
15.2492
14.398
14.5572
15.0572
15.5848
16.0525
16.4361
16.7332
16.9947
17.2783
17.6241
18.0296
11.3213
6.49186
8.61356
9.55502
10.0986
10.5819
10.989
11.3359
11.4756
10.8939
10.2357
10.4248
10.7353
11.0399
11.3363
11.6296
11.9533
12.3296
12.7627
13.218
13.6521
14.0463
14.419
14.7766
15.0894
15.4242
15.6757
15.8505
15.3213
14.4485
14.5612
15.0207
15.5061
15.957
16.3527
16.7036
17.0119
17.3319
17.6962
18.1074
11.3154
6.73284
8.68048
9.53588
10.04
10.5381
10.9819
11.3471
11.4938
10.9205
10.2225
10.3871
10.6789
10.9926
11.3135
11.6441
11.9982
12.3848
12.7919
13.1996
13.5921
13.9752
14.3552
14.751
15.1342
15.5064
15.7769
15.9511
15.4063
14.5137
14.5906
14.9718
15.4165
15.8644
16.2927
16.7061
17.0914
17.4532
17.8365
18.2456
11.3068
7.08977
8.76746
9.51443
9.96466
10.4724
10.9578
11.3462
11.4955
10.9417
10.2213
10.3313
10.6058
10.9341
11.2898
11.6658
12.0542
12.4461
12.8213
13.1834
13.5399
13.9089
14.2987
14.723
15.1923
15.6307
15.9321
16.0741
15.5082
14.6137
14.6557
14.9603
15.373
15.8122
16.2633
16.7261
17.1896
17.6194
18.0357
18.439
11.2968
7.47947
8.84229
9.49438
9.89033
10.3946
10.9198
11.3345
11.4804
10.9499
10.2346
10.2736
10.5298
10.8781
11.2723
11.6932
12.1118
12.5007
12.8487
13.1796
13.5118
13.8662
14.2625
14.7189
15.2667
15.781
16.1146
16.1895
15.6142
14.7353
14.7407
14.9984
15.3928
15.8184
16.2737
16.7805
17.3251
17.8402
18.2702
18.6495
11.2849
7.75251
8.89889
9.47901
9.83061
10.3205
10.8726
11.3114
11.4568
10.9491
10.2517
10.2281
10.4662
10.836
11.265
11.7223
12.1584
12.5402
12.8736
13.1899
13.5072
13.8519
14.2529
14.7492
15.3505
15.9228
16.2897
16.3003
15.7308
14.8836
14.8573
15.0886
15.4737
15.8842
16.3439
16.8799
17.4759
18.0468
18.4914
18.8492
11.2735
7.93189
8.94249
9.47339
9.80089
10.2634
10.8201
11.2758
11.4305
10.9448
10.2603
10.2029
10.4287
10.8095
11.2552
11.7349
12.1821
12.5636
12.8939
13.2126
13.5362
13.8817
14.2886
14.8066
15.4262
16.0319
16.4232
16.4141
15.8664
15.0399
14.9903
15.2187
15.6096
16.0132
16.4757
17.0207
17.6283
18.1969
18.647
18.9966
11.2652
8.05638
8.97813
9.47964
9.7972
10.2349
10.7736
11.2367
11.4155
10.9482
10.2668
10.1977
10.4219
10.8031
11.2489
11.7322
12.1822
12.5599
12.9031
13.2505
13.6014
13.9758
14.3962
14.9099
15.5143
16.1128
16.5058
16.5171
16.0016
15.1945
15.137
15.3797
15.7942
16.2233
16.6847
17.2065
17.7608
18.301
18.7528
19.0965
11.2606
8.14971
9.0099
9.49442
9.8077
10.2256
10.7463
11.1986
11.3928
10.9401
10.2655
10.2102
10.4348
10.8128
11.2438
11.7067
12.1479
12.5439
12.9225
13.3104
13.7139
14.1275
14.5528
15.0352
15.6086
16.1789
16.5667
16.6157
16.1324
15.3471
15.2957
15.575
16.0283
16.4869
16.9425
17.408
17.8839
18.3675
18.8179
19.1945
11.2591
8.21168
9.03697
9.52083
9.83862
10.2397
10.7369
11.171
11.3761
10.9329
10.2562
10.2291
10.4643
10.8295
11.2368
11.6647
12.0982
12.528
12.9591
13.412
13.8648
14.3032
14.7284
15.1704
15.6945
16.2226
16.6191
16.7161
16.2668
15.5025
15.4641
15.7994
16.2913
16.7736
17.2186
17.6248
18.0073
18.4217
18.8597
19.2802
11.2595
8.24114
9.05668
9.5553
9.88629
10.2789
10.7419
11.1552
11.3724
10.9464
10.2531
10.2604
10.5086
10.8548
11.2283
11.6257
12.0567
12.5274
13.0323
13.541
14.02
14.4763
14.9014
15.3108
15.7772
16.2646
16.6642
16.8074
16.4054
15.6607
15.6385
16.0348
16.5626
17.0655
17.4785
17.7998
18.1232
18.4833
18.8989
19.348
11.2605
8.24801
9.06683
9.59121
9.94321
10.3389
10.7616
11.1503
11.3738
10.9674
10.2532
10.2952
10.5528
10.8801
11.2291
11.6104
12.0412
12.551
13.1087
13.6597
14.161
14.6321
15.055
15.4452
15.8654
16.3154
16.6909
16.8942
16.5484
15.8225
15.8071
16.2579
16.8027
17.307
17.6795
17.9536
18.245
18.5702
18.9587
19.4101
11.261
8.23231
9.0711
9.6237
9.99965
10.4026
10.7955
11.1541
11.3754
10.9864
10.2583
10.3216
10.5881
10.9088
11.2521
11.627
12.0673
12.5871
13.1549
13.7163
14.242
14.7492
15.1881
15.5635
15.9418
16.3566
16.7191
16.9855
16.6971
15.9798
15.9701
16.4456
16.9851
17.4665
17.8204
18.0972
18.3766
18.6796
19.0428
19.4745
11.2605
8.19215
9.06675
9.65278
10.055
10.4592
10.8312
11.159
11.3744
10.9951
10.2625
10.3312
10.6147
10.9455
11.3008
11.6962
12.1401
12.6309
13.1657
13.7205
14.269
14.8187
15.2951
15.6653
16.0069
16.3985
16.759
17.0861
16.8479
16.1385
16.1093
16.5769
17.0939
17.5693
17.9399
18.2333
18.512
18.802
19.1368
19.5433
11.2631
8.12869
9.05191
9.67798
10.1089
10.5072
10.861
11.164
11.3686
10.9935
10.2631
10.3324
10.6379
10.9995
11.3965
11.814
12.2289
12.6627
13.1538
13.7043
14.2808
14.8542
15.3671
15.7405
16.0547
16.4393
16.8101
17.1903
17.001
16.2876
16.2252
16.6493
17.1449
17.6218
18.0356
18.365
18.6552
18.9384
19.2461
19.6
11.267
8.04895
9.0298
9.69093
10.1514
10.5456
10.8842
11.1687
11.3576
10.9874
10.2641
10.3317
10.672
11.0855
11.5183
11.9177
12.29
12.6776
13.1284
13.6645
14.2624
14.8593
15.4067
15.7936
16.0963
16.4855
16.8785
17.3114
17.1594
16.4277
16.3307
16.68
17.1557
17.6432
18.0927
18.4742
18.7987
19.0878
19.3582
19.6424
11.2711
7.96088
9.00255
9.68848
10.1734
10.5728
10.9001
11.1693
11.3406
10.9763
10.2696
10.3521
10.7492
11.2035
11.6139
11.9764
12.3257
12.6897
13.1066
13.6144
14.2072
14.8182
15.3969
15.8289
16.1382
16.5401
16.9613
17.4418
17.3156
16.5536
16.4278
16.7017
17.1583
17.6563
18.1384
18.5726
18.935
19.2274
19.4663
19.6813
11.2756
7.87375
8.9744
9.67109
10.1745
10.5885
10.9075
11.1632
11.3167
10.9654
10.2896
10.4381
10.8715
11.2978
11.6511
11.9984
12.3475
12.7048
13.1008
13.5712
14.1272
14.7225
15.3277
15.8339
16.1772
16.6034
17.0468
17.565
17.4513
16.6671
16.5029
16.729
17.1739
17.6783
18.1857
18.6563
19.0458
19.3346
19.5503
19.7269
11.2796
7.78857
8.94763
9.64186
10.1552
10.5817
10.9068
11.1515
11.2945
10.9691
10.3727
10.5569
10.9808
11.3218
11.6587
12.0023
12.3509
12.7156
13.1084
13.5448
14.0445
14.6031
15.1985
15.7701
16.2089
16.6659
17.1374
17.6713
17.5593
16.7661
16.5711
16.7757
17.2149
17.7268
18.248
18.7318
19.1266
19.4105
19.6164
19.7782
11.2833
7.70836
8.92
9.60677
10.1103
10.5506
10.8915
11.1439
11.2984
11.0082
10.4967
10.6511
11.0236
11.3194
11.6442
11.9841
12.3459
12.7308
13.1254
13.5339
13.9785
14.4848
15.0432
15.6517
16.2162
16.7232
17.2273
17.748
17.6459
16.8576
16.639
16.8388
17.2876
17.8053
18.322
18.7954
19.1839
19.4692
19.6796
19.8509
11.287
7.62567
8.89512
9.57438
10.0497
10.4984
10.8606
11.1545
11.355
11.0749
10.5774
10.7192
11.0085
11.2929
11.6081
11.9541
12.3387
12.7449
13.1452
13.5366
13.9397
14.3853
14.9002
15.5119
16.1855
16.7813
17.3181
17.794
17.7183
16.9499
16.7058
16.9181
17.3723
17.887
18.3879
18.8421
19.2216
19.5204
19.7552
19.9606
11.2911
7.52964
8.86642
9.54557
9.98305
10.4333
10.826
11.1987
11.4749
11.1367
10.5827
10.7407
10.9593
11.2481
11.5631
11.9212
12.3263
12.75
13.1587
13.5484
13.9241
14.3155
14.7851
15.3866
16.1088
16.8235
17.4193
17.8327
17.7805
17.037
16.769
16.9984
17.458
17.9612
18.4347
18.8673
19.2511
19.5772
19.8536
20.1012
11.2959
7.37775
8.8298
9.51291
9.92328
10.3631
10.8058
11.2826
11.6125
11.1674
10.5428
10.7115
10.8969
11.1917
11.5169
11.8886
12.3074
12.7455
13.1626
13.5553
13.9179
14.2776
14.7061
15.2847
16.0211
16.8424
17.5225
17.8747
17.8347
17.1074
16.8174
17.0705
17.5342
18.0163
18.4606
18.8786
19.2769
19.6456
19.9726
20.2428
11.3017
7.13451
8.77753
9.4827
9.87598
10.301
10.8134
11.3865
11.71
11.1582
10.5122
10.613
10.834
11.1375
11.4746
11.858
12.2841
12.7296
13.1552
13.5551
13.9164
14.2646
14.6709
15.2134
15.9402
16.8398
17.5827
17.9446
17.8794
17.1498
16.8547
17.1342
17.5936
18.0478
18.4671
18.8797
19.3056
19.7243
20.0899
20.3385
11.3068
6.84614
8.70317
9.45583
9.84277
10.2673
10.8512
11.4841
11.7465
11.1174
10.4528
10.5022
10.764
11.0888
11.439
11.8316
12.2605
12.705
13.1345
13.5449
13.9155
14.2642
14.6681
15.1871
15.9033
16.817
17.6078
18.0036
17.9132
17.167
16.8832
17.184
17.6357
18.0711
18.4778
18.8976
19.3499
19.7964
20.1551
20.3661
11.3114
6.57022
8.615
9.42839
9.82797
10.2644
10.9044
11.5505
11.7406
11.0548
10.3728
10.4023
10.6892
11.0391
11.4082
11.8092
12.2363
12.6751
13.1033
13.521
13.908
14.2712
14.6804
15.1982
15.91
16.8006
17.6093
18.0305
17.9304
17.1609
16.8948
17.2164
17.6709
18.0993
18.5055
18.9396
19.399
19.831
20.15
20.3379
11.3159
6.45602
8.52715
9.40719
9.82659
10.2928
10.9505
11.5645
11.7035
10.9901
10.2834
10.3209
10.6196
10.988
11.3763
11.7864
12.2121
12.6434
13.067
13.4855
13.8889
14.2791
14.7061
15.2327
15.9475
16.7916
17.5753
18.0186
17.9218
17.1206
16.8872
17.2333
17.6977
18.1265
18.5322
18.964
19.408
19.8032
20.0932
20.261
11.3197
6.46529
8.45116
9.39664
9.83897
10.3398
10.9712
11.5332
11.6401
10.9278
10.1976
10.2599
10.5624
10.9388
11.3421
11.7619
12.1877
12.6112
13.0268
13.4399
13.8565
14.2808
14.742
15.294
16.0019
16.7794
17.4867
17.9545
17.8624
17.0164
16.8364
17.2144
17.6954
18.1351
18.5385
18.9461
19.3545
19.7117
19.9674
20.1353
11.3221
6.27438
8.40033
9.40072
9.87197
10.3909
10.9684
11.4684
11.566
10.8752
10.1298
10.2144
10.5193
10.8975
11.3101
11.7363
12.1608
12.5745
12.9776
13.3817
13.8068
14.2677
14.7775
15.364
16.0511
16.7488
17.3338
17.8314
17.7209
16.8422
16.7261
17.1332
17.6177
18.0687
18.4715
18.8515
19.212
19.5204
19.7685
19.9656
11.3229
6.18968
8.37788
9.41886
9.90779
10.4256
10.9502
11.3885
11.4939
10.8382
10.0864
10.1884
10.4929
10.8698
11.2835
11.7084
12.126
12.5245
12.9111
13.3062
13.7393
14.2377
14.7962
15.4168
16.0738
16.6669
17.1531
17.6289
17.4754
16.5862
16.5297
16.9406
17.4125
17.866
18.2682
18.6241
18.9409
19.2268
19.4879
19.7338
11.3217
6.2182
8.37979
9.44026
9.93205
10.4358
10.9195
11.3133
11.4292
10.8158
10.0591
10.1828
10.4829
10.8555
11.2628
11.6775
12.0792
12.4566
12.8256
13.2138
13.6614
14.194
14.7913
15.4282
16.0404
16.5328
16.9437
17.3629
17.1131
16.2119
16.216
16.6167
17.0735
17.5163
17.9064
18.2432
18.5416
18.8265
19.1128
19.4148
11.3176
6.30412
8.41525
9.45316
9.93781
10.422
10.882
11.2516
11.3776
10.8049
10.0464
10.1854
10.4844
10.8509
11.2453
11.6405
12.0172
12.373
12.7277
13.1159
13.5811
14.1363
14.751
15.376
15.917
16.3533
16.6935
17.0293
16.628
15.7058
15.7675
16.1591
16.5968
17.0201
17.3966
17.7262
18.0251
18.3238
18.644
19.0042
11.3113
6.3909
8.4741
9.45907
9.92908
10.3963
10.8457
11.2072
11.3409
10.8064
10.05
10.1874
10.4942
10.8526
11.2268
11.5943
11.9461
12.2853
12.6346
13.0331
13.5094
14.0699
14.6648
15.2435
15.7168
16.1269
16.3991
16.6231
16.0415
15.1181
15.2282
15.6039
16.0217
16.4228
16.7858
17.1129
17.4211
17.7436
18.1037
18.5222
11.3027
6.69896
8.5487
9.46307
9.91182
10.3652
10.8177
11.1755
11.3138
10.8179
10.0664
10.1921
10.5088
10.8545
11.2076
11.5455
11.8739
12.2061
12.5664
12.9775
13.4616
13.9963
14.534
15.0537
15.4749
15.8523
16.0824
16.1575
15.4087
14.5351
14.6647
15.0149
15.4156
15.7976
16.143
16.4636
16.7814
17.1301
17.5375
18.0059
11.2921
6.64593
8.63997
9.46337
9.89129
10.3378
10.7953
11.1514
11.2932
10.833
10.088
10.1925
10.5203
10.8537
11.1857
11.5012
11.8145
12.1512
12.5304
12.9624
13.4365
13.9147
14.386
14.8454
15.2305
15.5594
15.7657
15.6912
14.7983
14.0482
14.1483
14.4644
14.8487
15.2156
15.5448
15.8535
16.1736
16.5441
16.991
17.495
11.2813
6.99426
8.73081
9.4639
9.87352
10.3193
10.7768
11.1312
11.2797
10.8448
10.1092
10.179
10.4981
10.833
11.1544
11.4628
11.7772
12.1292
12.5372
12.9788
13.4224
13.8375
14.2473
14.6532
15.0087
15.2859
15.4541
15.2571
14.2864
13.6556
13.7337
14.0206
14.3775
14.7264
15.0457
15.3472
15.6672
16.0506
16.5163
17.0252
11.2721
7.35709
8.80499
9.46959
9.86532
10.31
10.7609
11.1129
11.2673
10.852
10.1291
10.1505
10.4345
10.7712
11.1047
11.4301
11.7689
12.154
12.5751
13.0057
13.4079
13.7804
14.1433
14.5047
14.8345
15.0541
15.1665
14.893
13.9086
13.3752
13.4458
13.7082
14.0327
14.3578
14.674
14.9858
15.3121
15.6924
16.1435
16.6312
11.2663
7.63092
8.85727
9.47632
9.86191
10.3048
10.7462
11.097
11.2574
10.8557
10.1499
10.1195
10.3564
10.6932
11.0496
11.4164
11.802
12.2075
12.6227
13.0243
13.4012
13.7535
14.0897
14.4152
14.7039
14.8735
14.9392
14.6339
13.6731
13.2034
13.2744
13.518
13.8142
14.1134
14.4228
14.7579
15.1169
15.4961
15.9057
16.3466
11.2634
7.77968
8.89011
9.48313
9.86445
10.3075
10.7379
11.0855
11.2487
10.8559
10.1591
10.096
10.2851
10.6152
11.0013
11.4298
11.8607
12.2677
12.6446
13.0121
13.3804
13.741
14.0765
14.3802
14.6218
14.753
14.7981
14.489
13.5598
13.125
13.2
13.4282
13.7021
13.9784
14.2785
14.6358
15.0317
15.4283
15.812
16.2005
11.2624
7.86726
8.90699
9.48323
9.85897
10.3042
10.7332
11.0794
11.2468
10.8595
10.164
10.085
10.2463
10.558
10.9604
11.4347
11.9118
12.3286
12.6923
13.0371
13.3924
13.7515
14.0856
14.3767
14.5854
14.6974
14.735
14.4268
13.5153
13.0971
13.1805
13.4043
13.6662
13.9264
14.2208
14.5855
14.9975
15.422
15.7927
16.142
18.4944
18.9925
19.4469
19.8137
20.1177
20.4048
20.733
21.1618
21.7645
22.2518
22.3538
21.7896
20.0944
19.1147
19.0044
19.0971
19.2765
19.4662
19.6305
19.7678
19.8354
19.879
19.9288
20.0036
20.1013
20.1947
20.2457
20.255
20.2381
20.2341
20.2864
20.4401
20.6931
20.9265
21.01
20.941
20.449
19.6317
19.3036
19.2733
19.3574
19.4542
19.4667
19.3597
19.1866
19.0033
18.8771
18.8562
18.9677
19.1831
19.4547
19.7203
19.8811
19.9394
19.9195
19.8195
19.6481
19.42
19.0439
18.5371
18.3767
18.4433
18.5923
18.6793
18.6905
18.6534
18.6227
18.6174
18.6478
18.7257
18.8474
19.015
19.181
19.3163
19.4266
19.5537
19.7582
19.8831
19.9208
19.6787
18.5874
19.1055
19.5605
19.9287
20.2324
20.531
20.8747
21.2816
21.7842
22.0867
22.0898
21.4208
19.8178
19.1314
19.0665
19.1852
19.3888
19.5875
19.7302
19.8144
19.8568
19.8911
19.9547
20.0514
20.1715
20.2736
20.3278
20.3443
20.3565
20.3928
20.4971
20.6802
20.8937
21.014
21.0106
20.8023
20.2049
19.4691
19.2606
19.2772
19.374
19.4559
19.4539
19.3573
19.1981
19.0468
18.9653
18.9762
19.0893
19.303
19.5326
19.7385
19.8554
19.8918
19.8757
19.7817
19.5914
19.3672
18.9628
18.4981
18.4078
18.4692
18.6088
18.6682
18.6792
18.6579
18.6359
18.6405
18.6818
18.768
18.8931
19.03
19.1646
19.2974
19.4121
19.5534
19.7775
19.9136
19.92
19.6812
18.7075
19.2012
19.6358
20.0124
20.3313
20.6361
20.9684
21.3583
21.81
22.0365
22.0001
21.2159
19.6499
19.1476
19.1445
19.2989
19.5086
19.6618
19.7376
19.7835
19.8248
19.8773
19.9654
20.0896
20.2151
20.3107
20.3796
20.428
20.4774
20.5442
20.6529
20.807
20.971
21.0031
20.9802
20.705
19.9838
19.2821
19.1699
19.2208
19.3171
19.403
19.4245
19.372
19.2624
19.171
19.1402
19.1727
19.2708
19.414
19.55
19.6683
19.7643
19.8177
19.833
19.7686
19.5774
19.368
18.9484
18.5051
18.4155
18.463
18.5486
18.6216
18.6699
18.6755
18.6658
18.6784
18.7301
18.8202
18.9292
19.0316
19.12
19.2169
19.3352
19.506
19.7787
19.9519
19.9435
19.704
18.8636
19.3107
19.7326
20.1273
20.4701
20.7832
21.0976
21.4591
21.7953
21.8935
21.7881
20.9723
19.5807
19.2124
19.2824
19.441
19.5914
19.6766
19.7106
19.7425
19.8048
19.9109
20.0309
20.153
20.2553
20.3462
20.4378
20.5207
20.5913
20.6536
20.7291
20.8516
21
20.9868
20.8853
20.5144
19.684
19.1099
19.0564
19.1043
19.1979
19.297
19.3528
19.3608
19.3463
19.3537
19.3844
19.4264
19.4694
19.4984
19.5237
19.5767
19.6535
19.741
19.793
19.7469
19.576
19.3836
18.945
18.5076
18.4071
18.4229
18.4742
18.5748
18.6612
18.7001
18.7089
18.7351
18.7939
18.8794
18.9474
19.0048
19.0553
19.1307
19.2605
19.4681
19.7739
19.959
19.9764
19.7239
19.0285
19.4314
19.8344
20.2409
20.6104
20.92
21.2023
21.4868
21.6916
21.7022
21.5581
20.8232
19.6302
19.3177
19.4062
19.4995
19.5834
19.625
19.6484
19.6978
19.8058
19.9534
20.0848
20.1758
20.2499
20.3374
20.4481
20.5527
20.6255
20.6694
20.7339
20.8285
20.9273
20.8957
20.7479
20.288
19.4019
18.992
18.9675
18.9614
19.0186
19.1091
19.2073
19.2945
19.3763
19.4829
19.6017
19.6565
19.6333
19.5596
19.4882
19.4939
19.5586
19.6671
19.75
19.7373
19.6137
19.4329
18.953
18.5002
18.3742
18.3544
18.4072
18.5229
18.6447
18.7324
18.7688
18.8044
18.8566
18.9042
18.9378
18.9678
19.0043
19.0729
19.2066
19.4458
19.7604
19.9598
20.0154
19.7314
19.1899
19.5489
19.933
20.3437
20.7172
21.0135
21.26
21.438
21.5203
21.4782
21.3363
20.7644
19.765
19.4225
19.4534
19.4626
19.5181
19.5466
19.5831
19.6726
19.8151
19.9739
20.0762
20.1299
20.1906
20.2794
20.4001
20.5125
20.5845
20.6162
20.6564
20.744
20.8308
20.7832
20.6131
20.033
19.18
18.9122
18.8599
18.8428
18.8679
18.9122
18.9989
19.1575
19.377
19.6023
19.7655
19.7935
19.7248
19.5999
19.4748
19.4355
19.4922
19.6092
19.7179
19.7482
19.6886
19.48
18.9266
18.4638
18.323
18.2904
18.3575
18.4856
18.6352
18.7629
18.8353
18.872
18.8912
18.9021
18.9141
18.9344
18.9684
19.041
19.191
19.4536
19.7766
19.9688
20.0428
19.7126
19.3124
19.6461
20.0222
20.4219
20.7847
21.0589
21.2489
21.3293
21.3509
21.296
21.2155
20.786
19.8869
19.4577
19.433
19.3909
19.4192
19.4654
19.5419
19.6635
19.817
19.9393
19.9877
20.0205
20.0746
20.1678
20.2951
20.4142
20.4847
20.5126
20.5624
20.6512
20.739
20.6746
20.4723
19.7782
19.0163
18.843
18.7645
18.7464
18.7633
18.7902
18.8346
18.9916
19.2933
19.6038
19.7826
19.8204
19.7402
19.6024
19.4796
19.4249
19.4538
19.5679
19.711
19.7981
19.7787
19.4969
18.8561
18.4081
18.264
18.2347
18.3174
18.4588
18.6264
18.7835
18.8894
18.9114
18.8963
18.8858
18.8842
18.9072
18.9538
19.0501
19.2227
19.495
19.8021
19.9483
20.0077
19.6331
19.407
19.7353
20.0934
20.4698
20.8136
21.0636
21.1922
21.2022
21.2183
21.1974
21.1884
20.8278
19.9474
19.4439
19.3483
19.291
19.3377
19.4237
19.5318
19.6635
19.783
19.8447
19.8692
19.8927
19.9435
20.0372
20.165
20.2806
20.3519
20.409
20.4955
20.5917
20.6628
20.6136
20.3312
19.5333
18.8941
18.7791
18.6894
18.6845
18.7141
18.7497
18.8099
18.9413
19.1617
19.413
19.6023
19.6884
19.6828
19.6111
19.5124
19.4399
19.4458
19.5541
19.7215
19.8671
19.8607
19.4748
18.7705
18.3553
18.2171
18.2083
18.3031
18.4544
18.6234
18.7929
18.909
18.9164
18.8814
18.8583
18.8612
18.896
18.9733
19.1045
19.2928
19.545
19.8131
19.9192
19.9146
19.4901
19.5139
19.8229
20.1491
20.4883
20.7984
21.0094
21.1001
21.1289
21.1704
21.187
21.1967
20.8391
19.9559
19.3674
19.2512
19.2254
19.3041
19.4275
19.5534
19.6571
19.7239
19.7252
19.7283
19.7472
19.799
19.8907
20.0152
20.1416
20.2386
20.3265
20.4565
20.5663
20.5997
20.5572
20.1666
19.2965
18.8037
18.7051
18.6418
18.6633
18.7109
18.7655
18.8491
18.9669
19.0646
19.1568
19.2801
19.4421
19.5592
19.5863
19.5359
19.4744
19.4719
19.5748
19.7453
19.9203
19.9068
19.4273
18.6946
18.3323
18.2009
18.2183
18.3317
18.4815
18.6456
18.7879
18.8819
18.8823
18.8511
18.8398
18.8581
18.919
19.0327
19.186
19.3731
19.5879
19.7858
19.8386
19.7887
19.3209
19.6308
19.9151
20.2043
20.4932
20.7531
20.9313
21.0348
21.1149
21.1904
21.2267
21.1928
20.7914
19.9103
19.2884
19.1934
19.2074
19.3157
19.4644
19.582
19.6369
19.6182
19.6101
19.6139
19.6388
19.6953
19.7805
19.893
20.0267
20.1559
20.2729
20.4323
20.5568
20.5465
20.4722
19.9536
19.0618
18.7127
18.6332
18.616
18.6675
18.7423
18.8224
18.9355
19.0028
19.0093
19.0056
19.0396
19.1695
19.368
19.5077
19.5266
19.4977
19.5282
19.6525
19.7887
19.9433
19.8844
19.3607
18.6431
18.3454
18.2301
18.2712
18.3913
18.536
18.6724
18.7695
18.8199
18.8337
18.8315
18.8388
18.8991
18.9903
19.1197
19.2704
19.4351
19.6137
19.7489
19.7841
19.7246
19.2011
19.7391
20.0191
20.276
20.5075
20.7108
20.8768
21.0233
21.1482
21.2403
21.2579
21.1484
20.7039
19.8382
19.2466
19.1851
19.2313
19.362
19.5105
19.5797
19.5606
19.5347
19.5231
19.5369
19.5765
19.6365
19.7099
19.8051
19.937
20.0956
20.2583
20.4328
20.5396
20.4984
20.3509
19.6976
18.844
18.6118
18.5558
18.5966
18.6807
18.788
18.9142
18.9967
19.0022
18.9541
18.9213
18.9549
19.0391
19.1929
19.3644
19.4663
19.506
19.6109
19.7807
19.8599
19.9431
19.8108
19.2766
18.62
18.4026
18.3341
18.3872
18.4943
18.609
18.6897
18.7251
18.752
18.7869
18.8269
18.8885
18.9793
19.0955
19.2196
19.3349
19.4757
19.6559
19.7787
19.7956
19.7241
19.1632
19.8385
20.1339
20.3661
20.5397
20.6936
20.8559
21.0352
21.1977
21.2828
21.2576
21.0583
20.6152
19.7834
19.2556
19.2044
19.2895
19.4254
19.52
19.5226
19.4943
19.4667
19.4657
19.4994
19.555
19.6146
19.6732
19.7504
19.8741
20.0557
20.2657
20.4639
20.5259
20.4502
20.1998
19.4317
18.6711
18.5063
18.4819
18.5568
18.6928
18.854
18.9712
19.0029
18.9701
18.9182
18.9004
18.9308
19.0047
19.1043
19.23
19.3744
19.4988
19.6845
19.8931
19.9215
19.9014
19.7041
19.1202
18.5666
18.4712
18.5155
18.5735
18.639
18.6814
18.687
18.6831
18.7064
18.7685
18.8633
18.9651
19.0855
19.2115
19.3063
19.3972
19.5415
19.7272
19.8195
19.8744
19.7679
19.1819
19.9121
20.2375
20.4519
20.5822
20.6999
20.8601
21.0569
21.2254
21.2961
21.2427
20.9719
20.5582
19.7701
19.297
19.2551
19.3599
19.4537
19.4831
19.4654
19.435
19.4233
19.4457
19.4974
19.5597
19.6133
19.6605
19.7266
19.8409
20.0354
20.2686
20.4638
20.53
20.3996
20.0236
19.1982
18.5418
18.3925
18.4077
18.5494
18.7336
18.8947
18.9676
18.9626
18.9303
18.9114
18.9145
18.9389
18.9899
19.05
19.1464
19.2922
19.4848
19.7138
19.9208
19.9471
19.841
19.5668
18.9397
18.5185
18.5043
18.6367
18.7615
18.8092
18.7743
18.7125
18.6805
18.7119
18.8122
18.9532
19.0772
19.1963
19.2979
19.3886
19.4917
19.6363
19.7994
19.933
19.9647
19.759
19.1683
19.957
20.2905
20.5024
20.6315
20.7413
20.8931
21.0742
21.2097
21.2712
21.1908
20.9148
20.5407
19.7902
19.3479
19.3069
19.4028
19.4478
19.4557
19.4319
19.4068
19.4146
19.4572
19.5202
19.5825
19.6295
19.6686
19.7257
19.8372
20.0299
20.2518
20.4342
20.5162
20.3266
19.8359
19.0208
18.4452
18.3145
18.3798
18.5661
18.7649
18.8865
18.9144
18.9009
18.8977
18.9174
18.9408
18.9538
18.9656
18.9982
19.0854
19.2558
19.4705
19.705
19.8961
19.9352
19.8018
19.4593
18.719
18.3635
18.4825
18.691
18.8362
18.8814
18.8459
18.7813
18.7354
18.7811
18.9036
19.0729
19.1969
19.2801
19.3592
19.4644
19.5888
19.728
19.8952
19.9882
19.9067
19.6201
19.0918
19.9665
20.286
20.5175
20.6849
20.8214
20.9599
21.0817
21.1617
21.176
21.1153
20.8903
20.5515
19.8335
19.3832
19.3278
19.4102
19.4362
19.4486
19.433
19.4195
19.4386
19.4909
19.5614
19.6215
19.6625
19.6968
19.7529
19.8599
20.0275
20.2079
20.3881
20.4429
20.2054
19.6572
18.9113
18.3913
18.276
18.3803
18.5856
18.7618
18.8382
18.8512
18.8519
18.8767
18.9191
18.9523
18.9594
18.9525
18.9649
19.0446
19.2194
19.4565
19.6851
19.8611
19.9231
19.7822
19.4494
18.6293
18.1629
18.2973
18.5667
18.762
18.8463
18.8557
18.8251
18.8238
18.8954
19.0362
19.209
19.3282
19.3906
19.4565
19.552
19.6528
19.8
19.89
19.8543
19.674
19.4342
19.0034
19.9429
20.2355
20.5074
20.7376
20.9147
21.0262
21.0791
21.0863
21.0646
21.0322
20.9023
20.5883
19.8882
19.3896
19.307
19.3608
19.4164
19.4625
19.4677
19.4667
19.4855
19.5361
19.6042
19.6617
19.7026
19.7439
19.8099
19.897
20.0081
20.1374
20.2836
20.2938
20.0296
19.5219
18.8826
18.3826
18.2898
18.3987
18.582
18.7273
18.7937
18.8086
18.8277
18.8598
18.8962
18.916
18.9225
18.9229
18.9387
19.0153
19.1816
19.415
19.629
19.8135
19.88
19.7671
19.462
18.6337
18.0859
18.0791
18.2575
18.5096
18.6869
18.7659
18.8063
18.8588
18.9726
19.1349
19.2917
19.4134
19.508
19.5718
19.6225
19.6905
19.7472
19.7195
19.5999
19.4617
19.2878
18.8851
19.9062
20.1763
20.4741
20.7651
20.983
21.0737
21.0649
21.0286
20.9972
20.9845
20.933
20.6332
19.9097
19.3479
19.2554
19.2739
19.384
19.4934
19.5356
19.5451
19.5596
19.5932
19.6449
19.6997
19.7495
19.8029
19.8647
19.9259
19.9832
20.035
20.086
20.0453
19.828
19.4652
18.9258
18.412
18.3314
18.4135
18.5614
18.6886
18.7613
18.7921
18.8098
18.8232
18.8352
18.8427
18.8527
18.8746
18.914
18.9926
19.139
19.3391
19.5394
19.7612
19.8379
19.7373
19.4709
18.6638
18.0822
18.0241
18.0405
18.1799
18.4158
18.6101
18.7363
18.8377
18.9604
19.1179
19.2854
19.4487
19.5785
19.6443
19.6808
19.6795
19.5984
19.4799
19.3812
19.2565
19.1397
18.7489
19.8966
20.1286
20.4327
20.7579
20.9785
21.0454
21.016
20.9804
20.9907
20.9922
20.9764
20.6647
19.9034
19.2643
19.1555
19.1845
19.3286
19.5087
19.6173
19.6462
19.6503
19.6605
19.6928
19.7437
19.7997
19.8552
19.8991
19.9264
19.9311
19.8919
19.8282
19.7801
19.7093
19.4899
19.0095
18.4848
18.3792
18.4272
18.5292
18.6426
18.742
18.7892
18.7922
18.781
18.7682
18.7665
18.79
18.8393
18.9063
18.9871
19.1024
19.2677
19.481
19.7384
19.835
19.7404
19.4772
18.6953
18.0917
17.9875
17.9548
18.0229
18.1646
18.3544
18.5549
18.7321
18.8654
18.9965
19.1643
19.3816
19.5831
19.717
19.7276
19.611
19.4325
19.3119
19.2382
19.1492
19.0502
18.6522
19.933
20.1574
20.4388
20.7163
20.9037
20.9524
20.9329
20.958
21.0264
21.0383
21.0168
20.6576
19.8502
19.1732
19.0419
19.0928
19.2613
19.481
19.6524
19.7279
19.7303
19.7234
19.7362
19.7821
19.8442
19.8971
19.9135
19.8995
19.8297
19.7266
19.6474
19.6184
19.6456
19.5416
19.1199
18.6037
18.4321
18.423
18.4823
18.6026
18.723
18.7846
18.7792
18.7497
18.7185
18.7153
18.7583
18.8404
18.9348
19.0173
19.1005
19.2255
19.4493
19.7319
19.8666
19.8214
19.5329
18.7632
18.173
18.0379
17.9962
18.0341
18.1195
18.2494
18.4016
18.5533
18.6966
18.8463
19.0372
19.2823
19.5266
19.6697
19.6591
19.5164
19.3297
19.2838
19.2339
19.1452
19.0311
18.614
20.0268
20.2485
20.4733
20.6491
20.7551
20.8135
20.8612
20.9686
21.0739
21.1065
21.0507
20.6153
19.7745
19.0962
18.9435
19.0046
19.1872
19.4245
19.6296
19.7379
19.7466
19.742
19.7553
19.8029
19.8797
19.919
19.9188
19.853
19.7293
19.6271
19.574
19.5577
19.5953
19.5842
19.2344
18.7236
18.4844
18.4033
18.4506
18.5718
18.7016
18.7755
18.7758
18.7367
18.7023
18.7172
18.785
18.8854
18.9897
19.071
19.1331
19.2362
19.4558
19.7662
19.9491
19.9745
19.6397
18.8885
18.3241
18.171
18.14
18.1699
18.2285
18.3124
18.4168
18.5181
18.6237
18.7696
18.955
19.125
19.2149
19.2785
19.3278
19.3321
19.3123
19.3298
19.3412
19.2664
19.1424
18.7129
20.1661
20.3647
20.5036
20.5699
20.603
20.6743
20.7964
20.9754
21.1211
21.1769
21.0738
20.5799
19.7132
19.043
18.8826
18.9395
19.1117
19.341
19.5612
19.6978
19.7248
19.7313
19.7563
19.8076
19.8703
19.913
19.9164
19.8241
19.6889
19.5969
19.5382
19.5566
19.5764
19.6217
19.3242
18.8097
18.5331
18.4091
18.4439
18.5539
18.6827
18.772
18.7918
18.7594
18.7469
18.7715
18.8563
18.9777
19.0783
19.1512
19.2089
19.3189
19.5563
19.8635
20.0455
20.0817
19.7077
19.0055
18.4974
18.3722
18.3767
18.4439
18.5037
18.5577
18.6332
18.7476
18.8738
19.0077
19.0742
19.0502
18.9901
18.9607
19.0009
19.1406
19.3304
19.4923
19.569
19.5247
19.3966
18.9473
20.31
20.4587
20.4989
20.4981
20.5036
20.5724
20.7367
20.9692
21.147
21.2117
21.0931
20.5633
19.6806
19.0171
18.8614
18.9183
19.0733
19.2682
19.4526
19.5918
19.6491
19.6643
19.6929
19.7449
19.8101
19.8822
19.8956
19.829
19.7053
19.5916
19.5557
19.6047
19.6046
19.6504
19.3717
18.8517
18.5745
18.4587
18.4738
18.5703
18.6869
18.7773
18.8254
18.8304
18.8354
18.8853
18.9819
19.0957
19.1809
19.2485
19.3211
19.4541
19.6863
19.9344
20.0541
20.06
19.7134
19.0679
18.6057
18.5102
18.5764
18.7384
18.9034
19.0277
19.1265
19.2266
19.2946
19.2867
19.1789
19.0476
18.9408
18.8814
18.8828
19.0179
19.2832
19.6037
19.8279
19.919
19.8296
19.3961
20.4145
20.4918
20.4917
20.4741
20.4719
20.5348
20.6946
20.934
21.1269
21.2047
21.0813
20.5634
19.6786
19.0271
18.8781
18.9343
19.0759
19.2276
19.3473
19.4373
19.5004
19.536
19.5808
19.6266
19.7001
19.7916
19.836
19.8372
19.7403
19.6587
19.6463
19.6944
19.67
19.6658
19.383
18.8711
18.6143
18.5632
18.5525
18.6248
18.7205
18.809
18.8851
18.9403
18.9772
19.0319
19.1062
19.1877
19.2635
19.3442
19.4429
19.5879
19.7533
19.9052
19.9732
19.9598
19.6773
19.0966
18.6604
18.5884
18.6862
18.907
19.1552
19.35
19.4673
19.5256
19.5163
19.4167
19.2453
19.0662
18.9232
18.8519
18.8671
18.9693
19.2215
19.5633
19.847
19.9915
19.9341
19.5088
20.4587
20.491
20.484
20.478
20.4992
20.5725
20.7119
20.9044
21.0569
21.1416
21.0621
20.5876
19.7057
19.0668
18.9299
18.9799
19.0977
19.2091
19.2745
19.3024
19.317
19.337
19.3535
19.4006
19.515
19.6565
19.7569
19.7939
19.7747
19.7723
19.7894
19.8178
19.7827
19.6929
19.3945
18.8996
18.691
18.7075
18.6975
18.7315
18.7951
18.8753
18.9808
19.0786
19.1325
19.1763
19.2236
19.2774
19.3417
19.4389
19.5692
19.7133
19.8214
19.8743
19.8406
19.7856
19.553
19.0752
18.6757
18.6297
18.749
18.9848
19.2303
19.406
19.4806
19.4762
19.4307
19.3278
19.2132
19.0541
18.9254
18.8518
18.8583
18.981
19.1944
19.4469
19.6521
19.7685
19.677
19.2483
20.4586
20.4802
20.4808
20.5098
20.5744
20.6709
20.7692
20.8781
20.9803
21.0522
21.0349
20.6229
19.7506
19.1238
18.9942
19.0285
19.1141
19.1904
19.2172
19.2038
19.1772
19.1517
19.1478
19.2196
19.3475
19.5027
19.6346
19.7165
19.7885
19.8748
19.9438
19.9731
19.9332
19.7594
19.4374
18.928
18.7763
18.8155
18.8567
18.8577
18.8901
18.9621
19.0669
19.1792
19.2577
19.2847
19.295
19.3244
19.3906
19.5014
19.654
19.775
19.8263
19.778
19.6498
19.5418
19.3573
18.989
18.6762
18.6541
18.7699
18.9652
19.1439
19.2576
19.2964
19.259
19.207
19.1603
19.0884
19.0146
18.9538
18.9251
18.9417
19.047
19.2393
19.4526
19.5646
19.5665
19.4218
18.9756
20.4287
20.4601
20.4949
20.5754
20.6857
20.7909
20.8499
20.8837
20.9425
20.9781
20.9984
20.648
19.7913
19.1829
19.0561
19.0586
19.1096
19.1471
19.1408
19.1146
19.0906
19.0886
19.1405
19.2306
19.3231
19.3813
19.4611
19.5864
19.7382
19.8957
20.0306
20.1361
20.0912
19.8736
19.5329
18.9855
18.8525
18.8894
18.9534
18.9678
18.9829
19.0294
19.1213
19.2302
19.3232
19.352
19.3521
19.3714
19.4399
19.5606
19.69
19.7683
19.7458
19.6189
19.4262
19.2847
19.1539
18.903
18.6867
18.6857
18.7738
18.8727
18.9616
19.0366
19.0647
19.0286
18.9833
18.9683
18.9785
18.9906
19.0013
19.0287
19.0876
19.1755
19.294
19.4089
19.4303
19.327
19.1387
18.6891
20.3583
20.4286
20.5299
20.6618
20.8087
20.9053
20.9106
20.904
20.9331
20.9443
20.9674
20.651
19.8046
19.2259
19.0941
19.0591
19.0718
19.0634
19.0368
19.032
19.06
19.1478
19.2752
19.3625
19.3665
19.3314
19.3226
19.4054
19.6117
19.8766
20.0871
20.2034
20.217
20.0258
19.6893
19.0809
18.8516
18.8833
18.9805
19.01
19.0309
19.0633
19.1325
19.2279
19.3188
19.3631
19.3825
19.418
19.4861
19.5937
19.6832
19.7049
19.6066
19.4271
19.2293
19.0865
19.0014
18.857
18.7558
18.7465
18.7645
18.7746
18.8185
18.8315
18.8215
18.8131
18.8192
18.8489
18.8952
18.9357
18.9915
19.0839
19.212
19.3136
19.3609
19.4012
19.3483
19.2139
19.0253
18.5899
20.2638
20.3952
20.5607
20.7402
20.9053
20.9754
20.9569
20.9421
20.959
20.9504
20.9406
20.6184
19.7837
19.2428
19.1095
19.0403
19.0075
18.9758
18.9615
18.9933
19.1127
19.3253
19.4744
19.5082
19.4486
19.3599
19.3047
19.3174
19.4629
19.7618
20.061
20.234
20.2775
20.1948
19.8322
19.1743
18.7949
18.7944
18.894
18.9847
19.0364
19.0587
19.0986
19.1612
19.2536
19.3483
19.4004
19.456
19.5171
19.5732
19.5939
19.5239
19.3783
19.2259
19.0785
18.983
18.9491
18.8957
18.8448
18.7742
18.7665
18.6953
18.6677
18.6668
18.6881
18.7306
18.7702
18.8028
18.8344
18.889
18.997
19.1299
19.2614
19.3521
19.3705
19.3733
19.3098
19.1948
19.0211
18.6049
20.1464
20.3443
20.5632
20.7752
20.9444
21.0011
20.9884
20.9885
21.0125
20.9847
20.9173
20.5488
19.7132
19.2254
19.1107
19.0224
18.9792
18.948
18.9607
19.0539
19.2907
19.5267
19.6484
19.6271
19.5485
19.4483
19.3903
19.3888
19.4837
19.6774
19.956
20.1974
20.3194
20.3188
19.9469
19.2566
18.7598
18.6442
18.7298
18.8949
19.0065
19.0264
19.0299
19.0626
19.153
19.2852
19.4
19.4693
19.5105
19.5044
19.3976
19.2495
19.1277
19.0501
18.994
18.9781
19.0312
19.0194
18.8724
18.7694
18.7575
18.6491
18.5958
18.6024
18.644
18.7001
18.7544
18.789
18.8128
18.8593
18.9792
19.1272
19.2457
19.2964
19.322
19.3467
19.3172
19.2252
19.0519
18.6548
19.9842
20.2499
20.5191
20.7479
20.9075
20.9755
20.9985
21.0342
21.0751
21.0281
20.8974
20.4508
19.5963
19.1843
19.1254
19.0323
19.0028
19.0052
19.0661
19.2502
19.5053
19.6898
19.767
19.7316
19.6487
19.5736
19.5559
19.5986
19.6736
19.7636
19.9148
20.1284
20.3193
20.3667
20.0038
19.2688
18.7008
18.5211
18.5668
18.7424
18.9213
18.9787
18.9587
18.9709
19.0504
19.2075
19.3805
19.4647
19.4646
19.3477
19.1506
18.9957
18.9259
18.9334
18.9859
19.1147
19.2148
19.1006
18.858
18.7198
18.6627
18.6125
18.5978
18.6069
18.6309
18.6747
18.7353
18.7913
18.8333
18.8949
18.9757
19.0666
19.1398
19.1846
19.2518
19.3114
19.3151
19.2561
19.0853
18.7106
19.7444
20.084
20.393
20.6373
20.7933
20.8911
20.9734
21.0615
21.121
21.0588
20.8914
20.3453
19.4657
19.152
19.1551
19.1097
19.1248
19.1856
19.315
19.5038
19.6747
19.8016
19.8192
19.7916
19.7569
19.7358
19.7749
19.8428
19.887
19.9122
19.9927
20.1281
20.2841
20.3411
19.9927
19.2393
18.6502
18.4555
18.4693
18.6168
18.8051
18.9152
18.9183
18.9235
18.9905
19.1322
19.3141
19.4021
19.3626
19.1835
18.9588
18.8387
18.8227
18.9052
19.1053
19.3305
19.3651
19.1586
18.8147
18.588
18.5483
18.6025
18.6348
18.6413
18.641
18.6565
18.7045
18.7815
18.8705
18.946
18.9914
19.009
19.0109
19.062
19.1477
19.232
19.2701
19.2293
19.0672
18.7152
19.4053
19.8086
20.1529
20.4111
20.5908
20.7375
20.8995
21.0569
21.1405
21.0886
20.9067
20.2618
19.3399
19.1255
19.1909
19.2667
19.3678
19.4846
19.6126
19.7171
19.804
19.8318
19.8208
19.8311
19.8729
19.9276
19.9971
20.0377
20.0462
20.047
20.1149
20.2202
20.2769
20.2743
19.9704
19.231
18.6434
18.4456
18.4285
18.5474
18.7108
18.8446
18.9113
18.9224
18.9913
19.1201
19.2506
19.3142
19.2439
19.0446
18.8673
18.7804
18.8221
19.012
19.3026
19.4704
19.456
19.1366
18.7253
18.4639
18.4471
18.5506
18.6609
18.6768
18.6592
18.6502
18.6885
18.7861
18.9063
18.9919
19.0036
18.9651
18.9389
18.9704
19.0657
19.1595
19.2143
19.1901
19.043
18.7202
18.9788
19.4222
19.7868
20.0736
20.302
20.5129
20.7482
21.0028
21.1441
21.1305
20.945
20.2115
19.2601
19.0955
19.2182
19.4506
19.6706
19.8255
19.8878
19.9056
19.865
19.8204
19.824
19.8941
19.9963
20.1108
20.1781
20.1791
20.1703
20.1799
20.2437
20.3476
20.3244
20.2189
19.9503
19.2334
18.6683
18.5074
18.4554
18.5287
18.6585
18.7928
18.9124
18.985
19.0499
19.1376
19.2046
19.2052
19.1196
18.9799
18.862
18.8271
18.9443
19.213
19.4337
19.5273
19.4433
19.0881
18.6415
18.3741
18.3502
18.475
18.6293
18.6885
18.6779
18.6659
18.7033
18.802
18.9249
18.9958
18.9957
18.9626
18.9432
18.9551
19.0004
19.0616
19.1243
19.0989
18.9538
18.6508
18.497
18.9581
19.3356
19.6516
19.943
20.215
20.5099
20.8678
21.1227
21.2183
20.9937
20.18
19.243
19.0835
19.2536
19.5877
19.9363
20.1199
20.1263
20.0259
19.8976
19.8315
19.8606
19.9658
20.1226
20.2605
20.2978
20.2579
20.2401
20.2638
20.3433
20.4658
20.4134
20.2271
19.9511
19.2448
18.7161
18.5955
18.532
18.552
18.644
18.7718
18.9214
19.0704
19.1393
19.1608
19.1474
19.0799
19.0186
18.9694
18.9222
18.9685
19.1598
19.3589
19.4906
19.5084
19.3561
19.019
18.589
18.316
18.2671
18.3755
18.5449
18.6706
18.7059
18.711
18.7451
18.8221
18.9116
18.9616
18.9781
18.9915
18.9975
19.0053
19.01
19.0148
19.0107
18.956
18.7998
18.5049
18.0006
18.4601
18.8509
19.2009
19.5469
19.8745
20.2271
20.6865
21.0763
21.3037
21.0441
20.1552
19.2692
19.1227
19.3264
19.7153
20.0986
20.2828
20.2757
20.1077
19.9393
19.8786
19.9295
20.0564
20.24
20.3674
20.3472
20.3078
20.29
20.3185
20.3955
20.5114
20.4764
20.2901
20.0054
19.3162
18.7593
18.6432
18.6377
18.6131
18.6635
18.7773
18.9426
19.113
19.1979
19.176
19.0798
18.9797
18.9521
18.9539
19.0247
19.1824
19.3203
19.4161
19.4678
19.4066
19.2389
18.9636
18.5587
18.2844
18.2295
18.2941
18.4407
18.6133
18.738
18.7812
18.8006
18.8346
18.8813
18.9228
18.964
19.0229
19.0639
19.0815
19.0588
19.0192
18.964
18.866
18.69
18.4002
17.5255
17.9854
18.3989
18.788
19.1781
19.5603
19.9768
20.5233
21.0216
21.344
21.0852
20.1374
19.3145
19.2195
19.428
19.7977
20.1547
20.3222
20.2918
20.1513
20.015
19.9797
20.0425
20.1815
20.3379
20.4034
20.3732
20.3395
20.3274
20.348
20.4096
20.5107
20.5279
20.3964
20.0982
19.462
18.8114
18.7071
18.7204
18.7152
18.7284
18.815
18.9586
19.1069
19.1779
19.1375
19.0139
18.9121
18.8864
18.9878
19.1834
19.3324
19.387
19.4044
19.3746
19.2802
19.1349
18.9004
18.5362
18.2797
18.2256
18.252
18.3686
18.5493
18.7277
18.8411
18.866
18.8549
18.8671
18.9175
18.986
19.0653
19.1319
19.1474
19.1039
19.0191
18.9039
18.7636
18.573
18.2906
17.1194
17.5958
18.0482
18.4743
18.9047
19.347
19.8342
20.4161
20.9443
21.2866
21.0904
20.1252
19.3747
19.3445
19.5396
19.8517
20.1036
20.2474
20.2635
20.2198
20.1507
20.14
20.2029
20.307
20.3919
20.3923
20.382
20.3693
20.3608
20.3611
20.394
20.4817
20.5642
20.4789
20.2208
19.6323
18.9081
18.7859
18.8242
18.843
18.8442
18.8812
18.952
19.0451
19.083
19.0571
18.9533
18.8608
18.8973
19.0672
19.2659
19.3664
19.37
19.3397
19.2703
19.1825
19.0657
18.8546
18.521
18.2858
18.2376
18.2426
18.3383
18.5046
18.6897
18.8393
18.8886
18.8839
18.8929
18.9485
19.0348
19.1081
19.1562
19.1556
19.1095
19.0018
18.8644
18.715
18.5211
18.2489
16.8099
17.2878
17.7761
18.2679
18.755
19.2594
19.8052
20.3654
20.8551
21.1562
21.0634
20.1265
19.4454
19.4905
19.6573
19.8629
20.0029
20.097
20.1901
20.2755
20.3198
20.3376
20.3657
20.3901
20.3763
20.3697
20.3899
20.4047
20.3945
20.3707
20.3736
20.4422
20.5701
20.528
20.3267
19.7932
19.0263
18.8441
18.9135
18.9868
19.0012
18.9788
18.9492
18.9332
18.9282
18.899
18.8629
18.8666
18.9794
19.1403
19.2508
19.3176
19.3011
19.2515
19.1827
19.1153
19.0186
18.8253
18.5089
18.2988
18.2671
18.2661
18.3454
18.4849
18.6363
18.7723
18.8673
18.9168
18.9594
19.0169
19.093
19.1594
19.1738
19.1346
19.0628
18.9626
18.8489
18.7087
18.5227
18.2632
16.6064
17.0679
17.5838
18.1427
18.7093
19.2662
19.8356
20.3608
20.782
21.0213
21
20.1079
19.5228
19.6297
19.7413
19.8368
19.8904
19.9551
20.096
20.2804
20.4437
20.5183
20.4915
20.4138
20.344
20.3452
20.4026
20.4439
20.4253
20.3784
20.3535
20.4069
20.552
20.5438
20.4138
19.9125
19.1456
18.8988
18.9308
19.0611
19.147
19.1066
18.9662
18.8025
18.7016
18.6902
18.7667
18.9262
19.0809
19.1653
19.2255
19.2328
19.2289
19.2042
19.1477
19.0839
18.9926
18.8099
18.5072
18.3167
18.3009
18.3031
18.3671
18.4715
18.5827
18.6981
18.824
18.9384
19.0369
19.1052
19.1581
19.184
19.1439
19.0809
19.0146
18.9392
18.84
18.7169
18.5477
18.2992
16.5199
16.9621
17.4826
18.083
18.7291
19.3181
19.9151
20.4186
20.8029
20.9756
20.952
20.0888
19.5786
19.729
19.809
19.833
19.8341
19.8784
19.9964
20.2438
20.4915
20.616
20.589
20.4452
20.3288
20.3239
20.3955
20.4641
20.4492
20.3895
20.3434
20.3843
20.5292
20.5395
20.4663
19.9984
19.2374
18.9763
18.983
19.1084
19.2237
19.1888
18.9877
18.6836
18.4714
18.4589
18.6609
18.9531
19.1426
19.2151
19.197
19.1784
19.1694
19.1563
19.1109
19.0583
18.9776
18.7997
18.5002
18.3168
18.312
18.337
18.3961
18.4676
18.5473
18.6476
18.7752
18.9289
19.0653
19.1877
19.2413
19.1976
19.121
19.0429
18.9755
18.9044
18.8058
18.6868
18.5266
18.2841
)
;

boundaryField
{
    inlet
    {
        type            fixedValue;
        value           uniform 10;
    }
    outlet
    {
        type            zeroGradient;
    }
    bottom
    {
        type            symmetryPlane;
    }
    top
    {
        type            symmetryPlane;
    }
    obstacle
    {
        type            zeroGradient;
    }
    defaultFaces
    {
        type            empty;
    }
}


// ************************************************************************* //
