/*--------------------------------*- C++ -*----------------------------------*\
| =========                 |                                                 |
| \\      /  F ield         | OpenFOAM: The Open Source CFD Toolbox           |
|  \\    /   O peration     | Version:  v1912                                 |
|   \\  /    A nd           | Website:  www.openfoam.com                      |
|    \\/     M anipulation  |                                                 |
\*---------------------------------------------------------------------------*/
FoamFile
{
    version     2.0;
    format      ascii;
    class       volScalarField;
    location    "1.12";
    object      T;
}
// * * * * * * * * * * * * * * * * * * * * * * * * * * * * * * * * * * * * * //

dimensions      [0 0 0 1 0 0 0];


internalField   nonuniform List<scalar> 
4800
(
10.7309
7.03182
6.58496
7.34163
8.17348
9.0854
10.1611
11.2548
12.2645
13.012
13.5775
14.0253
14.4138
13.9965
12.5845
12.2021
12.3506
12.6334
12.9421
13.2612
13.5735
13.863
14.1244
14.3488
14.5515
14.7659
15.0093
15.2937
15.6245
16.0065
16.4428
16.9164
17.4169
17.9271
18.3059
18.5354
18.2968
17.3492
16.8968
16.9156
10.7293
6.79296
6.58424
7.3514
8.2078
9.15971
10.2234
11.2665
12.2111
12.9679
13.5556
14.0084
14.37
13.9648
12.5756
12.2036
12.375
12.6689
12.975
13.2768
13.5685
13.8466
14.0977
14.3245
14.5424
14.7759
15.0457
15.3559
15.7159
16.1134
16.5122
16.9158
17.3758
17.8631
18.2375
18.5099
18.2905
17.348
16.8982
16.9217
10.7272
6.70967
6.56663
7.35637
8.27295
9.27414
10.309
11.2602
12.1292
12.9056
13.5331
13.9822
14.2994
13.9101
12.557
12.2232
12.4221
12.7189
13.0134
13.2878
13.5541
13.8166
14.0659
14.3049
14.5508
14.8165
15.1203
15.4752
15.8591
16.2377
16.6053
16.9724
17.3681
17.805
18.1979
18.5515
18.3528
17.3997
16.941
16.993
10.7256
6.92396
6.55861
7.38733
8.35976
9.41098
10.3884
11.2437
12.0414
12.7966
13.4534
13.9243
14.2029
13.8186
12.5174
12.2327
12.4678
12.7657
13.0459
13.2942
13.5352
13.7794
14.0315
14.299
14.5807
14.8904
15.2492
15.6351
16.0097
16.372
16.709
17.0476
17.4037
17.8118
18.2136
18.6222
18.4494
17.4797
17.0235
17.1152
10.7232
6.62561
6.578
7.4485
8.45712
9.53076
10.4519
11.2249
11.9639
12.6628
13.3265
13.8181
14.0934
13.7113
12.4691
12.2297
12.5026
12.7995
13.069
13.2983
13.5124
13.7397
14.0048
14.3121
14.6544
15.0329
15.4244
15.7855
16.1376
16.49
16.8264
17.1668
17.5235
17.9171
18.3078
18.7211
18.5767
17.6027
17.1535
17.2905
10.7215
6.58687
6.61372
7.52566
8.5511
9.61436
10.4782
11.2107
11.9059
12.5412
13.1684
13.6717
13.977
13.607
12.4279
12.2174
12.5155
12.8121
13.0766
13.2903
13.4884
13.714
14.0016
14.3562
14.7787
15.21
15.5839
15.9117
16.2525
16.599
16.9616
17.3423
17.7265
18.121
18.4927
18.8654
18.7532
17.7844
17.3236
17.5234
10.722
7.14286
6.65683
7.60581
8.63432
9.66329
10.4916
11.2041
11.8683
12.452
13.0225
13.5152
13.858
13.5185
12.4019
12.205
12.5165
12.8058
13.0631
13.273
13.4738
13.7133
14.0292
14.4511
14.9303
15.3742
15.7163
16.0375
16.3631
16.7214
17.1318
17.5606
17.9837
18.3899
18.7439
19.0712
18.9915
18.035
17.5637
17.8248
10.7227
6.6636
6.71875
7.67164
8.6899
9.67843
10.4926
11.2039
11.8522
12.4002
12.9185
13.379
13.7397
13.4453
12.3897
12.1948
12.504
12.782
13.0347
13.2522
13.4766
13.7497
14.1164
14.5851
15.0814
15.4999
15.8414
16.1555
16.4922
16.8833
17.3311
17.8086
18.2774
18.6889
19.0326
19.327
19.2836
18.3459
17.8785
18.1531
10.7253
6.97512
6.76984
7.71786
8.71126
9.67147
10.4876
11.212
11.8547
12.3838
12.857
13.2821
13.6399
13.3876
12.3796
12.1898
12.4906
12.7473
13.0025
13.2432
13.5017
13.8228
14.244
14.731
15.2038
15.603
15.946
16.2842
16.6543
17.0878
17.5716
18.0776
18.5767
18.9919
19.3387
19.6179
19.6132
18.6922
18.2046
18.471
10.7283
6.77601
6.82391
7.73934
8.70271
9.65289
10.4757
11.2203
11.8658
12.3869
12.8361
13.2375
13.5826
13.3443
12.3543
12.165
12.4699
12.7182
12.9867
13.2584
13.5604
13.937
14.3902
14.8625
15.3015
15.6873
16.0592
16.4425
16.8632
17.3289
17.8258
18.3372
18.8504
19.2832
19.6522
19.93
19.9459
19.0242
18.4945
18.7462
10.7323
6.71247
6.86181
7.75056
8.68632
9.62955
10.4643
11.2245
11.8787
12.4048
12.8525
13.243
13.5767
13.3197
12.3062
12.1234
12.4394
12.7124
13.0037
13.3116
13.6673
14.0861
14.5322
14.9651
15.3787
15.7855
16.2025
16.6438
17.1033
17.5795
18.0628
18.5634
19.0848
19.5604
19.9716
20.2594
20.2755
19.3244
18.7392
18.9656
10.7374
7.09423
6.87817
7.75656
8.66897
9.60668
10.4569
11.2289
11.8945
12.4378
12.9049
13.3017
13.6224
13.3227
12.2496
12.0664
12.3883
12.7418
13.0749
13.4299
13.8312
14.2487
14.647
15.0451
15.461
15.9082
16.3785
16.8618
17.3386
17.8011
18.2597
18.7457
19.2786
19.8215
20.2945
20.6012
20.5944
19.5894
18.9162
19.1103
10.7407
7.13701
6.90065
7.75766
8.65171
9.58505
10.4513
11.2352
11.9169
12.4839
12.9772
13.3915
13.7076
13.3499
12.2081
12.0066
12.3417
12.7848
13.2074
13.6177
14.0247
14.3875
14.7405
15.1206
15.5572
16.0475
16.5628
17.0653
17.5405
17.9836
18.4219
18.8983
19.4429
20.0606
20.6087
20.9183
20.8857
19.8426
19.0455
19.213
10.7416
6.86199
6.9144
7.74675
8.63878
9.56713
10.447
11.2449
11.9453
12.5392
13.0611
13.4961
13.8021
13.3873
12.1949
11.9725
12.3331
12.8393
13.3685
13.8368
14.2021
14.5041
14.8238
15.2054
15.6653
16.1929
16.7283
17.2333
17.6984
18.1183
18.553
19.0322
19.5942
20.2787
20.8927
21.2029
21.1574
20.1195
19.1463
19.2885
10.7404
7.02152
6.92073
7.74231
8.62259
9.54806
10.4407
11.2561
11.9778
12.5974
13.1464
13.5959
13.8772
13.4196
12.202
11.9706
12.3407
12.9267
13.517
14.0134
14.3291
14.6013
14.9099
15.2991
15.7802
16.3215
16.858
17.3576
17.8037
18.2109
18.6555
19.1446
19.7332
20.4697
21.1306
21.4565
21.4102
20.4319
19.2521
19.3339
10.7358
6.62627
6.91875
7.72846
8.61424
9.53821
10.4408
11.2752
12.0177
12.6536
13.2203
13.666
13.9181
13.4419
12.2194
12.0037
12.403
13.044
13.6403
14.1133
14.3952
14.6723
14.9925
15.396
15.8868
16.4238
16.95
17.4309
17.8614
18.2785
18.7418
19.2501
19.8608
20.62
21.3161
21.6743
21.6343
20.7541
19.3896
19.3521
10.7289
6.61022
6.91361
7.72556
8.61638
9.54749
10.4569
11.3055
12.0634
12.7053
13.2695
13.6997
13.9402
13.4519
12.2368
12.0833
12.5506
13.1921
13.7391
14.1416
14.4274
14.7215
15.0623
15.4809
15.973
16.4968
17.0016
17.472
17.9028
18.3421
18.8265
19.3543
19.978
20.7344
21.4454
21.8393
21.8144
21.0554
19.5676
19.3594
10.722
6.5793
6.89853
7.72515
8.6271
9.5673
10.4822
11.3385
12.1015
12.7436
13.2929
13.7108
13.948
13.4571
12.27
12.2415
12.7509
13.3139
13.7865
14.1311
14.4344
14.7509
15.1136
15.5419
16.0302
16.5371
17.0343
17.505
17.9476
18.4098
18.9173
19.4601
20.0814
20.8149
21.5211
21.9396
21.9398
21.3051
19.756
19.3609
10.7152
6.93208
6.87241
7.72685
8.64298
9.59221
10.5074
11.3634
12.1207
12.7605
13.2983
13.7087
13.9463
13.4686
12.357
12.4391
12.9062
13.3918
13.7805
14.1067
14.4265
14.7646
15.1444
15.5788
16.0603
16.5617
17.0612
17.5413
18.0027
18.4874
19.0189
19.5706
20.1749
20.8663
21.547
21.9748
22.0102
21.4841
19.9321
19.3668
10.7088
6.57221
6.83992
7.72381
8.66263
9.61768
10.5279
11.3746
12.1231
12.7549
13.2843
13.696
13.9513
13.5073
12.5181
12.5912
12.999
13.3971
13.7485
14.081
14.4179
14.773
15.1617
15.5957
16.0724
16.5737
17.0828
17.5828
18.073
18.5821
19.134
19.6928
20.2704
20.8942
21.5299
21.9589
22.0453
21.6017
20.0808
19.3942
10.7048
6.58324
6.80843
7.72211
8.68039
9.64
10.5408
11.3731
12.1104
12.7289
13.252
13.6935
14.0087
13.5844
12.634
12.6735
13.0126
13.3615
13.7148
14.0635
14.416
14.7852
15.1784
15.607
16.0767
16.5761
17.0964
17.626
18.1573
18.6959
19.2606
19.8236
20.3666
20.9
21.4696
21.8974
22.0607
21.6793
20.2095
19.5087
10.7037
6.6405
6.76793
7.71142
8.69639
9.6574
10.5449
11.3621
12.0843
12.6952
13.2323
13.7324
14.1421
13.6241
12.6285
12.6947
12.964
13.3149
13.682
14.05
14.4195
14.8014
15.1985
15.6213
16.0809
16.574
17.1036
17.6624
18.2406
18.8209
19.3937
19.9419
20.4388
20.8926
21.3789
21.8094
22.0711
21.7492
20.3934
19.6985
10.7052
6.60771
6.7306
7.69835
8.70465
9.66725
10.5425
11.3404
12.0474
12.6613
13.2533
13.8541
14.2766
13.5863
12.5634
12.6422
12.9003
13.2566
13.638
14.0297
14.4226
14.8211
15.224
15.6407
16.0879
16.5718
17.1067
17.6921
18.3084
18.9303
19.5134
20.0287
20.4744
20.8708
21.3015
21.7362
22.085
21.8707
20.6285
19.8477
10.7092
6.70005
6.69377
7.68195
8.70623
9.67041
10.531
11.3044
12
12.6399
13.3354
14.0104
14.323
13.4736
12.4996
12.5384
12.8231
13.1847
13.5768
13.9921
14.4144
14.8359
15.2521
15.6647
16.1
16.5728
17.1061
17.7059
18.3453
18.9979
19.5914
20.0777
20.4868
20.8478
21.2563
21.6999
22.1445
22.0108
20.7956
19.9301
10.7137
6.48801
6.65736
7.65515
8.69982
9.66336
10.5044
11.2553
11.951
12.6532
13.439
14.1316
14.2783
13.3177
12.415
12.4386
12.7374
13.1036
13.5038
13.94
14.3928
14.8401
15.2726
15.6873
16.1102
16.5743
17.0986
17.6981
18.3492
19.0154
19.6191
20.0896
20.4784
20.8209
21.245
21.7113
22.2551
22.0772
20.8217
19.9409
10.7163
6.50095
6.6114
7.6167
8.68003
9.64447
10.4708
11.2073
11.914
12.6727
13.5083
14.1878
14.2008
13.1462
12.3093
12.3486
12.6585
13.0253
13.4293
13.88
14.3581
14.8314
15.2792
15.6962
16.1114
16.5676
17.0823
17.6713
18.3182
18.9844
19.6
20.0732
20.453
20.8043
21.269
21.7776
22.3338
22.0482
20.7369
19.9002
10.7168
6.58031
6.56777
7.57853
8.64849
9.6193
10.4456
11.1765
11.8865
12.6783
13.5284
14.1918
14.1152
12.9874
12.2086
12.2706
12.5916
12.9564
13.3589
13.8169
14.3125
14.807
15.2708
15.6905
16.0958
16.5425
17.0455
17.62
18.2516
18.9048
19.521
20.0116
20.4091
20.8006
21.2981
21.8344
22.2942
21.893
20.5456
19.7925
10.7151
6.46417
6.53353
7.54457
8.62108
9.60654
10.4379
11.154
11.8667
12.6692
13.5046
14.1366
14.0172
12.8426
12.1177
12.2099
12.54
12.902
13.3006
13.7579
14.2596
14.7669
15.242
15.6639
16.0587
16.4913
16.9816
17.5393
18.1483
18.7754
19.3789
19.9011
20.3318
20.7798
21.3042
21.7915
22.1013
21.5866
20.2347
19.619
10.7113
6.43558
6.51641
7.5311
8.61369
9.61226
10.441
11.147
11.8667
12.6569
13.4481
14.0175
13.8941
12.7087
12.0417
12.1655
12.4995
12.8563
13.2486
13.7008
14.2002
14.7103
15.1877
15.6073
15.9915
16.4081
16.8809
17.4149
17.9939
18.589
19.1733
19.7144
20.1864
20.6825
21.2062
21.6155
21.7273
21.158
19.8213
19.3804
10.7065
6.53202
6.50689
7.5348
8.63428
9.62638
10.4459
11.1544
11.8941
12.6584
13.3712
13.8715
13.7653
12.5909
11.9787
12.1354
12.4643
12.8128
13.1935
13.6324
14.1206
14.6233
15.0964
15.5103
15.8816
16.2773
16.7246
17.2257
17.7677
18.3263
18.8829
19.4207
19.9327
20.4489
20.926
21.2509
21.2252
20.6003
19.3497
19.0766
10.7002
6.55958
6.53018
7.569
8.67278
9.64671
10.4558
11.1656
11.9347
12.6668
13.2808
13.7116
13.6282
12.494
11.9132
12.1098
12.4289
12.7672
13.1301
13.5436
14.0068
14.4906
14.9539
15.3598
15.716
16.0838
16.4989
16.9625
17.4661
17.9861
18.5044
19.0193
19.5441
20.0582
20.4567
20.6823
20.6282
19.9165
18.7968
18.6777
10.6933
6.51642
6.55558
7.61381
8.72369
9.67428
10.4741
11.184
11.9705
12.6624
13.1986
13.5597
13.4871
12.4187
11.8451
12.0824
12.3863
12.714
13.056
13.4352
13.8588
14.3088
14.7511
15.1482
15.4919
15.8266
16.2047
16.6359
17.1108
17.5881
18.0539
18.526
19.0305
19.5221
19.8601
20.003
19.9339
19.1191
18.1422
18.1579
10.686
6.71399
6.60278
7.67016
8.77593
9.70494
10.5012
11.2147
12.0011
12.6515
13.1256
13.4408
13.3727
12.3701
11.778
12.0274
12.3296
12.6498
12.97
13.31
13.6838
14.0857
14.4909
14.8718
15.2075
15.5215
15.8694
16.28
16.7245
17.1532
17.563
17.9758
18.4378
18.9012
19.204
19.2882
19.1636
18.2366
17.4432
17.5545
10.6806
6.51358
6.65677
7.72576
8.81076
9.72196
10.524
11.245
12.0134
12.6269
13.063
13.3561
13.3067
12.358
11.7133
11.9401
12.2451
12.5708
12.8734
13.1768
13.4978
13.8404
14.1948
14.5464
14.8809
15.2012
15.5445
15.9317
16.3425
16.7251
17.0713
17.4206
17.835
18.2731
18.5536
18.6032
18.3592
17.329
16.7563
16.9149
10.6772
6.72936
6.71168
7.76579
8.82264
9.72869
10.5388
11.2636
12.0003
12.58
13.0074
13.3061
13.2832
12.3869
11.6574
11.8427
12.1391
12.4584
12.7629
13.044
13.3196
13.5998
13.8936
14.2089
14.5422
14.8953
15.2655
15.6451
16.0115
16.3345
16.6243
16.9274
17.3049
17.7117
17.9628
17.9878
17.5768
16.4914
16.1325
16.3009
10.6768
6.73298
6.75212
7.78527
8.81801
9.73058
10.5427
11.2667
11.9623
12.5209
12.9606
13.2811
13.2889
12.4509
11.6235
11.7477
12.0194
12.3289
12.6325
12.9134
13.1649
13.3963
13.6371
13.9103
14.2444
14.6473
15.0649
15.4398
15.7535
16.0207
16.2787
16.5644
16.9181
17.2713
17.4778
17.482
16.8783
15.8088
15.6207
15.7872
10.6776
6.82159
6.78272
7.79362
8.81196
9.73018
10.537
11.2579
11.9102
12.4622
12.9247
13.2686
13.3093
12.5254
11.614
11.6675
11.9069
12.2012
12.4982
12.7749
13.0258
13.2544
13.4709
13.7207
14.0622
14.4893
14.9185
15.2783
15.5693
15.8281
16.0919
16.3737
16.6898
16.9644
17.117
17.085
16.3099
15.3235
15.2514
15.4157
10.6797
6.57272
6.81503
7.79499
8.80452
9.72462
10.5211
11.2374
11.8555
12.4087
12.9005
13.268
13.3316
12.594
11.6201
11.6104
11.8176
12.092
12.3723
12.6436
12.9042
13.1508
13.3994
13.6791
14.0098
14.3893
14.7785
15.1505
15.478
15.7727
16.0482
16.3216
16.5741
16.7754
16.893
16.7966
15.8925
15.0243
15.0185
15.1917
10.6825
6.66031
6.83064
7.78765
8.7937
9.72033
10.5068
11.2084
11.8095
12.3652
12.8851
13.2736
13.3489
12.6491
11.6338
11.5793
11.7624
12.0191
12.2821
12.5442
12.8166
13.1087
13.415
13.7174
14.0132
14.3138
14.6512
15.0357
15.4336
15.7902
16.0903
16.3379
16.5271
16.677
16.779
16.6079
15.6339
14.8707
14.9144
15.1046
10.6851
6.6185
6.84915
7.7733
8.77826
9.70623
10.4919
11.1816
11.7828
12.337
12.8753
13.2859
13.3745
12.69
11.6483
11.569
11.7408
11.9832
12.2305
12.4854
12.7722
13.0987
13.448
13.7808
14.0688
14.338
14.6465
15.0157
15.4404
15.8502
16.1887
16.4258
16.5667
16.6815
16.7538
16.5158
15.5136
14.8063
14.874
15.0791
17.0906
17.3989
17.7017
17.989
18.3123
18.6589
18.9615
19.2256
19.4525
19.6623
19.8728
20.1209
20.4186
20.7483
21.0729
21.3279
21.5065
21.6088
21.671
21.7953
22.0743
22.5898
23.1989
23.607
23.6657
22.9129
21.2775
20.3029
20.1413
20.194
20.2897
20.3581
20.3752
20.3584
20.3437
20.3661
20.4465
20.555
20.6289
20.6161
20.5408
20.4296
20.3509
20.3689
20.4505
20.5437
20.5636
20.4804
20.3489
20.2207
20.1119
20.0916
19.8668
19.2749
18.7297
18.5715
18.5109
18.505
18.4834
18.3969
18.289
18.2376
18.2983
18.4989
18.8599
19.1836
19.3878
19.4379
19.377
19.3304
19.3665
19.4942
19.6706
19.8965
20.1614
20.2829
20.2476
20.066
19.4499
18.7905
17.1309
17.4443
17.7482
18.0562
18.3944
18.7458
19.0373
19.2825
19.5052
19.7217
19.9503
20.2126
20.5149
20.8379
21.1351
21.3674
21.5217
21.6367
21.7532
21.9443
22.307
22.8202
23.3222
23.5428
23.4205
22.4988
20.9473
20.2975
20.2047
20.2907
20.3925
20.4469
20.4547
20.4413
20.4419
20.4876
20.5831
20.6635
20.6837
20.6279
20.5342
20.4309
20.3754
20.398
20.487
20.5664
20.5707
20.476
20.352
20.2459
20.1347
20.0793
19.7686
19.1443
18.6869
18.5724
18.4976
18.4667
18.4276
18.3854
18.3468
18.3503
18.4562
18.6733
18.9065
19.1362
19.3078
19.3597
19.379
19.3932
19.441
19.5697
19.7315
19.9384
20.173
20.2656
20.2201
19.9902
19.3567
18.8087
17.217
17.5312
17.8368
18.1508
18.4835
18.7991
19.077
19.3257
19.5608
19.7979
20.0477
20.3258
20.6163
20.8857
21.1231
21.3283
21.4934
21.6501
21.837
22.1068
22.4493
22.8494
23.2099
23.3929
23.206
22.1856
20.6854
20.3005
20.27
20.3573
20.4368
20.4678
20.4753
20.4903
20.5322
20.6036
20.6789
20.7133
20.7035
20.6394
20.5514
20.471
20.4262
20.4394
20.4913
20.5274
20.4977
20.4316
20.3695
20.2924
20.1887
20.0964
19.7002
19.0239
18.62
18.519
18.4198
18.3833
18.3864
18.4207
18.463
18.5492
18.6765
18.7912
18.9048
19.0137
19.1497
19.2838
19.3955
19.4834
19.5478
19.6385
19.7518
19.9336
20.1546
20.2365
20.2131
19.984
19.3139
18.8351
17.3563
17.677
17.9905
18.3039
18.6121
18.8972
19.1706
19.432
19.6855
19.9354
20.2031
20.477
20.7107
20.9065
21.0836
21.2539
21.45
21.7131
22.0177
22.2788
22.4981
22.7941
23.0196
23.1234
22.8733
21.7201
20.4688
20.2958
20.3007
20.3713
20.4191
20.4409
20.4688
20.5206
20.5887
20.6571
20.6989
20.7134
20.7142
20.6828
20.6183
20.5618
20.5145
20.4899
20.4718
20.434
20.4006
20.4021
20.4098
20.3612
20.2569
20.0789
19.5772
18.878
18.5366
18.4387
18.3471
18.3369
18.3779
18.461
18.6239
18.8024
18.8905
18.8989
18.8758
18.8953
19.0048
19.2115
19.4173
19.5663
19.6457
19.6845
19.7682
19.9488
20.1502
20.2165
20.2177
19.9591
19.255
18.8471
17.5532
17.8897
18.2035
18.4963
18.7706
19.0413
19.3189
19.595
19.8559
20.1241
20.3805
20.5956
20.7508
20.8845
21.0122
21.1891
21.4781
21.8243
22.1287
22.317
22.46
22.6176
22.7462
22.7903
22.4527
21.1869
20.2861
20.2354
20.2305
20.2916
20.3279
20.3539
20.4083
20.4879
20.5635
20.6045
20.6242
20.6363
20.6593
20.6926
20.7402
20.7613
20.7
20.5723
20.4437
20.3388
20.322
20.3838
20.4406
20.439
20.3333
20.0263
19.4167
18.7164
18.4482
18.365
18.3148
18.3424
18.4174
18.5926
18.8212
18.9691
19.0028
18.9281
18.8436
18.8219
18.9069
19.0976
19.374
19.5906
19.699
19.7402
19.7987
19.9722
20.1517
20.2011
20.1978
19.8892
19.1648
18.8293
17.8091
18.1562
18.4517
18.7125
18.9646
19.2293
19.5129
19.797
20.0757
20.3284
20.5245
20.6542
20.7427
20.828
20.9607
21.2077
21.5421
21.8717
22.0671
22.1889
22.3046
22.3871
22.4173
22.3673
21.8609
20.6441
20.0685
20.0828
20.072
20.1228
20.1594
20.2091
20.2921
20.3889
20.4633
20.4914
20.4991
20.5175
20.5623
20.6742
20.8311
20.9305
20.897
20.7209
20.4629
20.3029
20.3124
20.4016
20.4937
20.5062
20.3729
19.9383
19.2166
18.5339
18.3674
18.3415
18.3595
18.413
18.558
18.7542
18.9188
19.0176
19.0085
18.9208
18.8323
18.8034
18.8625
19.0236
19.2491
19.5023
19.6624
19.744
19.832
19.992
20.1273
20.167
20.1302
19.7581
19.0282
18.7426
18.1055
18.4414
18.7083
18.9425
19.1739
19.4364
19.7287
20.0248
20.286
20.4761
20.5901
20.6503
20.7047
20.7939
20.9793
21.2554
21.5602
21.7959
21.8991
21.968
22.0656
22.1318
22.0714
21.9141
21.2312
20.1442
19.7989
19.8538
19.8535
19.9108
19.9675
20.0409
20.1389
20.2319
20.2845
20.3065
20.3222
20.3635
20.4677
20.6446
20.842
20.9499
20.9544
20.8203
20.5766
20.3701
20.3635
20.4478
20.5465
20.5328
20.352
19.8151
19.0023
18.3819
18.3078
18.3531
18.4486
18.5846
18.7246
18.8326
18.9224
18.9614
18.9419
18.8979
18.8504
18.8343
18.871
18.9748
19.138
19.3309
19.5329
19.6913
19.8193
19.9842
20.0639
20.0592
19.9806
19.5545
18.8434
18.6102
18.4192
18.718
18.9535
19.1664
19.3812
19.6453
19.9427
20.2268
20.4341
20.5375
20.58
20.6195
20.6844
20.821
21.039
21.2774
21.4672
21.592
21.677
21.7237
21.8041
21.8462
21.712
21.4442
20.6186
19.6835
19.5004
19.5976
19.6349
19.7058
19.7868
19.8793
19.9739
20.0447
20.0867
20.1169
20.1534
20.2282
20.3763
20.5813
20.7739
20.8875
20.9176
20.8374
20.7279
20.5996
20.5492
20.5823
20.5953
20.5163
20.2362
19.6399
18.7926
18.3036
18.2811
18.4029
18.629
18.8025
18.8638
18.8792
18.8551
18.8471
18.8768
18.9238
18.9347
18.9243
18.9226
18.9493
19.0256
19.1565
19.3624
19.5881
19.7719
19.9391
19.9864
19.9177
19.7784
19.3284
18.6666
18.4898
18.7173
18.9761
19.1762
19.371
19.5761
19.8356
20.1193
20.3619
20.4821
20.5294
20.5616
20.6106
20.716
20.8948
21.0892
21.2335
21.3219
21.3588
21.4153
21.493
21.568
21.5581
21.3754
21.0095
20.1127
19.3015
19.2147
19.3346
19.4495
19.5355
19.627
19.7241
19.8042
19.8587
19.902
19.946
20.0115
20.1223
20.2855
20.4771
20.6381
20.7436
20.8055
20.8156
20.8231
20.8718
20.8581
20.7991
20.6604
20.445
20.0633
19.4267
18.6095
18.2931
18.329
18.5661
18.8226
18.9464
18.948
18.8655
18.7944
18.7851
18.8402
18.9375
19.0404
19.0779
19.0445
19.0109
19.0214
19.0855
19.247
19.4781
19.6987
19.8926
19.9388
19.829
19.6414
19.1542
18.5346
18.4094
18.9808
19.1925
19.3735
19.5497
19.751
19.9907
20.2274
20.3855
20.4731
20.5217
20.5706
20.6528
20.8025
20.9703
21.0837
21.1325
21.1361
21.1524
21.1917
21.2812
21.3434
21.2872
21.0634
20.646
19.7703
19.0286
18.9607
19.0855
19.2812
19.4063
19.493
19.5755
19.6382
19.6846
19.7345
19.7998
19.8995
20.037
20.188
20.3267
20.4317
20.536
20.6493
20.7653
20.8805
21.0078
21.06
20.9685
20.7175
20.3641
19.9044
19.2173
18.5009
18.339
18.4781
18.7259
18.9269
19.0145
18.9794
18.8705
18.7959
18.795
18.8612
19.0067
19.1743
19.2569
19.2522
19.2045
19.1655
19.1808
19.2589
19.4409
19.668
19.8331
19.9122
19.8781
19.6461
19.0986
18.5146
18.4315
19.19
19.3845
19.548
19.7088
19.8904
20.0845
20.2387
20.3638
20.4644
20.5475
20.6337
20.7564
20.8922
20.9842
21.0098
20.9845
20.9752
20.9906
21.031
21.0716
21.1013
21.0375
20.7943
20.3831
19.5756
18.8411
18.7712
18.8971
19.1179
19.3025
19.3808
19.4343
19.4788
19.5255
19.5912
19.6889
19.8191
19.9568
20.0673
20.1416
20.2151
20.3314
20.4994
20.6985
20.8832
21.0433
21.1024
21.0078
20.7693
20.3721
19.8191
19.0539
18.5058
18.4769
18.6246
18.8149
18.9573
19.0202
18.9881
18.9262
18.8762
18.9038
19.0143
19.1943
19.3946
19.5526
19.5958
19.5623
19.5171
19.5014
19.5287
19.5942
19.7571
19.9289
20.0107
19.9591
19.698
19.1334
18.6107
18.5611
19.3601
19.5511
19.7061
19.8454
19.984
20.1092
20.2191
20.3395
20.4855
20.6259
20.7628
20.8704
20.9225
20.9244
20.8881
20.8596
20.8546
20.8775
20.8741
20.8678
20.8554
20.7938
20.5926
20.2208
19.4721
18.7282
18.6361
18.7629
18.9852
19.2019
19.2881
19.3022
19.3216
19.3825
19.4855
19.6181
19.7577
19.8667
19.925
19.9613
20.0225
20.1556
20.3742
20.6321
20.8532
20.9826
21.0227
21.0076
20.8412
20.4895
19.834
19.0144
18.6534
18.6644
18.73
18.8369
18.9289
18.9908
19.0212
19.0247
19.0618
19.1393
19.2434
19.3727
19.5318
19.7039
19.8403
19.8927
19.8792
19.8417
19.8256
19.8717
19.9867
20.1349
20.2418
20.2475
19.9818
19.4004
18.9221
18.8958
19.5164
19.702
19.8504
19.9529
20.0366
20.1112
20.2038
20.3548
20.5381
20.7507
20.897
20.9308
20.8864
20.83
20.7916
20.7766
20.7726
20.7494
20.7084
20.666
20.6374
20.5851
20.4653
20.1336
19.42
18.6709
18.5503
18.6686
18.8859
19.0989
19.1926
19.1804
19.1844
19.2706
19.4205
19.5757
19.6972
19.7614
19.7881
19.8058
19.8689
20.0249
20.2838
20.5699
20.774
20.8869
20.9968
21.067
21.0254
20.8539
20.1464
19.2662
18.9536
18.8801
18.8159
18.8416
18.8912
18.9741
19.0797
19.1855
19.2611
19.3249
19.3896
19.4612
19.5545
19.6983
19.8757
20.0262
20.0799
20.0679
20.045
20.0521
20.118
20.2472
20.3433
20.4203
20.2182
19.6434
19.2365
19.2285
19.6289
19.8433
19.9728
20.0348
20.0769
20.1276
20.2303
20.3992
20.6394
20.8592
20.9666
20.9367
20.8523
20.7678
20.7241
20.7119
20.6772
20.6173
20.5335
20.47
20.4597
20.4366
20.3892
20.0896
19.3968
18.6466
18.5151
18.6103
18.805
18.9972
19.08
19.0782
19.1014
19.2119
19.3864
19.5409
19.6287
19.6554
19.6649
19.6912
19.7842
19.9721
20.2357
20.4985
20.6689
20.8177
21.0208
21.297
21.428
21.4046
20.6917
19.6001
19.2217
19.0648
18.9369
18.8834
18.8937
18.9839
19.1409
19.3015
19.386
19.4347
19.4684
19.4993
19.5571
19.6543
19.7959
19.97
20.1146
20.17
20.1607
20.1771
20.2301
20.2847
20.2858
20.2916
20.1585
19.6161
19.2735
19.2801
19.6751
19.9539
20.0711
20.1055
20.1327
20.1853
20.3045
20.5073
20.7298
20.8943
20.9544
20.8987
20.8057
20.7149
20.6583
20.6273
20.5747
20.4802
20.3815
20.3212
20.334
20.3484
20.331
20.0663
19.3929
18.6444
18.5102
18.5758
18.7223
18.8821
18.9896
19.0348
19.0752
19.1936
19.3628
19.5093
19.5697
19.5738
19.5809
19.6369
19.766
19.9781
20.2182
20.4267
20.6065
20.8275
21.1557
21.529
21.6996
21.6517
20.897
19.7111
19.3291
19.2066
19.0802
18.9891
18.9565
19.0278
19.1825
19.3456
19.4397
19.4505
19.4482
19.454
19.4812
19.547
19.6719
19.8485
20.0386
20.1722
20.2093
20.2077
20.2266
20.2662
20.2703
20.254
19.9817
19.4071
19.0993
19.1154
19.6756
19.9916
20.1554
20.1893
20.2244
20.3035
20.4442
20.6073
20.7484
20.8439
20.857
20.8012
20.7247
20.6483
20.5747
20.5291
20.4465
20.3532
20.2789
20.2369
20.2561
20.2902
20.2844
20.0604
19.4098
18.6645
18.5115
18.5421
18.6328
18.7756
18.9195
19.0288
19.0962
19.1946
19.3223
19.4341
19.4956
19.5189
19.5572
19.6471
19.8105
20.0272
20.2292
20.4048
20.6222
20.9044
21.2473
21.6307
21.7551
21.6196
20.7919
19.628
19.3463
19.2775
19.2238
19.1438
19.0873
19.0976
19.1863
19.325
19.4405
19.4384
19.4098
19.4002
19.4102
19.4577
19.5568
19.7132
19.9016
20.0652
20.1689
20.2034
20.2341
20.2519
20.2384
20.1596
19.8173
19.182
18.8785
18.8983
19.6355
19.9729
20.1963
20.3008
20.385
20.4851
20.5746
20.6357
20.6818
20.6964
20.6875
20.6665
20.626
20.5689
20.4987
20.4114
20.3227
20.2654
20.2252
20.2031
20.2248
20.2615
20.2529
20.0657
19.4455
18.7114
18.5354
18.5006
18.5634
18.7019
18.8781
19.031
19.1398
19.2033
19.2645
19.3153
19.3885
19.4937
19.6147
19.7526
19.9355
20.1081
20.258
20.4197
20.6196
20.902
21.2377
21.6511
21.7312
21.4689
20.5987
19.4867
19.265
19.2795
19.3171
19.2905
19.218
19.1761
19.1827
19.2542
19.3448
19.386
19.3646
19.3528
19.3638
19.414
19.5096
19.6473
19.8035
19.9503
20.0718
20.1438
20.2148
20.237
20.2329
20.1259
19.6994
19.0366
18.7991
18.8305
19.5776
19.9371
20.2542
20.48
20.596
20.6338
20.6281
20.5983
20.554
20.51
20.506
20.5252
20.5288
20.4885
20.4063
20.3056
20.2356
20.2102
20.2036
20.2079
20.2356
20.2624
20.2384
20.0856
19.4974
18.7693
18.57
18.4834
18.5272
18.6632
18.8462
19.0435
19.1738
19.2043
19.1952
19.212
19.3059
19.482
19.7252
19.9687
20.1239
20.2061
20.2888
20.399
20.5641
20.8402
21.1984
21.5219
21.5443
21.158
20.2827
19.279
19.1111
19.2078
19.3396
19.3842
19.343
19.2619
19.2089
19.2098
19.2544
19.3308
19.3586
19.342
19.3614
19.4234
19.5292
19.6455
19.7394
19.833
19.9234
20.0329
20.1736
20.2348
20.2413
20.0994
19.6072
18.9553
18.7372
18.7648
19.5403
19.9218
20.3583
20.633
20.7344
20.6988
20.611
20.5126
20.403
20.3365
20.3271
20.3582
20.3863
20.367
20.3024
20.2256
20.1817
20.1818
20.2054
20.2344
20.2775
20.2966
20.2565
20.1304
19.559
18.8322
18.6228
18.5066
18.5433
18.6804
18.8576
19.0593
19.1823
19.1835
19.146
19.1609
19.2895
19.5557
19.9073
20.175
20.2984
20.3263
20.3574
20.4095
20.5137
20.7419
21.06
21.2684
21.2604
20.9002
20.0136
19.1107
18.9554
19.0766
19.2856
19.4132
19.4202
19.3561
19.2653
19.2194
19.2155
19.2683
19.3376
19.3786
19.4061
19.4759
19.5828
19.6714
19.7048
19.7274
19.7857
19.9024
20.0802
20.192
20.2071
19.9997
19.4741
18.8768
18.6799
18.7126
19.5506
19.9643
20.4212
20.6672
20.7408
20.6713
20.5352
20.3815
20.2612
20.1883
20.1713
20.1914
20.2217
20.233
20.2067
20.1705
20.157
20.1809
20.2229
20.2748
20.3432
20.3615
20.3164
20.1985
19.6321
18.9072
18.6968
18.5788
18.613
18.7455
18.9105
19.0791
19.163
19.1599
19.1494
19.1999
19.3745
19.6907
20.0172
20.2665
20.4009
20.427
20.3889
20.3695
20.4336
20.6136
20.8987
21.0704
21.0446
20.7052
19.8119
18.9993
18.8561
18.9593
19.1786
19.3792
19.457
19.424
19.3376
19.2607
19.2399
19.2689
19.3472
19.4458
19.4969
19.5748
19.6667
19.7047
19.6831
19.6757
19.6924
19.7851
19.9385
20.0281
19.9959
19.7742
19.3045
18.771
18.6161
18.6589
19.6641
20.0329
20.3796
20.5778
20.6293
20.5422
20.3955
20.2417
20.1338
20.0771
20.0642
20.0748
20.0941
20.1202
20.1346
20.1328
20.1416
20.1794
20.2383
20.3141
20.4105
20.4516
20.4134
20.2726
19.6918
18.9813
18.7876
18.6991
18.7291
18.8413
18.9771
19.0738
19.1318
19.1816
19.2386
19.358
19.5612
19.7912
20.0126
20.2129
20.3873
20.4633
20.4392
20.3825
20.4044
20.5441
20.7628
20.9129
20.8806
20.5289
19.6781
18.9573
18.8277
18.8913
19.0765
19.2969
19.436
19.4576
19.395
19.3354
19.3015
19.3331
19.4207
19.5375
19.6427
19.7134
19.7422
19.6932
19.6752
19.6333
19.6349
19.6816
19.7587
19.7908
19.7242
19.5734
19.1348
18.6401
18.5424
18.5981
19.8069
20.0488
20.2688
20.4194
20.4526
20.3801
20.2519
20.1359
20.0568
20.0246
20.0176
20.0194
20.0278
20.0455
20.0779
20.114
20.1493
20.1935
20.2574
20.3503
20.4628
20.5226
20.5061
20.3164
19.717
19.0239
18.8706
18.8431
18.8751
18.9568
19.0264
19.0666
19.1422
19.2514
19.4249
19.6167
19.7581
19.865
19.9581
20.0735
20.241
20.4022
20.4871
20.4715
20.4707
20.5684
20.701
20.7658
20.7114
20.3618
19.6243
18.9795
18.8449
18.869
19.0059
19.2001
19.3733
19.4516
19.4449
19.4074
19.399
19.428
19.5279
19.6489
19.7386
19.7813
19.7371
19.6468
19.5903
19.5798
19.5647
19.5809
19.6279
19.6696
19.6033
19.4193
18.98
18.5153
18.4632
18.5272
19.8594
19.992
20.1314
20.2296
20.2689
20.2497
20.1745
20.0982
20.0487
20.0176
20.0006
19.9977
20.0006
20.0152
20.0541
20.1063
20.1557
20.2011
20.2657
20.3775
20.5139
20.5922
20.5749
20.3353
19.7267
19.0469
18.9248
18.9466
18.9836
19.0257
19.0531
19.0999
19.194
19.4203
19.6835
19.8657
19.9425
19.9195
19.9059
19.9505
20.0749
20.2814
20.4852
20.6071
20.6452
20.7106
20.72
20.6704
20.5533
20.2299
19.6305
19.0507
18.8875
18.8731
18.9691
19.1181
19.287
19.4214
19.485
19.5032
19.5157
19.5629
19.6422
19.7378
19.7792
19.7446
19.6533
19.5378
19.4879
19.4511
19.4416
19.4807
19.5942
19.5789
19.4964
19.3318
18.8755
18.4353
18.4037
18.4736
19.8483
19.9019
19.9834
20.0503
20.1168
20.1608
20.1529
20.1086
20.0707
20.0401
20.0135
19.9976
19.9986
20.0207
20.062
20.12
20.1793
20.2224
20.2748
20.3903
20.5362
20.6176
20.5932
20.3292
19.715
19.0475
18.9525
18.9857
19.0187
19.0522
19.0836
19.1709
19.3646
19.6427
19.8756
20.006
20.0134
19.9515
19.8931
19.89
19.9662
20.1414
20.4211
20.6664
20.8372
20.907
20.8194
20.6605
20.4563
20.162
19.6909
19.1712
18.9647
18.9128
18.9547
19.0641
19.2072
19.3554
19.4973
19.6043
19.6499
19.6899
19.7258
19.7559
19.7227
19.6207
19.5213
19.4158
19.3346
19.3097
19.3224
19.4266
19.5323
19.5325
19.4719
19.3058
18.8115
18.4014
18.37
18.4407
19.7776
19.7784
19.8401
19.9076
19.9909
20.0886
20.1544
20.1433
20.1068
20.0666
20.0319
20.0136
20.0193
20.0524
20.115
20.1877
20.2561
20.2945
20.3293
20.4253
20.5574
20.6168
20.5743
20.3103
19.6833
19.013
18.9198
18.9625
19.013
19.0793
19.1753
19.3322
19.5628
19.7681
19.9261
20.0114
19.9974
19.9662
19.9293
19.9142
19.9372
20.0546
20.3231
20.6467
20.8576
20.9444
20.8761
20.6555
20.4101
20.1653
19.8104
19.3535
19.1209
19.0271
18.9933
19.055
19.1606
19.2988
19.479
19.6284
19.7251
19.757
19.742
19.6527
19.5209
19.3773
19.2917
19.2582
19.2406
19.2336
19.2629
19.3555
19.4962
19.5418
19.4947
19.3055
18.7718
18.3981
18.3656
18.4347
19.6899
19.6782
19.7298
19.8004
19.8921
20.0186
20.1393
20.183
20.1533
20.1053
20.0647
20.0498
20.0677
20.1216
20.2097
20.2989
20.3704
20.4072
20.4323
20.4993
20.6002
20.6221
20.548
20.2935
19.6553
18.9697
18.8607
18.9119
19.0056
19.1408
19.3055
19.498
19.6506
19.7596
19.8339
19.8891
19.9246
19.9623
19.9919
19.9964
19.9971
20.0523
20.1917
20.471
20.7293
20.8003
20.7193
20.5541
20.3681
20.192
19.9249
19.516
19.2683
19.1694
19.0876
19.0831
19.1394
19.2603
19.4105
19.5769
19.6885
19.6943
19.5802
19.4052
19.2072
19.1207
19.1283
19.1943
19.2266
19.2056
19.2047
19.3315
19.4944
19.5632
19.5328
19.3051
18.7389
18.3898
18.3679
18.442
19.6037
19.5944
19.6386
19.7075
19.8046
19.9418
20.0975
20.2011
20.1947
20.1521
20.1146
20.1084
20.1433
20.2165
20.3143
20.4112
20.486
20.5247
20.5431
20.5872
20.6563
20.6506
20.5591
20.3218
19.6737
18.9741
18.8501
18.8884
19.0115
19.2206
19.4253
19.5572
19.6152
19.643
19.6684
19.7215
19.8077
19.9007
19.9761
20.018
20.0449
20.0807
20.1047
20.1444
20.2233
20.2976
20.3405
20.3195
20.2404
20.1686
19.9397
19.5493
19.2784
19.2235
19.1418
19.1113
19.1231
19.1913
19.3291
19.46
19.5119
19.4508
19.2971
19.1387
19.0719
19.0877
19.1448
19.2133
19.2379
19.2073
19.2194
19.3558
19.511
19.5752
19.5531
19.2846
18.7039
18.3998
18.3988
18.4833
19.4941
19.5191
19.5739
19.6419
19.7367
19.8639
20.0292
20.1783
20.2185
20.203
20.1808
20.1905
20.2408
20.3258
20.4242
20.5194
20.5941
20.636
20.6524
20.6784
20.712
20.6997
20.6332
20.4021
19.7412
19.0432
18.9294
18.9861
19.149
19.3584
19.4979
19.5447
19.5331
19.5044
19.5135
19.5715
19.661
19.7585
19.87
19.9749
20.0406
20.0933
20.0507
19.8535
19.6036
19.4903
19.6065
19.866
20.0554
20.0929
19.8866
19.4921
19.1919
19.127
19.1014
19.095
19.0981
19.1374
19.1849
19.2118
19.1822
19.1299
19.0747
19.0508
19.0939
19.1452
19.1955
19.2306
19.2247
19.2266
19.2709
19.4056
19.535
19.5783
19.5453
19.2452
18.6812
18.4369
18.4535
18.5496
19.3563
19.4277
19.5062
19.5786
19.6725
19.7983
19.952
20.1128
20.2094
20.2338
20.253
20.2862
20.3545
20.4477
20.5423
20.6198
20.6772
20.7134
20.7358
20.7631
20.7901
20.7852
20.7524
20.5311
19.862
19.1929
19.1132
19.2017
19.3601
19.502
19.5677
19.5227
19.4456
19.4119
19.4362
19.4952
19.5681
19.6322
19.7046
19.8184
19.9382
19.9927
19.924
19.673
19.3507
19.1403
19.118
19.293
19.6191
19.8001
19.6524
19.2352
18.9285
18.9159
18.9729
19.0399
19.0841
19.0989
19.0598
19.014
18.9562
18.9449
18.9856
19.0691
19.1688
19.239
19.2465
19.2193
19.1987
19.2333
19.3224
19.4549
19.5728
19.584
19.5235
19.204
18.6781
18.4934
18.5184
18.6198
19.161
19.2832
19.394
19.4796
19.58
19.7153
19.8724
20.0303
20.1618
20.2428
20.3062
20.3814
20.4636
20.553
20.6357
20.7009
20.7455
20.7778
20.8129
20.8576
20.8956
20.9043
20.8993
20.697
20.0395
19.4318
19.3481
19.4146
19.5437
19.6138
19.5788
19.497
19.4125
19.3875
19.427
19.4937
19.5596
19.611
19.663
19.7259
19.7894
19.8128
19.7463
19.5515
19.2705
19.0638
19.0262
19.1208
19.284
19.4393
19.3248
18.8764
18.5037
18.4879
18.6656
18.8864
19.0234
19.0398
18.9819
18.8686
18.8245
18.8886
19.0199
19.1634
19.2805
19.3314
19.2706
19.2058
19.1801
19.2249
19.3285
19.4721
19.6056
19.6187
19.5244
19.1917
18.6923
18.5452
18.5654
18.6707
18.8586
19.053
19.2096
19.3215
19.4344
19.5796
19.7483
19.9199
20.0777
20.213
20.3259
20.4283
20.5319
20.6223
20.6993
20.7624
20.8073
20.8449
20.8994
20.9765
21.0447
21.0693
21.0844
20.9072
20.2788
19.6908
19.567
19.6115
19.6488
19.6401
19.5896
19.515
19.4512
19.4343
19.471
19.5377
19.5994
19.6414
19.6837
19.7263
19.7315
19.6875
19.5888
19.4584
19.2731
19.1193
19.0671
19.1374
19.2192
19.3115
19.2045
18.7665
18.3274
18.2101
18.3133
18.5988
18.8571
18.9323
18.8705
18.7982
18.8212
18.9462
19.1453
19.3098
19.377
19.3671
19.2905
19.2285
19.2108
19.2436
19.3618
19.4998
19.6186
19.6616
19.5604
19.1922
18.693
18.5703
18.5787
18.6807
18.4256
18.6989
18.9204
19.074
19.2105
19.364
19.5422
19.73
19.9171
20.1009
20.2734
20.4188
20.5443
20.6449
20.7278
20.8001
20.8597
20.9205
21.0079
21.1206
21.2363
21.2834
21.3241
21.1772
20.5275
19.9028
19.7678
19.7154
19.6773
19.6463
19.6184
19.5841
19.5498
19.5393
19.5557
19.6004
19.6542
19.7016
19.738
19.7436
19.6963
19.5756
19.4525
19.3744
19.3082
19.2251
19.1738
19.1886
19.2129
19.2184
19.1348
18.7452
18.3217
18.2074
18.227
18.3749
18.5938
18.7397
18.7635
18.7927
18.8794
19.0519
19.2777
19.4386
19.4585
19.4157
19.3292
19.3042
19.2952
19.3319
19.4252
19.5371
19.6371
19.6979
19.5716
19.1544
18.6771
18.553
18.5438
18.639
17.8805
18.2215
18.4996
18.707
18.8808
19.0538
19.24
19.443
19.6593
19.8843
20.1078
20.3061
20.4718
20.608
20.7223
20.8248
20.9158
21.0131
21.1353
21.2914
21.4705
21.5517
21.6219
21.4642
20.7431
20.0593
19.8755
19.7448
19.6816
19.6674
19.6744
19.6862
19.6788
19.6559
19.6485
19.6688
19.7037
19.7494
19.7695
19.7532
19.636
19.4542
19.3179
19.2917
19.3322
19.342
19.3109
19.2664
19.217
19.1321
19.0738
18.7672
18.3978
18.2681
18.2557
18.3125
18.3746
18.4725
18.6046
18.7322
18.899
19.1167
19.3204
19.4266
19.4581
19.4692
19.4545
19.4367
19.4416
19.4493
19.5071
19.5834
19.6215
19.6437
19.4815
19.0493
18.6013
18.4638
18.4261
18.5096
17.2631
17.6322
17.9533
18.2127
18.4289
18.6302
18.8381
19.0622
19.3065
19.567
19.8273
20.0672
20.2862
20.4899
20.6776
20.8456
20.9909
21.1301
21.2945
21.502
21.7488
21.8732
21.9584
21.7512
20.9241
20.1238
19.9095
19.7525
19.7028
19.7083
19.7415
19.7814
19.7996
19.7685
19.7399
19.7248
19.7297
19.7305
19.7581
19.7033
19.5376
19.3343
19.2168
19.2278
19.3142
19.4044
19.4065
19.3322
19.2141
19.0655
18.9829
18.7431
18.4796
18.3669
18.3126
18.2473
18.2159
18.2572
18.4183
18.652
18.907
19.121
19.2513
19.3382
19.4271
19.5258
19.6292
19.6518
19.6424
19.6451
19.6471
19.6263
19.5816
19.5364
19.3114
18.843
18.4185
18.3034
18.291
18.3808
16.6397
16.9986
17.3351
17.6369
17.9017
18.1408
18.377
18.6246
18.8967
19.1862
19.4707
19.7404
20.0105
20.2915
20.5741
20.838
21.0669
21.2725
21.4643
21.7049
22.0079
22.1842
22.2736
22.0238
21.077
20.154
19.9285
19.7923
19.76
19.7724
19.8089
19.8503
19.8733
19.8444
19.8007
19.7404
19.6991
19.6819
19.6684
19.576
19.426
19.2511
19.1638
19.1914
19.2923
19.4043
19.4358
19.3669
19.2077
19.029
18.9083
18.6894
18.5073
18.4011
18.3668
18.2105
18.1354
18.1747
18.2961
18.5519
18.8051
18.9783
19.0685
19.1842
19.3363
19.5259
19.717
19.852
19.8818
19.8487
19.795
19.676
19.5211
19.3539
19.0452
18.6043
18.2647
18.2002
18.2289
18.327
16.0966
16.4204
16.7426
17.0635
17.3696
17.6543
17.921
18.1969
18.4927
18.7999
19.1061
19.4085
19.7249
20.0662
20.4386
20.8071
21.1158
21.3564
21.58
21.8565
22.1945
22.4267
22.5118
22.2507
21.2297
20.2027
19.9749
19.8821
19.8622
19.8686
19.8831
19.8995
19.9038
19.8714
19.8253
19.7316
19.6347
19.5663
19.5033
19.4238
19.3282
19.2166
19.1592
19.1878
19.2734
19.3756
19.4021
19.3652
19.2233
19.0371
18.892
18.6605
18.4619
18.363
18.334
18.2068
18.1435
18.1774
18.3141
18.5319
18.6939
18.7786
18.8359
18.9586
19.1768
19.4639
19.7332
19.9433
20.0156
20.0005
19.9045
19.7026
19.4385
19.1788
18.8336
18.4236
18.1614
18.1324
18.182
18.2847
15.699
15.9885
16.2787
16.5837
16.9013
17.2207
17.5396
17.8549
18.1623
18.4813
18.8143
19.1598
19.5145
19.8928
20.3107
20.7213
21.0779
21.3646
21.6375
21.9562
22.3281
22.5919
22.6415
22.4051
21.3791
20.2733
20.047
20.0129
20.0108
20.0013
19.9755
19.9403
19.9036
19.8621
19.7966
19.6857
19.5478
19.437
19.367
19.309
19.2615
19.2306
19.2024
19.2147
19.2686
19.3174
19.3262
19.3396
19.2666
19.1088
18.9433
18.6595
18.3368
18.2559
18.2442
18.2295
18.2239
18.2722
18.4104
18.5656
18.6701
18.6878
18.7291
18.8144
18.9825
19.2384
19.5486
19.8069
19.9454
19.9843
19.9015
19.7031
19.4013
19.1112
18.7422
18.3588
18.1603
18.1622
18.2475
18.361
15.4573
15.7242
15.9902
16.2673
16.5648
16.8856
17.2208
17.5586
17.908
18.2762
18.6567
19.0455
19.4323
19.8184
20.2001
20.5903
20.9725
21.3263
21.6582
22.0094
22.3997
22.6853
22.6966
22.497
21.5134
20.3696
20.1443
20.151
20.1663
20.1364
20.0583
19.9588
19.8692
19.7981
19.7212
19.6083
19.4666
19.353
19.2722
19.221
19.2231
19.2596
19.2712
19.2597
19.2547
19.2409
19.241
19.2933
19.3132
19.2391
19.0368
18.6737
18.2226
18.0834
18.1172
18.2251
18.3368
18.4319
18.5292
18.6075
18.6339
18.6697
18.7326
18.8228
18.9294
19.048
19.2058
19.4144
19.6215
19.727
19.7465
19.6597
19.4426
19.1891
18.831
18.4749
18.338
18.394
18.502
18.6247
15.3607
15.6112
15.8586
16.1149
16.3863
16.6826
17.0076
17.3564
17.7376
18.1539
18.5927
19.0363
19.4432
19.8077
20.1498
20.4976
20.8604
21.257
21.6622
22.0449
22.4468
22.7214
22.7282
22.5348
21.6012
20.4558
20.237
20.2716
20.3099
20.2856
20.1737
19.9977
19.8224
19.6924
19.6157
19.5256
19.4205
19.3037
19.2029
19.1692
19.2133
19.2923
19.3404
19.3162
19.2441
19.1773
19.1726
19.2576
19.3316
19.3635
19.1438
18.6636
18.1363
17.9385
18.001
18.1908
18.4179
18.5846
18.6286
18.6362
18.6536
18.726
18.8058
18.8852
18.9486
18.9769
19.0026
19.0805
19.1721
19.3297
19.4583
19.4782
19.4047
19.2811
19.0319
18.7574
18.6194
18.6133
18.661
18.7843
15.3398
15.586
15.8225
16.0655
16.3237
16.6011
16.9071
17.2616
17.6687
18.1241
18.6103
19.087
19.5049
19.8571
20.171
20.4714
20.8015
21.2061
21.6551
22.0738
22.4909
22.7557
22.7495
22.551
21.6523
20.5133
20.2902
20.3395
20.3911
20.3777
20.2464
20.0215
19.7609
19.5748
19.5032
19.4506
19.4045
19.2834
19.1714
19.1417
19.2063
19.3008
19.3732
19.3643
19.2498
19.1356
19.1261
19.2138
19.3471
19.4342
19.2306
18.6736
18.0921
17.857
17.8902
18.1455
18.4699
18.6695
18.7112
18.6627
18.6687
18.7646
18.8975
18.9798
18.9597
18.8974
18.8542
18.843
18.8641
18.9095
19.0373
19.2874
19.503
19.5379
19.3449
19.0728
18.9108
18.8791
18.8799
19.0055
)
;

boundaryField
{
    inlet
    {
        type            fixedValue;
        value           uniform 10;
    }
    outlet
    {
        type            zeroGradient;
    }
    bottom
    {
        type            symmetryPlane;
    }
    top
    {
        type            symmetryPlane;
    }
    obstacle
    {
        type            zeroGradient;
    }
    defaultFaces
    {
        type            empty;
    }
}


// ************************************************************************* //
