/*--------------------------------*- C++ -*----------------------------------*\
| =========                 |                                                 |
| \\      /  F ield         | OpenFOAM: The Open Source CFD Toolbox           |
|  \\    /   O peration     | Version:  v1912                                 |
|   \\  /    A nd           | Website:  www.openfoam.com                      |
|    \\/     M anipulation  |                                                 |
\*---------------------------------------------------------------------------*/
FoamFile
{
    version     2.0;
    format      ascii;
    class       volScalarField;
    location    "0.4";
    object      p;
}
// * * * * * * * * * * * * * * * * * * * * * * * * * * * * * * * * * * * * * //

dimensions      [1 -1 -2 0 0 0 0];


internalField   nonuniform List<scalar> 
4800
(
121.965
11.2317
6.91569
6.92651
6.92095
6.91274
6.90285
6.89926
6.90023
6.90331
6.90893
6.91878
6.94001
6.97375
7.00943
7.03424
7.03617
7.01443
6.9772
6.93589
6.90082
6.87861
6.87206
6.87865
6.89437
6.91536
6.93484
6.95807
6.98519
7.01168
7.03912
7.06305
7.08083
7.08793
7.09028
7.09104
7.09561
7.10512
7.13131
7.14926
121.954
11.2175
6.91498
6.92665
6.92216
6.91773
6.90818
6.90199
6.89982
6.90173
6.90671
6.91901
6.94146
6.97184
7.00194
7.01999
7.01947
7.00071
6.97041
6.93782
6.91122
6.89546
6.8908
6.89554
6.90728
6.92391
6.93984
6.95889
6.9826
7.00568
7.02855
7.05049
7.06869
7.07967
7.08622
7.09163
7.0968
7.10542
7.12503
7.13652
121.941
11.1874
6.91287
6.93106
6.92855
6.92755
6.91613
6.90499
6.89935
6.89941
6.9065
6.92344
6.94655
6.97055
6.9888
6.99692
6.99334
6.98047
6.96219
6.94366
6.92906
6.91962
6.91528
6.91647
6.92274
6.93397
6.94459
6.96135
6.9788
6.99476
7.01358
7.03517
7.0559
7.07282
7.08689
7.0952
7.09908
7.10034
7.10849
7.11105
121.926
11.1486
6.91163
6.93653
6.93652
6.93761
6.9237
6.90943
6.9005
6.89896
6.90992
6.93043
6.95213
6.9672
6.9727
6.97059
6.96528
6.96039
6.95691
6.95491
6.95258
6.94793
6.94225
6.93861
6.93985
6.9458
6.95193
6.96384
6.97517
6.98499
6.99909
7.01982
7.0441
7.06747
7.08544
7.09796
7.10019
7.09348
7.08499
7.07539
121.906
11.1118
6.91115
6.93858
6.94108
6.94248
6.92987
6.91443
6.90437
6.90298
6.91715
6.93865
6.95563
6.96112
6.95558
6.94655
6.94281
6.94664
6.95782
6.97002
6.97585
6.9735
6.96632
6.95869
6.95528
6.95662
6.95994
6.96916
6.97611
6.98051
6.98958
7.00777
7.03388
7.06279
7.08585
7.09856
7.0972
7.0811
7.05744
7.03715
121.884
11.0835
6.91313
6.93888
6.93909
6.9414
6.93136
6.91872
6.91049
6.91447
6.93005
6.94842
6.95739
6.95327
6.9408
6.93013
6.9306
6.94409
6.96567
6.98476
6.99344
6.99207
6.98414
6.9747
6.96817
6.967
6.97036
6.97866
6.983
6.98371
6.98848
7.00221
7.02646
7.05934
7.08413
7.09505
7.08695
7.06357
7.03121
7.00641
121.862
11.0681
6.91773
6.93527
6.93036
6.93396
6.92936
6.92271
6.92155
6.93244
6.94821
6.95918
6.95808
6.94524
6.92974
6.92211
6.92937
6.95089
6.97643
6.99619
7.00488
7.00331
6.99537
6.9856
6.97835
6.97739
6.98004
6.98908
6.99462
6.99291
6.99516
7.00411
7.02346
7.05569
7.07874
7.08455
7.0701
7.04251
7.01038
6.98679
121.843
11.0657
6.92455
6.93071
6.91808
6.91976
6.9221
6.9251
6.93455
6.95293
6.96681
6.96814
6.95683
6.93866
6.92382
6.92256
6.93756
6.96261
6.98763
7.00513
7.01244
7.00927
7.00135
6.9929
6.98757
6.98834
6.98961
6.99807
7.00546
7.00536
7.00602
7.01153
7.02472
7.04917
7.06754
7.06733
7.04953
7.02321
6.99855
6.97996
121.822
11.0752
6.93133
6.92681
6.9046
6.90223
6.91039
6.92595
6.9487
6.9718
6.98157
6.97425
6.95579
6.93558
6.92383
6.92945
6.95022
6.97444
6.99498
7.00863
7.01354
7.01098
7.00498
6.99944
6.99749
6.99993
6.99939
7.00599
7.01464
7.01673
7.01908
7.02318
7.02885
7.04146
7.05024
7.04624
7.0314
7.01119
6.99671
6.98562
121.798
11.0916
6.93828
6.9244
6.89598
6.88663
6.89742
6.92481
6.9586
6.98423
6.99098
6.9787
6.95733
6.93767
6.92977
6.94087
6.9623
6.98239
6.99727
7.00648
7.01052
7.0105
7.00893
7.00812
7.00886
7.01043
7.00813
7.01157
7.02081
7.02689
7.03136
7.03191
7.03045
7.03028
7.02946
7.02594
7.01833
7.00864
7.00533
7.00492
121.768
11.1101
6.94488
6.92611
6.89426
6.87906
6.88708
6.92078
6.96068
6.98725
6.99358
6.98215
6.96314
6.94728
6.94266
6.95288
6.96877
6.98185
6.99056
6.99772
7.00465
7.01114
7.01649
7.02059
7.02199
7.0197
7.01436
7.01378
7.02237
7.03267
7.03794
7.03548
7.02683
7.01535
7.00756
7.00692
7.01045
7.01528
7.02453
7.03514
121.733
11.129
6.94963
6.93265
6.89943
6.8815
6.8821
6.9126
6.95284
6.98055
6.98833
6.98299
6.97189
6.963
6.95882
6.96147
6.96762
6.9713
6.97545
6.98428
6.99834
7.01384
7.02741
7.0361
7.03677
7.0285
7.01803
7.0137
7.01857
7.03014
7.03603
7.03058
7.01619
6.99943
6.98898
6.99242
7.00819
7.0302
7.05015
7.06692
121.693
11.1477
6.95174
6.94107
6.90975
6.88986
6.88608
6.9047
6.93683
6.96548
6.98034
6.98356
6.9831
6.98014
6.97379
6.96544
6.9581
6.95284
6.95562
6.96997
6.99293
7.01925
7.04005
7.05146
7.05032
7.03769
7.02242
7.0123
7.01036
7.01852
7.02417
7.0164
7.00025
6.98266
6.97481
6.98405
7.01041
7.04787
7.07569
7.09382
121.655
11.1687
6.95319
6.94958
6.92128
6.90286
6.89347
6.89793
6.91697
6.94456
6.96923
6.98541
6.99512
6.99551
6.98443
6.96472
6.9437
6.9314
6.93629
6.9583
6.99095
7.02531
7.05117
7.06453
7.06166
7.04633
7.02717
7.0109
7.00043
7.00162
7.00438
6.99645
6.98142
6.96839
6.9669
6.98162
7.01655
7.06354
7.09561
7.11336
121.622
11.1934
6.95412
6.95636
6.93085
6.91531
6.90201
6.89421
6.89814
6.92209
6.95578
6.98694
7.00513
7.00685
6.98967
6.96116
6.93038
6.91445
6.92361
6.95246
6.99154
7.03025
7.05792
7.07166
7.06735
7.05154
7.03139
7.01225
6.99194
6.98493
6.98353
6.97506
6.96367
6.95812
6.96607
6.98775
7.02682
7.07327
7.10363
7.11673
121.597
11.2229
6.95255
6.95759
6.93567
6.92359
6.90919
6.89481
6.88904
6.90519
6.9418
6.98418
7.01009
7.01006
6.98881
6.95682
6.92277
6.90845
6.9219
6.95407
6.99352
7.03116
7.05825
7.07011
7.06581
7.05243
7.03564
7.01436
6.98619
6.97151
6.96441
6.95753
6.95167
6.95532
6.97221
7.00027
7.03597
7.07417
7.09944
7.10744
121.584
11.2552
6.95154
6.95616
6.93344
6.92595
6.9141
6.89904
6.88964
6.89831
6.93016
6.97391
7.00387
7.00536
6.98299
6.95371
6.92532
6.91594
6.93147
6.9617
6.99566
7.02662
7.05009
7.06129
7.05935
7.0511
7.03676
7.01425
6.98356
6.96092
6.94992
6.94639
6.94839
6.95998
6.98421
7.01408
7.04175
7.06798
7.08564
7.09182
121.581
11.2891
6.94967
6.95227
6.9272
6.9236
6.91678
6.90674
6.89868
6.90084
6.92155
6.95648
6.98586
6.99194
6.97697
6.95519
6.94054
6.9376
6.95133
6.9741
6.99699
7.01704
7.0347
7.04564
7.0483
7.04481
7.03292
7.01138
6.98291
6.95654
6.94163
6.94191
6.95199
6.97083
6.99962
7.02469
7.04376
7.05723
7.06587
7.07096
121.59
11.3178
6.94715
6.94889
6.92227
6.91932
6.91711
6.9155
6.91159
6.90842
6.91604
6.9355
6.95855
6.97171
6.97209
6.96708
6.96599
6.96971
6.97734
6.98797
6.99678
7.0048
7.01469
7.02514
7.03319
7.03303
7.02489
7.00738
6.98309
6.9565
6.94013
6.94317
6.96006
6.98423
7.01313
7.03199
7.04086
7.04427
7.04523
7.04886
121.612
11.3354
6.94315
6.94685
6.92014
6.91609
6.91781
6.92294
6.92301
6.91676
6.90999
6.91417
6.92859
6.95029
6.97018
6.98658
7.0004
7.00634
7.00612
7.00174
6.99589
6.99169
6.994
7.00253
7.01345
7.01717
7.01378
7.00221
6.98251
6.95963
6.94533
6.95065
6.97318
6.99975
7.02267
7.03385
7.03398
7.0296
7.02796
7.03106
121.637
11.3384
6.93688
6.94569
6.92212
6.91697
6.91983
6.92775
6.92935
6.91982
6.90366
6.89345
6.90276
6.93251
6.97294
7.01134
7.03681
7.04329
7.03317
7.01417
6.99484
6.98082
6.97584
6.98126
6.99142
6.99777
6.99934
6.99378
6.98046
6.96532
6.95733
6.96757
6.99072
7.01338
7.02697
7.02988
7.02382
7.0158
7.01407
7.01948
121.665
11.3204
6.92863
6.94581
6.92988
6.92484
6.92447
6.9304
6.93048
6.9176
6.89621
6.88096
6.88712
6.92262
6.97931
7.03411
7.06708
7.07234
7.05436
7.02397
6.99387
6.97308
6.96325
6.96407
6.97104
6.97679
6.98274
6.98289
6.97738
6.97207
6.9732
6.99019
7.00885
7.02297
7.02757
7.02284
7.01215
7.00426
7.00445
7.01353
121.689
11.281
6.91893
6.94745
6.94255
6.93934
6.93202
6.93005
6.92508
6.91173
6.88982
6.87662
6.88314
6.92194
6.98652
7.04911
7.08511
7.08884
7.06669
7.03004
6.99395
6.96871
6.95605
6.95189
6.95423
6.95717
6.96456
6.96853
6.97267
6.97954
6.9929
7.01099
7.02241
7.02687
7.02208
7.01173
7.00043
6.99522
6.99887
7.01245
121.724
11.2277
6.90831
6.94995
6.95659
6.95643
6.94126
6.92804
6.91554
6.90179
6.88726
6.87992
6.88873
6.9278
6.9923
7.05423
7.08899
7.09145
7.06782
7.03071
6.99419
6.96877
6.95393
6.94509
6.94157
6.94046
6.94662
6.95313
6.96653
6.98819
7.01143
7.02633
7.03001
7.02535
7.0118
6.99776
6.98889
6.98806
6.99551
7.01107
121.77
11.1676
6.89653
6.95099
6.96775
6.97088
6.9496
6.92665
6.9079
6.89564
6.88974
6.89069
6.90319
6.93889
6.99358
7.04768
7.0781
7.08001
7.05895
7.02661
6.99592
6.97213
6.956
6.94324
6.93389
6.92836
6.93201
6.94147
6.96285
6.99566
7.02388
7.03542
7.03297
7.01922
6.99836
6.98232
6.97659
6.9809
6.99254
7.00974
121.828
11.1083
6.88197
6.9457
6.97115
6.97635
6.95346
6.92671
6.90599
6.89691
6.89827
6.90736
6.9234
6.95172
6.99133
7.03149
7.05596
7.05869
7.04351
7.02105
6.99813
6.97808
6.96063
6.94527
6.93159
6.92303
6.92448
6.93652
6.96405
7.00156
7.02985
7.03772
7.02902
7.00853
6.98405
6.96869
6.96548
6.9742
6.98962
7.00965
121.901
11.0561
6.86596
6.93106
6.96028
6.96904
6.95268
6.92864
6.91016
6.90575
6.91308
6.92642
6.94408
6.96283
6.98556
7.01103
7.02844
7.03297
7.02677
7.01618
7.00212
6.9852
6.96719
6.94867
6.93381
6.9248
6.92541
6.93941
6.97065
7.00514
7.02936
7.03227
7.01931
6.99748
6.97297
6.95908
6.95767
6.96921
6.986
7.00861
121.985
11.0154
6.85218
6.90921
6.9378
6.9519
6.9462
6.93177
6.92019
6.92045
6.93219
6.94839
6.9617
6.97038
6.97696
6.98821
7.00027
7.00917
7.01455
7.015
7.00792
6.99288
6.9734
6.95445
6.93996
6.93243
6.93387
6.94932
6.97766
7.00501
7.02138
7.02077
7.00828
6.98937
6.96839
6.95633
6.9554
6.96701
6.98283
7.00519
122.073
10.9866
6.84162
6.88525
6.9084
6.92661
6.93326
6.93336
6.93231
6.93837
6.95267
6.96866
6.97636
6.97378
6.96692
6.96627
6.97619
6.99295
7.00984
7.0189
7.01571
7.00076
6.98083
6.96294
6.95029
6.94492
6.94735
6.96265
6.98223
7.00092
7.00837
7.00618
6.99818
6.98539
6.97072
6.96136
6.95889
6.96831
6.98174
7.00165
122.161
10.9657
6.83346
6.86138
6.87643
6.89841
6.91845
6.93301
6.94303
6.9551
6.97065
6.98424
6.98634
6.97469
6.95812
6.94897
6.95945
6.98468
7.0114
7.02695
7.02574
7.01029
6.99047
6.97455
6.96457
6.96138
6.96445
6.97458
6.98475
6.99386
6.99409
6.99212
6.98968
6.98567
6.97923
6.97321
6.96867
6.97303
6.9824
6.99728
122.245
10.9453
6.82546
6.83831
6.84725
6.87244
6.9036
6.931
6.9505
6.96722
6.98342
6.99421
6.99162
6.97478
6.95278
6.93936
6.95092
6.98283
7.01669
7.03627
7.03553
7.01962
7.00065
6.98738
6.98188
6.98308
6.98419
6.98425
6.98685
6.98583
6.98166
6.98117
6.98452
6.98934
6.99207
6.99142
6.98606
6.98183
6.98533
6.99466
122.325
10.9197
6.81688
6.81874
6.82458
6.85229
6.89111
6.92736
6.95424
6.97382
6.98933
6.99849
6.99389
6.97474
6.95113
6.93705
6.9491
6.98391
7.02084
7.04133
7.04131
7.02711
7.00949
7.00033
6.99962
7.00333
7.00314
6.99624
6.99096
6.98077
6.97335
6.97522
6.98427
6.99665
7.00852
7.01288
7.00704
6.99602
6.99032
6.99409
122.403
10.8815
6.80899
6.80665
6.81071
6.8396
6.88174
6.92242
6.95314
6.97489
6.99018
6.99785
6.99316
6.97543
6.95289
6.94017
6.95037
6.98365
7.01918
7.03844
7.03882
7.02716
7.01457
7.01052
7.01327
7.01884
7.01847
7.00913
6.9963
6.98017
6.97067
6.97437
6.98862
7.00805
7.02529
7.03146
7.02493
7.01094
6.99828
6.9944
122.482
10.8221
6.8016
6.80171
6.80684
6.837
6.87815
6.91854
6.9507
6.9727
6.9871
6.99458
6.99133
6.97697
6.95787
6.94651
6.95255
6.97839
7.00818
7.02547
7.0277
7.02117
7.01572
7.01693
7.02198
7.02838
7.02775
7.02021
7.0039
6.98583
6.97528
6.98014
6.99778
7.02147
7.03942
7.0452
7.03856
7.02483
7.00744
6.99424
122.569
10.7389
6.79605
6.80412
6.8127
6.84383
6.88136
6.91868
6.94894
6.96984
6.98331
6.98998
6.9889
6.97912
6.96533
6.95433
6.95303
6.96601
6.98637
7.00174
7.0075
7.00903
7.01199
7.01842
7.02534
7.03221
7.03333
7.02652
7.01231
6.99729
6.98868
6.99465
7.01313
7.03489
7.04984
7.05462
7.04813
7.03482
7.0143
6.99219
122.666
10.6376
6.79337
6.81251
6.82729
6.85764
6.88917
6.9215
6.94837
6.96755
6.97971
6.98574
6.98678
6.98246
6.97402
6.96242
6.952
6.94918
6.95603
6.96733
6.97807
6.98943
7.00207
7.01424
7.02436
7.0321
7.03335
7.02851
7.02114
7.01345
7.00923
7.01536
7.03099
7.04638
7.05623
7.05858
7.05272
7.0399
7.01802
6.98987
122.764
10.5307
6.79192
6.82428
6.84702
6.87647
6.90026
6.92524
6.94833
6.96623
6.97744
6.98333
6.98561
6.9848
6.97898
6.96727
6.94885
6.93066
6.92225
6.92802
6.94473
6.96697
6.98868
7.00529
7.01927
7.02623
7.02791
7.02856
7.03038
7.0317
7.03293
7.03892
7.04895
7.05593
7.05936
7.05844
7.05303
7.04026
7.0179
6.98819
122.842
10.4327
6.79064
6.83486
6.86629
6.89475
6.91195
6.9296
6.94859
6.96582
6.97712
6.98249
6.98514
6.98701
6.98369
6.96957
6.94294
6.9116
6.89074
6.8919
6.91503
6.94671
6.97509
6.99479
7.01032
7.01548
7.01974
7.02849
7.03931
7.04871
7.05558
7.06133
7.06432
7.06328
7.0605
7.05667
7.05054
7.0375
7.01547
6.98668
122.901
10.3595
6.78964
6.84452
6.88306
6.91017
6.92158
6.93302
6.94865
6.96514
6.9767
6.98203
6.98531
6.98909
6.98687
6.96824
6.93324
6.89362
6.86669
6.86621
6.89515
6.93336
6.96453
6.98698
6.99879
7.00317
7.01118
7.02765
7.04528
7.06246
7.07454
7.07866
7.07544
7.06803
7.06039
7.05406
7.04678
7.03343
7.01214
6.98461
122.92
10.3157
6.78838
6.85008
6.89654
6.92282
6.93098
6.93809
6.95053
6.96547
6.97631
6.98156
6.9845
6.98812
6.98515
6.96371
6.924
6.8796
6.8491
6.84875
6.88171
6.92493
6.95809
6.98282
6.99231
6.99605
7.00558
7.02578
7.04757
7.06956
7.08569
7.08954
7.08309
7.07121
7.05948
7.05088
7.04296
7.03054
7.01111
6.98522
7.17786
7.15979
7.14195
7.11668
7.09725
7.08851
7.08854
7.08832
7.07989
7.05406
7.02314
6.99527
6.9798
6.98103
6.99124
7.00946
7.02861
7.04479
7.05346
7.06033
7.07247
7.08834
7.10803
7.12436
7.12839
7.11748
7.08969
7.04487
6.99388
6.95321
6.9336
6.93347
6.94777
6.96882
6.99371
7.02631
7.06751
7.11356
7.15128
7.18673
7.20675
7.20632
7.18303
7.13317
7.0635
6.99676
6.96193
6.95583
6.97791
7.02754
7.08023
7.12267
7.1431
7.14496
7.14493
7.15533
7.17492
7.19472
7.19888
7.18922
7.14847
7.09324
7.05862
7.05613
7.0813
7.13877
7.2007
7.23016
7.21668
7.17524
7.12088
7.05644
7.01382
6.99978
7.00315
7.0288
7.06591
7.09768
7.11473
7.12724
7.14633
7.13334
7.11601
7.09606
7.08537
7.08528
7.08842
7.08895
7.07389
7.04441
7.0141
6.99057
6.98268
6.99355
7.01302
7.03278
7.0506
7.06294
7.07039
7.07666
7.08527
7.09628
7.10677
7.11132
7.1084
7.09442
7.06609
7.02604
6.98481
6.95502
6.9455
6.95
6.96772
6.99079
7.0164
7.04798
7.08752
7.13069
7.1625
7.18956
7.20029
7.19429
7.1621
7.10639
7.04538
6.9908
6.96606
6.96659
6.99605
7.04583
7.09431
7.12917
7.14596
7.15018
7.15306
7.15986
7.17258
7.18858
7.19003
7.16648
7.12901
7.09454
7.07369
7.0777
7.10731
7.16069
7.20113
7.21109
7.18869
7.14395
7.09841
7.04974
7.01867
7.01067
7.02657
7.04937
7.07016
7.08744
7.09774
7.10511
7.11325
7.10018
7.08858
7.07908
7.07875
7.08375
7.0858
7.08481
7.06545
7.03761
7.01289
6.99784
6.99791
7.01257
7.03402
7.05442
7.0714
7.08326
7.09237
7.0966
7.09964
7.09825
7.09765
7.09561
7.08975
7.07391
7.04478
7.01116
6.98673
6.96991
6.96361
6.9691
6.98591
7.00887
7.03594
7.06955
7.10893
7.14418
7.16781
7.18187
7.18581
7.17307
7.13632
7.08524
7.03959
7.00144
6.98234
6.98649
7.01477
7.05671
7.09945
7.13238
7.15283
7.16492
7.16739
7.16263
7.15853
7.16937
7.15742
7.13141
7.11557
7.11282
7.10985
7.11928
7.14429
7.17018
7.18196
7.17541
7.15324
7.11607
7.08431
7.05791
7.03693
7.04043
7.05382
7.06582
7.07026
7.07043
7.07092
7.07205
7.07102
7.05932
7.05711
7.06338
7.07302
7.07993
7.08014
7.07554
7.05637
7.03507
7.01918
7.01326
7.01895
7.03447
7.05526
7.0772
7.09678
7.11034
7.11575
7.1157
7.10969
7.0978
7.08314
7.06951
7.05681
7.03991
7.01873
7.00554
6.99617
6.98997
6.98686
6.99296
7.00801
7.03216
7.06218
7.09623
7.13264
7.15797
7.17133
7.17227
7.1668
7.14403
7.10617
7.06828
7.03774
7.01885
7.0079
7.01515
7.03733
7.06949
7.10501
7.13766
7.16478
7.18104
7.17888
7.16584
7.15173
7.13812
7.11947
7.10718
7.11556
7.14414
7.16052
7.17291
7.18066
7.17409
7.15407
7.12766
7.10505
7.08301
7.06658
7.06601
7.06609
7.07042
7.07279
7.07384
7.07145
7.06474
7.0572
7.05134
7.02881
7.02197
7.03166
7.05025
7.06647
7.07428
7.07259
7.06385
7.04948
7.03883
7.03313
7.03481
7.04261
7.05544
7.07258
7.09501
7.11661
7.13347
7.13714
7.12971
7.11314
7.08968
7.06368
7.03987
7.02162
7.01001
7.00401
7.0071
7.01202
7.01325
7.01177
7.01626
7.02902
7.05383
7.08663
7.11915
7.14979
7.1684
7.17253
7.16443
7.14294
7.1133
7.08301
7.06019
7.04279
7.03963
7.04508
7.0514
7.0606
7.07966
7.11084
7.14395
7.17953
7.19626
7.19102
7.16823
7.13402
7.10208
7.08747
7.09657
7.12804
7.17748
7.21216
7.22799
7.21379
7.17719
7.12301
7.07746
7.05991
7.0593
7.06527
7.08394
7.09476
7.09393
7.08759
7.08109
7.0699
7.0548
7.03998
7.02716
6.99656
6.99521
7.01333
7.03876
7.05733
7.06435
7.06032
7.05147
7.04654
7.04906
7.05436
7.06022
7.06556
7.07325
7.08569
7.10684
7.12709
7.14547
7.14941
7.13729
7.10905
7.07397
7.03791
7.00874
6.99247
6.9889
6.99701
7.01355
7.02962
7.03699
7.03744
7.03894
7.04927
7.07271
7.10516
7.13651
7.16072
7.17293
7.17104
7.14969
7.11854
7.08941
7.07085
7.05966
7.05855
7.07677
7.08809
7.08497
7.08072
7.08891
7.11567
7.15059
7.19216
7.20976
7.19647
7.1634
7.11334
7.07637
7.06884
7.09861
7.15229
7.22116
7.26336
7.2696
7.23955
7.17387
7.09736
7.04076
7.02437
7.03863
7.06756
7.09689
7.1107
7.10696
7.0955
7.0804
7.06224
7.0416
7.024
7.00877
6.97886
6.9837
7.00496
7.02834
7.04447
7.04988
7.04615
7.04277
7.04884
7.06407
7.07773
7.0838
7.08375
7.08503
7.09332
7.10956
7.12524
7.14293
7.1479
7.13427
7.10192
7.058
7.01447
6.98736
6.97616
6.97878
6.99669
7.02095
7.04384
7.056
7.05827
7.05806
7.06562
7.08474
7.11295
7.14313
7.16273
7.173
7.16363
7.13204
7.09949
7.07543
7.06776
7.06746
7.09027
7.11504
7.1223
7.1102
7.0982
7.09909
7.12024
7.15327
7.199
7.2173
7.20243
7.15933
7.09983
7.06539
7.06902
7.11028
7.18616
7.26239
7.29956
7.28929
7.24397
7.16456
7.07939
7.02048
7.00143
7.02161
7.06421
7.09753
7.11274
7.10778
7.09519
7.07341
7.04928
7.02969
7.01542
7
6.97532
6.9852
7.00259
7.0206
7.03126
7.03411
7.03419
7.04028
7.05603
7.07942
7.09833
7.103
7.09837
7.09344
7.09362
7.10263
7.11156
7.12545
7.13036
7.11628
7.08311
7.03842
6.99895
6.98075
6.9716
6.97866
7.00098
7.02829
7.05526
7.071
7.07546
7.07448
7.07642
7.0887
7.11166
7.13846
7.15528
7.16379
7.14884
7.11456
7.08854
7.07233
7.07342
7.09402
7.12548
7.13933
7.14223
7.1268
7.11236
7.10931
7.12536
7.15239
7.19611
7.2133
7.19562
7.15127
7.10044
7.07367
7.08721
7.13841
7.22373
7.28889
7.31554
7.29489
7.23411
7.15212
7.0701
7.01671
7.00298
7.01688
7.05148
7.08615
7.09949
7.09595
7.07835
7.05632
7.03795
7.02533
7.01592
7.00325
6.9853
6.99603
7.00823
7.01663
7.01974
7.02047
7.02519
7.04175
7.06591
7.09143
7.11311
7.11519
7.10742
7.09714
7.08864
7.08853
7.08789
7.09341
7.09542
7.08359
7.05819
7.02617
7.00029
6.98533
6.97943
6.988
7.0094
7.03559
7.06261
7.08065
7.08555
7.08252
7.07993
7.08462
7.10219
7.12561
7.13908
7.14488
7.1305
7.1016
7.08593
7.08031
7.09664
7.12576
7.14731
7.1495
7.14962
7.13607
7.12287
7.11901
7.13031
7.1516
7.18288
7.19459
7.17726
7.14273
7.11174
7.10239
7.12194
7.17781
7.24626
7.29473
7.30734
7.27995
7.22061
7.14047
7.06923
7.03103
7.02342
7.02368
7.03691
7.06124
7.073
7.068
7.05426
7.04253
7.0347
7.02913
7.02494
7.01732
7.00605
7.01452
7.01808
7.01561
7.01236
7.01051
7.0206
7.04565
7.07403
7.09781
7.11801
7.11773
7.10872
7.09328
7.07722
7.06821
7.05793
7.0515
7.04818
7.04392
7.03595
7.02542
7.01257
7.00194
6.99969
7.0069
7.02328
7.04409
7.06581
7.08198
7.08623
7.08194
7.07496
7.07461
7.08481
7.10162
7.11116
7.11579
7.10879
7.09351
7.08887
7.09992
7.12684
7.14848
7.15332
7.14899
7.14613
7.13654
7.1285
7.12583
7.13364
7.14812
7.15764
7.16297
7.15444
7.14006
7.13696
7.14433
7.1723
7.21485
7.25527
7.27394
7.26956
7.24205
7.18894
7.12704
7.08201
7.0609
7.04684
7.03201
7.02295
7.02689
7.03241
7.03267
7.03232
7.0363
7.04089
7.04077
7.04079
7.03714
7.03507
7.0383
7.03168
7.01933
7.01193
7.00603
7.01936
7.04785
7.07703
7.09789
7.11498
7.11286
7.10328
7.08636
7.06372
7.04518
7.02631
7.00918
7.00266
7.00939
7.02094
7.0292
7.03002
7.02863
7.02997
7.03582
7.04286
7.0523
7.06433
7.075
7.07821
7.07502
7.06586
7.05962
7.06167
7.06603
7.07237
7.07939
7.08563
7.08925
7.09597
7.12433
7.15154
7.15856
7.15131
7.14125
7.13606
7.1314
7.12962
7.12961
7.1328
7.13344
7.12111
7.12131
7.12976
7.14114
7.1575
7.19067
7.22123
7.23947
7.24184
7.22758
7.20126
7.17412
7.14013
7.11426
7.10418
7.09128
7.06848
7.04292
7.01801
6.99975
6.99475
7.00128
7.01303
7.02718
7.04062
7.05173
7.05936
7.06395
7.0673
7.0642
7.0456
7.02583
7.01412
7.00653
7.01823
7.04624
7.07418
7.09366
7.10651
7.10504
7.09656
7.07778
7.04954
7.02233
6.99681
6.97387
6.96773
6.98318
7.0086
7.03253
7.04859
7.0584
7.0653
7.06805
7.06642
7.0634
7.06201
7.06436
7.06747
7.06356
7.05363
7.04206
7.03268
7.02398
7.02551
7.03962
7.06107
7.08148
7.11181
7.14693
7.165
7.16238
7.14555
7.12983
7.12199
7.12178
7.12594
7.12959
7.12554
7.10271
7.07745
7.07843
7.1025
7.1397
7.19113
7.23374
7.25195
7.24237
7.20614
7.15705
7.1117
7.0912
7.09015
7.11103
7.12491
7.11694
7.0929
7.04977
7.0098
6.98225
6.97321
6.98214
7.00371
7.02861
7.05072
7.06854
7.07711
7.08269
7.0957
7.08556
7.05764
7.03353
7.01765
7.01057
7.01768
7.04067
7.06595
7.08518
7.09523
7.09666
7.08926
7.06977
7.03675
7.00247
6.97175
6.95033
6.94621
6.96299
6.9962
7.03354
7.06538
7.08772
7.10027
7.10033
7.08928
7.07582
7.0634
7.05787
7.05653
7.05319
7.04051
7.02339
7.00054
6.98114
6.98029
7.00199
7.03885
7.08039
7.12769
7.15923
7.16769
7.157
7.13514
7.11395
7.10496
7.10888
7.11745
7.12035
7.10406
7.06323
7.03818
7.04149
7.0768
7.14813
7.21546
7.25509
7.25627
7.22043
7.15024
7.08175
7.04131
7.03618
7.06976
7.11187
7.13257
7.13217
7.10188
7.05284
7.00844
6.98053
6.97156
6.97883
7.00125
7.0337
7.06018
7.07605
7.08128
7.0859
7.11408
7.09633
7.0649
7.04102
7.025
7.01863
7.01849
7.02938
7.05034
7.07112
7.08438
7.08846
7.08267
7.06466
7.02932
6.99092
6.9582
6.93681
6.93416
6.94899
6.98411
7.03197
7.07952
7.11469
7.13199
7.13082
7.11402
7.08903
7.06871
7.05626
7.05181
7.04449
7.02725
7.00428
6.96884
6.94483
6.94533
6.97337
7.01987
7.08224
7.1346
7.1581
7.15773
7.14479
7.12027
7.09963
7.09342
7.09916
7.10417
7.10109
7.07414
7.03053
7.01077
7.01607
7.05697
7.14556
7.22059
7.24994
7.23149
7.17254
7.08957
7.02774
7.00787
7.02539
7.06725
7.11163
7.13764
7.13404
7.10662
7.06156
7.01845
6.99353
6.98829
6.99614
7.01587
7.04266
7.06194
7.07015
7.07114
7.07425
7.11514
7.09628
7.0669
7.04483
7.03216
7.02427
7.0183
7.01501
7.02927
7.0525
7.07353
7.08313
7.08024
7.06191
7.02841
6.98942
6.95551
6.93226
6.92737
6.94056
6.97485
7.02821
7.08811
7.13516
7.15765
7.15671
7.13792
7.10695
7.07969
7.06088
7.05038
7.03639
7.01588
6.98354
6.94346
6.92207
6.92488
6.95364
7.00854
7.07974
7.1287
7.14561
7.1397
7.12435
7.10244
7.08871
7.08837
7.09163
7.08851
7.07647
7.04806
7.01426
6.99733
7.00251
7.04498
7.12726
7.19566
7.21353
7.184
7.11974
7.04843
7.00771
7.00438
7.02868
7.06521
7.10564
7.12803
7.12553
7.10831
7.0782
7.04497
7.02469
7.02324
7.02948
7.03943
7.04916
7.05277
7.05183
7.04815
7.05018
7.10627
7.08944
7.06681
7.04952
7.03776
7.02705
7.01535
7.00574
7.00815
7.03237
7.06211
7.08037
7.08109
7.06239
7.03197
6.99544
6.95911
6.93325
6.92697
6.93926
6.97084
7.02347
7.08857
7.14415
7.17198
7.17491
7.15817
7.12877
7.09841
7.07261
7.05239
7.02948
7.00558
6.96568
6.92954
6.91265
6.91569
6.94656
7.00919
7.07483
7.11528
7.12663
7.11897
7.10202
7.0872
7.08282
7.08507
7.08425
7.07311
7.0544
7.03268
7.01059
7.00057
7.01699
7.05842
7.10322
7.14325
7.15582
7.12617
7.08117
7.03628
7.01377
7.01697
7.03897
7.07038
7.09075
7.10358
7.10839
7.10804
7.10083
7.08848
7.07745
7.07356
7.07017
7.06426
7.05589
7.04412
7.03325
7.02589
7.0277
7.09057
7.07892
7.06679
7.05515
7.04282
7.02825
7.01173
6.99728
6.99281
7.01521
7.05047
7.07779
7.08315
7.06596
7.03813
7.00465
6.96735
6.93956
6.92982
6.94166
6.97322
7.02147
7.08257
7.13957
7.17267
7.18211
7.17108
7.14766
7.12026
7.09052
7.05939
7.02743
6.99346
6.9537
6.92542
6.91275
6.92053
6.9596
7.01985
7.07173
7.10075
7.10657
7.09793
7.08525
7.07862
7.07896
7.08332
7.07764
7.0613
7.04428
7.03226
7.02406
7.02959
7.05652
7.0777
7.08169
7.08519
7.09467
7.08292
7.06063
7.04726
7.03818
7.03972
7.05098
7.06214
7.06857
7.07925
7.09533
7.11297
7.13024
7.13974
7.14164
7.13066
7.11193
7.08651
7.05977
7.03596
7.02048
7.01289
7.01542
7.07059
7.06806
7.0671
7.0607
7.04702
7.02741
7.00529
6.98923
6.9832
7.00106
7.03811
7.07159
7.08213
7.06907
7.0442
7.01457
6.97866
6.95173
6.94064
6.95203
6.98223
7.02506
7.07353
7.12415
7.16051
7.17623
7.1761
7.16322
7.1414
7.10822
7.06671
7.02609
6.98312
6.94966
6.93027
6.92225
6.94198
6.98705
7.03301
7.06835
7.08709
7.09051
7.08467
7.07817
7.07752
7.08063
7.08307
7.07354
7.05627
7.04659
7.04775
7.05641
7.07996
7.09559
7.08544
7.05805
7.03211
7.0348
7.04536
7.05349
7.06912
7.07218
7.06463
7.05831
7.05345
7.05123
7.06244
7.08919
7.1267
7.16236
7.19053
7.19713
7.18035
7.14376
7.10188
7.06415
7.03495
7.01945
7.01487
7.02005
7.05409
7.06074
7.06793
7.06503
7.04967
7.0268
7.00076
6.9824
6.97959
6.99085
7.02324
7.0572
7.07432
7.06821
7.04871
7.02312
6.99236
6.97111
6.96077
6.97086
6.99681
7.03021
7.06624
7.10227
7.139
7.16377
7.17471
7.17327
7.15532
7.11998
7.07363
7.02299
6.97858
6.95092
6.93928
6.94631
6.97611
7.0118
7.03984
7.06046
7.07481
7.08034
7.08128
7.08174
7.08487
7.08799
7.08487
7.07406
7.06393
7.06373
7.07608
7.10875
7.13295
7.12361
7.08578
7.03275
6.9851
6.97799
7.00956
7.05676
7.08905
7.1042
7.09004
7.0679
7.05024
7.04587
7.06198
7.0999
7.15156
7.20384
7.23119
7.23378
7.21308
7.17121
7.12125
7.07734
7.04744
7.03331
7.03016
7.03794
7.04295
7.05696
7.06768
7.06613
7.05067
7.02804
7.00111
6.9822
6.97915
6.9863
7.00607
7.03489
7.05702
7.06059
7.04933
7.03128
7.00937
6.99641
6.98947
6.99645
7.01454
7.0364
7.06082
7.08116
7.11394
7.14701
7.17098
7.17612
7.15971
7.12452
7.07601
7.02065
6.97777
6.95567
6.95702
6.9846
7.01292
7.03067
7.04218
7.05208
7.06276
7.07635
7.08727
7.09379
7.09516
7.09328
7.08633
7.08048
7.08056
7.09146
7.1243
7.15883
7.16921
7.14242
7.07813
7.00406
6.95095
6.93574
6.96791
7.04573
7.0995
7.13023
7.11649
7.0866
7.06285
7.06103
7.08406
7.12684
7.1874
7.2342
7.2546
7.25402
7.23339
7.19393
7.14606
7.10224
7.07346
7.05938
7.0551
7.06446
7.0347
7.05357
7.06492
7.0642
7.0509
7.03285
7.00901
6.98969
6.98223
6.98075
6.98541
7.00504
7.03093
7.04457
7.04534
7.03892
7.02954
7.02615
7.02432
7.0265
7.03313
7.0428
7.05505
7.06869
7.0924
7.12959
7.16087
7.17026
7.15849
7.12567
7.073
7.02138
6.98319
6.96946
6.99104
7.02598
7.04203
7.04378
7.03761
7.03887
7.05134
7.0757
7.09708
7.10764
7.10686
7.09631
7.08779
7.09095
7.1016
7.13592
7.17144
7.19179
7.1845
7.14345
7.06412
6.97925
6.93122
6.91755
6.93973
7.02047
7.09627
7.13051
7.12394
7.1085
7.09666
7.10039
7.12434
7.16549
7.21427
7.24987
7.26439
7.26009
7.23833
7.20714
7.1699
7.13493
7.10897
7.09212
7.08267
7.091
7.03084
7.05147
7.06249
7.06274
7.05411
7.04276
7.02424
7.0034
6.98688
6.97389
6.9646
6.96909
6.99649
7.02329
7.03856
7.04629
7.05087
7.05711
7.06024
7.05795
7.05287
7.05052
7.0524
7.05986
7.07641
7.11081
7.14346
7.15417
7.14715
7.11714
7.0691
7.02706
7.00319
7.00676
7.03461
7.05728
7.06348
7.04681
7.03121
7.02806
7.04581
7.07603
7.10451
7.11885
7.11534
7.09753
7.08957
7.10003
7.1302
7.17458
7.20144
7.20492
7.17825
7.12301
7.04146
6.96638
6.92544
6.91796
6.93689
6.99325
7.06999
7.11266
7.12396
7.12688
7.13841
7.15208
7.17443
7.20543
7.23206
7.2521
7.26083
7.25538
7.23864
7.21721
7.19176
7.16288
7.13908
7.12178
7.10739
7.11522
7.03076
7.05101
7.06205
7.06517
7.06292
7.05694
7.04362
7.02045
6.99189
6.96528
6.94595
6.93815
6.95926
6.99722
7.03069
7.0545
7.07345
7.08843
7.0939
7.08801
7.07402
7.06037
7.05351
7.05408
7.06486
7.08987
7.11825
7.12829
7.12244
7.0982
7.06617
7.03941
7.03987
7.05967
7.07763
7.07827
7.07315
7.04964
7.02847
7.02433
7.04473
7.07716
7.10954
7.12544
7.11976
7.09938
7.09292
7.10811
7.15427
7.196
7.21146
7.19293
7.15038
7.09081
7.02715
6.97247
6.93908
6.93021
6.9434
6.9726
7.02371
7.07978
7.12054
7.15133
7.18295
7.2044
7.22019
7.23329
7.23965
7.24396
7.24739
7.24737
7.24667
7.23349
7.21001
7.18075
7.15563
7.14015
7.12595
7.13492
7.03226
7.05045
7.06279
7.07118
7.07484
7.07325
7.06236
7.03606
6.99716
6.95817
6.93073
6.91957
6.92789
6.96977
7.02225
7.06484
7.09773
7.11933
7.12373
7.11323
7.09232
7.06972
7.0558
7.05058
7.05584
7.06851
7.08286
7.0927
7.08699
7.07699
7.06786
7.06427
7.08995
7.11172
7.1127
7.09777
7.07739
7.04943
7.03155
7.03012
7.04891
7.08042
7.11018
7.12328
7.11544
7.09907
7.09781
7.11964
7.1628
7.1946
7.19653
7.1663
7.115
7.06361
7.02522
6.99552
6.97175
6.95647
6.95537
6.95808
6.9803
7.04099
7.11223
7.17108
7.21899
7.24603
7.25098
7.24568
7.23785
7.23129
7.2337
7.24605
7.2521
7.24191
7.21557
7.18374
7.15997
7.14683
7.13875
7.15034
7.03173
7.05168
7.06595
7.07893
7.08882
7.08961
7.07709
7.04736
7.00266
6.95624
6.92257
6.908
6.91259
6.94687
7.01214
7.07369
7.118
7.14132
7.14487
7.12842
7.1039
7.07812
7.05974
7.04992
7.04739
7.04729
7.04783
7.04539
7.04895
7.06083
7.07442
7.10805
7.14315
7.15286
7.14069
7.11047
7.07729
7.05206
7.04168
7.04263
7.05811
7.0822
7.10212
7.10624
7.10438
7.10034
7.10702
7.13036
7.15607
7.17155
7.16669
7.13245
7.08376
7.04906
7.03501
7.03037
7.01947
6.99119
6.96164
6.94708
6.9573
7.00786
7.10168
7.19145
7.25132
7.27439
7.27067
7.25105
7.23028
7.22199
7.22803
7.24246
7.25067
7.24134
7.21581
7.18356
7.15821
7.1496
7.15065
7.16521
7.03264
7.05331
7.06903
7.08544
7.09792
7.09854
7.084
7.05173
7.00865
6.96134
6.924
6.90728
6.91137
6.93804
7.00086
7.07921
7.13286
7.15502
7.15391
7.13557
7.11112
7.08657
7.06705
7.05284
7.04034
7.02744
7.00869
7.0013
7.01823
7.04973
7.09631
7.1536
7.18691
7.18415
7.1603
7.11872
7.08129
7.0612
7.05748
7.06019
7.06844
7.07797
7.08194
7.08339
7.09256
7.10452
7.12278
7.13904
7.1414
7.13674
7.12578
7.09596
7.06207
7.04858
7.05612
7.06822
7.06361
7.02579
6.97682
6.95111
6.95853
7.00333
7.08908
7.19702
7.26281
7.28298
7.27489
7.25034
7.22752
7.22052
7.22773
7.23608
7.24067
7.23146
7.20918
7.18046
7.15949
7.15644
7.16614
7.18506
7.03324
7.05313
7.07129
7.08912
7.10046
7.09832
7.0824
7.04958
7.01321
6.97533
6.9372
6.9178
6.92013
6.943
6.9944
7.07618
7.13588
7.15838
7.15301
7.13601
7.1139
7.09386
7.07614
7.05703
7.03368
7.00436
6.97731
6.97227
6.99824
7.04831
7.12519
7.19039
7.218
7.20741
7.17333
7.12701
7.0901
7.06961
7.07071
7.07781
7.07379
7.06404
7.05455
7.05956
7.07973
7.11017
7.13838
7.14698
7.12835
7.10013
7.08322
7.06843
7.05906
7.06878
7.08661
7.09951
7.09198
7.05642
7.00586
6.97509
6.98177
7.02137
7.0884
7.18014
7.24779
7.26864
7.26327
7.24588
7.22973
7.22663
7.22885
7.22635
7.22464
7.21679
7.20116
7.17919
7.16856
7.18036
7.20177
7.22566
7.03013
7.05223
7.07217
7.08818
7.09451
7.08848
7.0706
7.04269
7.01527
6.99045
6.96115
6.94003
6.93929
6.95829
6.99339
7.06175
7.12335
7.14862
7.14532
7.13035
7.11502
7.10105
7.08582
7.06132
7.02777
6.9886
6.95893
6.9606
6.99108
7.05661
7.1502
7.21252
7.23747
7.22395
7.18349
7.1365
7.10156
7.08267
7.0834
7.08519
7.06986
7.04244
7.02719
7.03532
7.06727
7.11573
7.14943
7.15128
7.12085
7.07303
7.04948
7.04863
7.0676
7.09852
7.11439
7.1211
7.10544
7.08202
7.04987
7.02629
7.02652
7.05618
7.09886
7.14894
7.20939
7.24357
7.24829
7.24394
7.23689
7.23186
7.22424
7.21572
7.20752
7.20289
7.19998
7.19206
7.1972
7.21569
7.23843
7.26416
7.02465
7.04812
7.06885
7.08107
7.08061
7.06917
7.0519
7.03187
7.01709
7.00329
6.98634
6.97062
6.96604
6.97994
6.99908
7.04184
7.09503
7.12689
7.13242
7.12552
7.11731
7.11061
7.09416
7.06392
7.02297
6.98179
6.95653
6.96388
7.00133
7.07561
7.16283
7.21958
7.24343
7.22811
7.18578
7.14463
7.1168
7.09623
7.08794
7.07597
7.05206
7.01805
7.00095
7.01372
7.05825
7.11722
7.15456
7.15387
7.11641
7.06452
7.03608
7.0397
7.07679
7.12034
7.1344
7.12958
7.11224
7.09931
7.0997
7.09549
7.09248
7.10356
7.11757
7.12921
7.15578
7.20086
7.22826
7.23948
7.24175
7.23342
7.22082
7.20733
7.1967
7.19804
7.20711
7.21592
7.22494
7.24115
7.26049
7.28653
7.0182
7.04104
7.0598
7.06604
7.0595
7.04495
7.0307
7.01941
7.01737
7.01592
7.01207
7.00492
6.99989
7.00441
7.01119
7.0271
7.06133
7.09767
7.11811
7.12566
7.12481
7.12194
7.09876
7.06454
7.02183
6.98538
6.96791
6.98083
7.02701
7.09464
7.16009
7.20873
7.23002
7.21695
7.18297
7.1544
7.13198
7.1034
7.07638
7.05026
7.02117
6.99117
6.97935
7.00021
7.05237
7.11151
7.14886
7.15043
7.11607
7.07168
7.04672
7.04699
7.07909
7.12232
7.13729
7.1278
7.11482
7.11892
7.14474
7.16221
7.16413
7.15245
7.13681
7.12479
7.11991
7.14882
7.19668
7.22748
7.23533
7.22723
7.21617
7.20522
7.19913
7.21016
7.226
7.23545
7.24248
7.2563
7.27369
7.29851
7.01133
7.02922
7.04244
7.04274
7.03284
7.01995
7.01089
7.01019
7.01778
7.02759
7.03668
7.04097
7.03706
7.02937
7.02335
7.02042
7.03546
7.07064
7.10752
7.1308
7.13583
7.13054
7.10113
7.06244
7.02478
6.99894
6.99141
7.01335
7.05997
7.1085
7.14841
7.18221
7.20256
7.2011
7.1856
7.16859
7.143
7.10095
7.0527
7.01169
6.98182
6.96894
6.96979
6.99863
7.04794
7.09749
7.13216
7.13914
7.1166
7.08559
7.06537
7.05929
7.07145
7.10263
7.11789
7.11758
7.11972
7.14245
7.1817
7.21451
7.21841
7.19438
7.15434
7.12681
7.11912
7.12859
7.15948
7.20208
7.21965
7.21801
7.21331
7.21317
7.22021
7.23394
7.24274
7.2424
7.24587
7.25486
7.26803
7.28949
7.00359
7.01231
7.0169
7.01297
7.00452
6.99736
6.99739
7.00486
7.01719
7.0366
7.05817
7.07382
7.07338
7.05583
7.03557
7.01927
7.02369
7.05187
7.1008
7.13686
7.14569
7.13539
7.09921
7.05919
7.03195
7.01856
7.02588
7.05429
7.08879
7.11289
7.13165
7.14728
7.16826
7.18309
7.19162
7.18128
7.14739
7.09069
7.0271
6.97725
6.95183
6.95231
6.97561
7.00886
7.04479
7.07636
7.10452
7.11974
7.11627
7.10347
7.08707
7.07335
7.06611
7.06833
7.08233
7.10444
7.13092
7.1686
7.21792
7.2476
7.25003
7.22674
7.17807
7.14096
7.13001
7.13135
7.13851
7.1669
7.19489
7.20697
7.21789
7.23321
7.24778
7.25559
7.25218
7.24094
7.23156
7.23564
7.24469
7.26184
6.99391
6.99114
6.98659
6.98138
6.97875
6.98246
6.99086
7.00299
7.02042
7.04752
7.07803
7.10023
7.1033
7.08255
7.05003
7.02768
7.02301
7.04428
7.09493
7.13729
7.14752
7.1317
7.09144
7.05536
7.0399
7.04358
7.06433
7.09313
7.11043
7.10971
7.10686
7.11358
7.13597
7.17034
7.19338
7.1874
7.14899
7.08344
7.00916
6.95698
6.93879
6.95261
6.9911
7.02097
7.03619
7.04691
7.06729
7.09257
7.11222
7.11921
7.11179
7.09096
7.05719
7.03816
7.04839
7.08731
7.1397
7.1957
7.2383
7.25971
7.25799
7.24184
7.20727
7.16791
7.14733
7.13819
7.13296
7.13889
7.16565
7.19963
7.23162
7.25826
7.27135
7.2737
7.25741
7.23038
7.20652
7.19971
7.20262
7.21428
6.98201
6.96851
6.9573
6.95288
6.95884
6.97182
6.98675
7.00439
7.02819
7.06075
7.09685
7.12087
7.12519
7.10696
7.06997
7.04158
7.02941
7.04316
7.08489
7.12437
7.13437
7.11604
7.08094
7.05484
7.05334
7.069
7.09878
7.1219
7.12017
7.1012
7.08417
7.08561
7.1108
7.15607
7.19359
7.19717
7.15946
7.08229
7.00447
6.95533
6.94181
6.96532
7.00621
7.02354
7.01895
7.01085
7.0244
7.05848
7.09984
7.12653
7.12624
7.09569
7.04871
7.02392
7.0312
7.07184
7.14391
7.20744
7.24026
7.25174
7.24792
7.24139
7.22882
7.20111
7.16991
7.14727
7.13404
7.13154
7.14751
7.1919
7.24185
7.27194
7.28216
7.27608
7.24881
7.20601
7.16796
7.151
7.14586
7.15312
6.96974
6.94853
6.93425
6.93236
6.94462
6.96337
6.98593
7.01105
7.04251
7.07677
7.11185
7.13703
7.14269
7.12693
7.09319
7.06066
7.04332
7.04345
7.06734
7.09717
7.10576
7.09136
7.06874
7.05777
7.06459
7.0911
7.12257
7.13558
7.11965
7.09356
7.07378
7.07488
7.10323
7.14692
7.18898
7.20125
7.16671
7.095
7.02259
6.9811
6.96418
6.98314
7.01062
7.01164
6.99318
6.97328
6.98117
7.01952
7.07625
7.12266
7.12879
7.10113
7.05254
7.03059
7.03815
7.07229
7.13989
7.194
7.21958
7.22659
7.22787
7.23258
7.23403
7.22729
7.19708
7.16031
7.13939
7.1375
7.15247
7.19107
7.23848
7.26873
7.2756
7.25997
7.21886
7.16914
7.11969
7.09342
7.08238
7.08815
6.96039
6.93578
6.9212
6.92112
6.93354
6.9575
6.98828
7.02278
7.06111
7.09382
7.1244
7.14666
7.15348
7.14088
7.11512
7.0836
7.05978
7.04663
7.04608
7.05925
7.06519
7.06185
7.05623
7.05853
7.07493
7.10591
7.13173
7.13603
7.11574
7.09195
7.07516
7.07632
7.10284
7.13919
7.17762
7.19509
7.17178
7.11951
7.06434
7.02807
7.006
7.00006
7.00153
6.9847
6.95738
6.93557
6.94219
6.98154
7.04501
7.09374
7.11001
7.09832
7.07033
7.05484
7.0639
7.09707
7.13415
7.16336
7.18112
7.18849
7.19833
7.21385
7.22816
7.23083
7.21908
7.186
7.16031
7.15817
7.1741
7.19725
7.22532
7.24549
7.24618
7.22353
7.18245
7.13076
7.07888
7.04873
7.03531
7.04079
6.95662
6.9311
6.91715
6.91495
6.92619
6.95246
6.99001
7.03519
7.07851
7.10895
7.13428
7.15168
7.1576
7.151
7.13271
7.10537
7.07389
7.04814
7.02922
7.01596
7.01708
7.02795
7.04027
7.05843
7.08438
7.11042
7.12797
7.12616
7.113
7.09849
7.08759
7.08834
7.106
7.1333
7.15678
7.17437
7.17092
7.14985
7.12092
7.09241
7.05335
7.01227
6.9791
6.9472
6.92018
6.90443
6.91247
6.94837
7.00296
7.0534
7.08531
7.09712
7.09791
7.09318
7.10487
7.12114
7.12495
7.12741
7.13146
7.13966
7.15896
7.18648
7.21024
7.2233
7.22558
7.21812
7.20019
7.19434
7.19876
7.20596
7.20963
7.20914
7.19653
7.1705
7.13028
7.08027
7.03537
7.01033
7.00108
7.00879
6.95612
6.93146
6.91834
6.91311
6.92199
6.94882
6.99123
7.04412
7.09129
7.12127
7.14206
7.15446
7.15931
7.15765
7.14601
7.12185
7.08642
7.0461
7.0042
6.97643
6.97161
6.99065
7.02437
7.06028
7.09165
7.11073
7.11853
7.11386
7.11203
7.1111
7.10872
7.10818
7.11454
7.12406
7.12996
7.14894
7.17033
7.18298
7.18788
7.16084
7.0975
7.01865
6.95327
6.90825
6.88717
6.88356
6.89232
6.92038
6.96172
7.00813
7.05546
7.09552
7.12358
7.14293
7.15107
7.14177
7.12303
7.10198
7.09154
7.09515
7.11575
7.14963
7.18303
7.20671
7.22404
7.2395
7.24621
7.23825
7.22683
7.21913
7.20318
7.17827
7.14844
7.11736
7.08259
7.03941
7.00159
6.98145
6.97602
6.98464
6.95588
6.93385
6.92137
6.91415
6.91993
6.94528
6.9913
7.0506
7.10182
7.13456
7.15128
7.1585
7.16149
7.16205
7.15364
7.13109
7.09602
7.04157
6.98133
6.94703
6.93993
6.96132
7.01376
7.06275
7.09499
7.10978
7.11047
7.10621
7.11132
7.12304
7.13258
7.13356
7.12563
7.11243
7.104
7.12418
7.16339
7.21476
7.24378
7.21732
7.13328
7.01982
6.93115
6.87857
6.86361
6.87093
6.88268
6.90026
6.92971
6.97197
7.02897
7.08893
7.15269
7.18813
7.18535
7.1575
7.11606
7.0806
7.06789
7.07143
7.08696
7.11414
7.15018
7.18914
7.2291
7.2636
7.28118
7.27413
7.25128
7.21996
7.18457
7.14985
7.11819
7.08518
7.04782
7.00602
6.97117
6.95661
6.95585
6.96694
6.95771
6.93736
6.92406
6.91564
6.91884
6.94273
6.99153
7.05613
7.10963
7.14471
7.1589
7.16199
7.16152
7.16329
7.15586
7.13325
7.10139
7.03892
6.9684
6.93096
6.91954
6.9386
7.0011
7.06129
7.09487
7.11354
7.11003
7.10377
7.11057
7.13005
7.15016
7.1556
7.13932
7.10777
7.09049
7.10908
7.15517
7.23486
7.27976
7.25767
7.15857
7.02279
6.91401
6.85747
6.84442
6.85825
6.87531
6.88764
6.90851
6.94688
7.00627
7.08396
7.17121
7.21218
7.2107
7.17272
7.11219
7.07026
7.05494
7.05689
7.06802
7.08652
7.11674
7.16789
7.22969
7.27931
7.30199
7.30076
7.27489
7.22278
7.17269
7.13283
7.09907
7.06487
7.02268
6.97877
6.94572
6.93514
6.93922
6.95305
)
;

boundaryField
{
    inlet
    {
        type            fixedValue;
        value           uniform 1;
    }
    outlet
    {
        type            zeroGradient;
    }
    bottom
    {
        type            symmetryPlane;
    }
    top
    {
        type            symmetryPlane;
    }
    obstacle
    {
        type            zeroGradient;
    }
    defaultFaces
    {
        type            empty;
    }
}


// ************************************************************************* //
