/*--------------------------------*- C++ -*----------------------------------*\
| =========                 |                                                 |
| \\      /  F ield         | OpenFOAM: The Open Source CFD Toolbox           |
|  \\    /   O peration     | Version:  v1912                                 |
|   \\  /    A nd           | Website:  www.openfoam.com                      |
|    \\/     M anipulation  |                                                 |
\*---------------------------------------------------------------------------*/
FoamFile
{
    version     2.0;
    format      ascii;
    class       volScalarField;
    location    "0.04";
    object      T;
}
// * * * * * * * * * * * * * * * * * * * * * * * * * * * * * * * * * * * * * //

dimensions      [0 0 0 1 0 0 0];


internalField   nonuniform List<scalar> 
4800
(
10
10
10
10.0213
11.9537
12.8368
12.856
12.8724
12.888
12.8939
12.8932
12.884
12.8658
12.8539
12.8491
12.8473
12.8475
12.8495
12.8555
12.8647
12.8738
12.8763
12.8751
12.8699
12.8681
12.8857
12.9261
12.9756
13.0382
13.1034
13.1564
13.18
13.1735
13.1521
13.1144
13.1161
13.2177
13.548
13.8269
13.9867
10
10
10
10.0213
11.9537
12.8368
12.856
12.8724
12.888
12.8939
12.8932
12.884
12.8658
12.8539
12.8491
12.8473
12.8475
12.8495
12.8555
12.8647
12.8738
12.8763
12.8752
12.8699
12.8677
12.885
12.9251
12.9745
13.0376
13.1029
13.156
13.1796
13.1731
13.1519
13.1146
13.1134
13.201
13.5038
13.7764
13.9144
10
10
10
10.0213
11.9537
12.8368
12.856
12.8724
12.888
12.8939
12.8932
12.884
12.8658
12.8539
12.8491
12.8473
12.8475
12.8495
12.8555
12.8647
12.8738
12.8764
12.8752
12.8699
12.867
12.8837
12.9233
12.9728
13.0366
13.1019
13.1551
13.1787
13.1724
13.1517
13.1152
13.1079
13.1695
13.4287
13.701
13.8333
10
10
10
10.0213
11.9537
12.8368
12.856
12.8724
12.888
12.8939
12.8932
12.884
12.8658
12.8539
12.8491
12.8473
12.8475
12.8495
12.8555
12.8647
12.8738
12.8765
12.8753
12.8699
12.8661
12.8818
12.9206
12.9702
13.0352
13.1004
13.1539
13.1776
13.1714
13.1512
13.1159
13.0992
13.1351
13.334
13.6018
13.7467
10
10
10
10.0213
11.9537
12.8368
12.856
12.8724
12.888
12.8939
12.8932
12.884
12.8658
12.8539
12.8491
12.8473
12.8475
12.8495
12.8555
12.8647
12.8738
12.8767
12.8754
12.8699
12.8648
12.8792
12.917
12.9668
13.0334
13.0984
13.1522
13.176
13.17
13.1504
13.1162
13.0893
13.1073
13.2368
13.4804
13.6527
10
10
10
10.0213
11.9537
12.8368
12.856
12.8724
12.888
12.8939
12.8932
12.884
12.8658
12.8539
12.8491
12.8473
12.8475
12.8495
12.8555
12.8647
12.8738
12.8768
12.8755
12.8702
12.8634
12.8761
12.9124
12.9626
13.0313
13.0958
13.1501
13.1741
13.1682
13.149
13.1157
13.0828
13.0894
13.1561
13.3444
13.5378
10
10
10
10.0213
11.9537
12.8368
12.856
12.8724
12.888
12.8939
12.8932
12.884
12.8658
12.8539
12.8491
12.8473
12.8475
12.8495
12.8555
12.8647
12.8738
12.877
12.8757
12.8706
12.862
12.8724
12.9068
12.9583
13.0276
13.0929
13.1476
13.1718
13.166
13.147
13.1144
13.08
13.0787
13.1038
13.2183
13.4018
10
10
10
10.0213
11.9537
12.8368
12.856
12.8724
12.888
12.8939
12.8932
12.884
12.8658
12.8539
12.8491
12.8473
12.8475
12.8495
12.8555
12.8646
12.8738
12.8772
12.876
12.871
12.8607
12.8686
12.9005
12.9533
13.0228
13.0894
13.145
13.1692
13.1635
13.1445
13.1125
13.0791
13.0702
13.0795
13.1315
13.2618
10
10
10
10.0213
11.9537
12.8368
12.856
12.8724
12.888
12.8939
12.8932
12.884
12.8658
12.8539
12.8491
12.8473
12.8475
12.8495
12.8555
12.8646
12.8737
12.8774
12.8763
12.8714
12.8596
12.865
12.8938
12.9468
13.0167
13.0853
13.1422
13.1664
13.1607
13.1418
13.1099
13.0772
13.0657
13.0697
13.0876
13.1538
10
10
10
10.0213
11.9537
12.8368
12.856
12.8724
12.888
12.8939
12.8932
12.884
12.8658
12.8539
12.8491
12.8473
12.8475
12.8495
12.8555
12.8646
12.8736
12.8775
12.8766
12.8718
12.8587
12.862
12.8871
12.9388
13.0092
13.0805
13.1391
13.1633
13.1576
13.1388
13.107
13.0744
13.0628
13.0651
13.0728
13.0976
10
10
10
10.0213
11.9537
12.8368
12.856
12.8724
12.888
12.8939
12.8932
12.884
12.8658
12.8539
12.8491
12.8473
12.8475
12.8495
12.8555
12.8646
12.8736
12.8776
12.8768
12.8721
12.8584
12.8597
12.8804
12.9294
13.0001
13.0751
13.1356
13.16
13.1542
13.1356
13.104
13.0712
13.06
13.062
13.0669
13.0806
10
10
10
10.0213
11.9537
12.8368
12.856
12.8724
12.888
12.8939
12.8932
12.884
12.8658
12.8539
12.8491
12.8473
12.8475
12.8495
12.8555
12.8646
12.8735
12.8776
12.877
12.8725
12.8585
12.858
12.874
12.9191
12.9898
13.0685
13.1314
13.1563
13.1505
13.1322
13.1012
13.0679
13.0565
13.0589
13.0635
13.0749
10
10
10
10.0213
11.9537
12.8368
12.856
12.8724
12.888
12.8939
12.8932
12.884
12.8658
12.8539
12.8491
12.8473
12.8475
12.8495
12.8555
12.8646
12.8735
12.8777
12.8772
12.8729
12.8594
12.8561
12.8688
12.909
12.9788
13.0592
13.1254
13.1525
13.1468
13.129
13.0983
13.0645
13.0525
13.0553
13.0603
13.0714
10
10
10
10.0213
11.9537
12.8368
12.856
12.8724
12.888
12.8939
12.8932
12.884
12.8658
12.8539
12.8491
12.8473
12.8475
12.8495
12.8555
12.8646
12.8735
12.8776
12.8773
12.8732
12.8604
12.855
12.8649
12.9
12.966
13.0474
13.1172
13.1488
13.1435
13.126
13.0954
13.0608
13.0484
13.0514
13.0568
13.0681
10
10
10
10.0213
11.9537
12.8368
12.856
12.8724
12.888
12.8939
12.8932
12.884
12.8658
12.8539
12.8491
12.8473
12.8475
12.8495
12.8555
12.8646
12.8734
12.8776
12.8773
12.8735
12.8613
12.8549
12.8619
12.8928
12.9518
13.0336
13.1061
13.1451
13.1404
13.1231
13.0921
13.0569
13.0442
13.0474
13.0531
13.0645
10
10
10
10.0213
11.9537
12.8368
12.856
12.8724
12.888
12.8939
12.8932
12.884
12.8658
12.8539
12.8491
12.8473
12.8475
12.8495
12.8555
12.8646
12.8734
12.8776
12.8773
12.8736
12.8619
12.8553
12.8606
12.8857
12.941
13.0177
13.0918
13.1397
13.1368
13.12
13.0888
13.0528
13.0399
13.0434
13.0492
13.0607
10
10
10
10.0213
11.9537
12.8368
12.856
12.8724
12.888
12.8939
12.8932
12.884
12.8658
12.8539
12.8491
12.8473
12.8475
12.8495
12.8555
12.8646
12.8734
12.8775
12.8773
12.8737
12.8622
12.8561
12.8604
12.8808
12.9329
13.0001
13.0752
13.1316
13.1317
13.1167
13.0855
13.0487
13.0356
13.0393
13.0454
13.0569
10
10
10
10.0213
11.9537
12.8368
12.856
12.8724
12.888
12.8939
12.8932
12.884
12.8658
12.8539
12.8491
12.8473
12.8475
12.8495
12.8555
12.8646
12.8734
12.8775
12.8772
12.8737
12.8622
12.857
12.8607
12.8785
12.9253
12.9852
13.0561
13.1182
13.1252
13.1124
13.0822
13.0449
13.0309
13.0349
13.0414
13.0531
10
10
10
10.0213
11.9537
12.8368
12.856
12.8724
12.888
12.8939
12.8932
12.884
12.8658
12.8539
12.8491
12.8473
12.8475
12.8495
12.8555
12.8646
12.8734
12.8775
12.8772
12.8737
12.8621
12.8578
12.8613
12.8779
12.9198
12.9743
13.0369
13.0975
13.1176
13.1069
13.0785
13.0414
13.0262
13.0303
13.0372
13.0492
10
10
10
10.0213
11.9537
12.8368
12.856
12.8724
12.888
12.8939
12.8932
12.884
12.8658
12.8539
12.8491
12.8473
12.8475
12.8495
12.8555
12.8646
12.8734
12.8775
12.8772
12.8736
12.862
12.8583
12.8619
12.8782
12.9172
12.9679
13.0191
13.074
13.1047
13.0981
13.0737
13.0381
13.0218
13.0257
13.0328
13.0452
10
10
10
10.0213
11.9537
12.8368
12.856
12.8724
12.888
12.8939
12.8932
12.884
12.8658
12.8539
12.8491
12.8473
12.8475
12.8495
12.8555
12.8646
12.8735
12.8775
12.8772
12.8736
12.8619
12.8585
12.8625
12.8788
12.9163
12.9657
13.0044
13.0508
13.0856
13.0849
13.0667
13.0341
13.018
13.0215
13.0284
13.041
10
10
10
10.0213
11.9537
12.8368
12.856
12.8724
12.888
12.8939
12.8932
12.884
12.8658
12.8539
12.8491
12.8473
12.8475
12.8495
12.8555
12.8646
12.8735
12.8775
12.8772
12.8736
12.8618
12.8585
12.8628
12.8795
12.9165
12.9649
12.9969
13.0299
13.0609
13.0682
13.0557
13.0282
13.0139
13.0174
13.0244
13.0372
10
10
10
10.0213
11.9537
12.8368
12.856
12.8724
12.888
12.8939
12.8932
12.884
12.8658
12.8539
12.8491
12.8473
12.8475
12.8495
12.8555
12.8646
12.8735
12.8775
12.8772
12.8736
12.8618
12.8585
12.8629
12.88
12.9171
12.9649
12.9954
13.0145
13.0357
13.0467
13.0393
13.0188
13.0077
13.0123
13.0205
13.0337
10
10
10
10.0213
11.9537
12.8368
12.856
12.8724
12.888
12.8939
12.8932
12.884
12.8658
12.8539
12.8491
12.8473
12.8475
12.8495
12.8555
12.8646
12.8735
12.8775
12.8772
12.8736
12.8618
12.8584
12.8629
12.8802
12.9176
12.9651
12.9969
13.0058
13.0156
13.0224
13.0169
13.0041
12.9982
13.0051
13.0163
13.0301
10
10
10
10.0213
11.9537
12.8368
12.856
12.8724
12.888
12.8939
12.8932
12.884
12.8658
12.8539
12.8491
12.8473
12.8475
12.8495
12.8555
12.8646
12.8735
12.8775
12.8772
12.8736
12.8618
12.8584
12.8629
12.8803
12.918
12.9654
12.9983
13.003
13.0034
13.0014
12.9898
12.9824
12.9829
12.9947
13.0101
13.0255
10
10
10
10.0213
11.9537
12.8368
12.856
12.8724
12.888
12.8939
12.8932
12.884
12.8658
12.8539
12.8491
12.8473
12.8475
12.8495
12.8555
12.8646
12.8735
12.8775
12.8772
12.8736
12.8618
12.8583
12.8629
12.8803
12.9182
12.9658
12.9989
13.0027
12.9992
12.987
12.9651
12.9545
12.9605
12.9787
12.9998
13.0188
10
10
10
10.0213
11.9537
12.8368
12.856
12.8724
12.888
12.8939
12.8932
12.884
12.8658
12.8539
12.8491
12.8473
12.8475
12.8495
12.8555
12.8646
12.8735
12.8775
12.8772
12.8736
12.8618
12.8583
12.8628
12.8802
12.9182
12.966
12.9993
13.003
12.9989
12.9809
12.949
12.9248
12.9318
12.9551
12.9828
13.0082
10
10
10
10.0213
11.9537
12.8368
12.856
12.8724
12.888
12.8939
12.8932
12.884
12.8658
12.8539
12.8491
12.8473
12.8475
12.8495
12.8555
12.8646
12.8735
12.8775
12.8772
12.8736
12.8618
12.8583
12.8628
12.8802
12.9181
12.966
12.9996
13.0036
12.9992
12.9803
12.9421
12.9019
12.9032
12.9249
12.957
12.9901
10
10
10
10.0213
11.9537
12.8368
12.856
12.8724
12.888
12.8939
12.8932
12.884
12.8658
12.8539
12.8491
12.8473
12.8475
12.8495
12.8555
12.8646
12.8735
12.8775
12.8772
12.8736
12.8618
12.8584
12.8628
12.8802
12.9181
12.966
12.9995
13.0041
12.9995
12.9806
12.9413
12.8926
12.879
12.8943
12.9243
12.9621
10
10
10
10.0213
11.9537
12.8368
12.856
12.8724
12.888
12.8939
12.8932
12.884
12.8658
12.8539
12.8491
12.8473
12.8475
12.8495
12.8555
12.8646
12.8735
12.8775
12.8772
12.8736
12.8618
12.8584
12.8628
12.8802
12.9181
12.966
12.9995
13.0042
12.9999
12.9809
12.9416
12.8928
12.8644
12.872
12.8921
12.9265
10
10
10
10.0213
11.9537
12.8368
12.856
12.8724
12.888
12.8939
12.8932
12.884
12.8658
12.8539
12.8491
12.8473
12.8475
12.8495
12.8555
12.8646
12.8735
12.8775
12.8772
12.8736
12.8618
12.8584
12.8628
12.8802
12.9181
12.966
12.9995
13.0042
13
12.9812
12.942
12.8932
12.8618
12.8619
12.8693
12.8917
10
10
10
10.0213
11.9537
12.8368
12.856
12.8724
12.888
12.8939
12.8932
12.884
12.8658
12.8539
12.8491
12.8473
12.8475
12.8495
12.8555
12.8646
12.8735
12.8775
12.8772
12.8736
12.8618
12.8584
12.8628
12.8802
12.9181
12.966
12.9995
13.0042
13
12.9813
12.9422
12.8935
12.8623
12.8585
12.8608
12.8699
10
10
10
10.0213
11.9537
12.8368
12.856
12.8724
12.888
12.8939
12.8932
12.884
12.8658
12.8539
12.8491
12.8473
12.8475
12.8495
12.8555
12.8646
12.8735
12.8775
12.8772
12.8736
12.8618
12.8584
12.8628
12.8802
12.9181
12.966
12.9995
13.0042
13
12.9813
12.9423
12.8936
12.8626
12.8583
12.8597
12.8632
10
10
10
10.0213
11.9537
12.8368
12.856
12.8724
12.888
12.8939
12.8932
12.884
12.8658
12.8539
12.8491
12.8473
12.8475
12.8495
12.8555
12.8646
12.8735
12.8775
12.8772
12.8736
12.8618
12.8584
12.8628
12.8802
12.9181
12.966
12.9995
13.0042
13
12.9813
12.9423
12.8937
12.8627
12.8583
12.8598
12.8628
10
10
10
10.0213
11.9537
12.8368
12.856
12.8724
12.888
12.8939
12.8932
12.884
12.8658
12.8539
12.8491
12.8473
12.8475
12.8495
12.8555
12.8646
12.8735
12.8775
12.8772
12.8736
12.8618
12.8584
12.8628
12.8802
12.9181
12.966
12.9995
13.0042
13
12.9813
12.9423
12.8937
12.8628
12.8584
12.8598
12.8628
10
10
10
10.0213
11.9537
12.8368
12.856
12.8724
12.888
12.8939
12.8932
12.884
12.8658
12.8539
12.8491
12.8473
12.8475
12.8495
12.8555
12.8646
12.8735
12.8775
12.8772
12.8736
12.8618
12.8584
12.8628
12.8802
12.9181
12.966
12.9995
13.0042
13
12.9813
12.9423
12.8937
12.8628
12.8585
12.8599
12.8628
10
10
10
10.0213
11.9537
12.8368
12.856
12.8724
12.888
12.8939
12.8932
12.884
12.8658
12.8539
12.8491
12.8473
12.8475
12.8495
12.8555
12.8646
12.8735
12.8775
12.8772
12.8736
12.8618
12.8584
12.8628
12.8802
12.9181
12.966
12.9995
13.0042
13
12.9813
12.9423
12.8937
12.8628
12.8585
12.8599
12.8629
10
10
10
10.0213
11.9537
12.8368
12.856
12.8724
12.888
12.8939
12.8932
12.884
12.8658
12.8539
12.8491
12.8473
12.8475
12.8495
12.8555
12.8646
12.8735
12.8775
12.8772
12.8736
12.8618
12.8584
12.8628
12.8802
12.9181
12.966
12.9995
13.0042
13
12.9813
12.9423
12.8937
12.8628
12.8585
12.8599
12.8629
10
10
10
10.0213
11.9537
12.8368
12.856
12.8724
12.888
12.8939
12.8932
12.884
12.8658
12.8539
12.8491
12.8473
12.8475
12.8495
12.8555
12.8646
12.8735
12.8775
12.8772
12.8736
12.8618
12.8584
12.8628
12.8802
12.9181
12.966
12.9995
13.0042
13
12.9813
12.9423
12.8937
12.8628
12.8585
12.8599
12.8629
10
10
10
10.0213
11.9537
12.8368
12.856
12.8724
12.888
12.8939
12.8932
12.884
12.8658
12.8539
12.8491
12.8473
12.8475
12.8495
12.8555
12.8646
12.8735
12.8775
12.8772
12.8736
12.8618
12.8584
12.8628
12.8802
12.9181
12.966
12.9995
13.0042
13
12.9813
12.9423
12.8937
12.8628
12.8585
12.8599
12.8629
14.2799
14.089
13.9755
13.8857
13.8106
13.7495
13.7137
13.7032
13.7062
13.719
13.7389
13.7612
13.7819
13.8284
13.9524
14.085
14.0792
13.9081
12.8566
10.8082
10.2593
10.2512
10.2528
10.2563
10.2589
10.2609
10.263
10.2652
10.2676
10.27
10.2727
10.2755
10.2785
10.2815
10.2845
10.2875
10.2908
10.2945
10.2992
10.3055
10.314
10.3239
10.331
10.333
10.3331
10.3331
10.333
10.333
10.333
10.3329
10.3329
10.3329
10.3329
10.3329
10.333
10.333
10.333
10.333
10.3329
10.3327
10.3322
10.3317
10.3311
10.3306
10.33
10.3294
10.3288
10.3282
10.3276
10.327
10.3264
10.3259
10.3254
10.3248
10.3244
10.3239
10.3235
10.323
10.3226
10.3222
14.0025
13.8451
13.8009
13.7575
13.724
13.6977
13.6803
13.6727
13.6786
13.6951
13.7142
13.7353
13.7677
13.8308
13.9232
13.9268
13.8726
13.603
12.3887
10.5748
10.2545
10.2512
10.2534
10.2568
10.2592
10.2613
10.2634
10.2657
10.268
10.2705
10.2732
10.2762
10.2792
10.2822
10.2852
10.2882
10.2916
10.2957
10.3009
10.3078
10.3167
10.3259
10.3316
10.3329
10.333
10.333
10.333
10.3329
10.3329
10.3329
10.3328
10.3328
10.3328
10.3328
10.3329
10.3329
10.3329
10.3329
10.3328
10.3325
10.3321
10.3315
10.3309
10.3303
10.3297
10.3291
10.3285
10.3279
10.3274
10.3268
10.3262
10.3257
10.3252
10.3247
10.3242
10.3237
10.3233
10.3229
10.3225
10.3222
13.8978
13.8011
13.7644
13.7241
13.6948
13.6757
13.6661
13.6649
13.6705
13.6798
13.6923
13.7071
13.7325
13.7785
13.8394
13.8361
13.8081
13.5148
12.0765
10.427
10.2518
10.2507
10.2532
10.2566
10.2589
10.261
10.2632
10.2655
10.2678
10.2704
10.2731
10.2761
10.2791
10.2822
10.2852
10.2884
10.292
10.2963
10.3017
10.3088
10.3179
10.327
10.3318
10.3327
10.3327
10.3327
10.3326
10.3326
10.3326
10.3325
10.3325
10.3325
10.3325
10.3325
10.3326
10.3326
10.3326
10.3326
10.3325
10.3323
10.3317
10.3311
10.3305
10.33
10.3294
10.3288
10.3282
10.3276
10.327
10.3264
10.3259
10.3253
10.3248
10.3243
10.3238
10.3234
10.323
10.3226
10.3223
10.3219
13.802
13.7455
13.7169
13.6851
13.6622
13.647
13.6404
13.6415
13.646
13.6528
13.6642
13.6765
13.6893
13.7237
13.7722
13.7557
13.7062
13.2897
11.694
10.3437
10.2504
10.2501
10.2529
10.2562
10.2586
10.2607
10.2629
10.2652
10.2677
10.2703
10.2731
10.2761
10.2792
10.2822
10.2852
10.2885
10.2924
10.2969
10.3027
10.3103
10.3197
10.328
10.3317
10.3321
10.3321
10.3321
10.3321
10.3321
10.332
10.332
10.332
10.332
10.332
10.3321
10.3321
10.3321
10.3321
10.3321
10.332
10.3317
10.3312
10.3306
10.33
10.3294
10.3288
10.3282
10.3277
10.3271
10.3265
10.3259
10.3254
10.3249
10.3243
10.3238
10.3233
10.3229
10.3226
10.3223
10.3219
10.3215
13.7288
13.7021
13.6846
13.6594
13.6381
13.6229
13.6167
13.618
13.6225
13.6289
13.6373
13.6496
13.6623
13.6751
13.6881
13.6716
13.592
13.0674
11.4204
10.3088
10.2497
10.2497
10.2527
10.256
10.2584
10.2605
10.2627
10.2651
10.2676
10.2703
10.2732
10.2763
10.2793
10.2823
10.2855
10.2889
10.2928
10.2975
10.3037
10.3118
10.3214
10.3288
10.3313
10.3315
10.3315
10.3315
10.3315
10.3315
10.3315
10.3315
10.3315
10.3315
10.3315
10.3315
10.3315
10.3316
10.3316
10.3316
10.3315
10.3312
10.3306
10.3301
10.3295
10.3289
10.3283
10.3277
10.3271
10.3265
10.326
10.3254
10.3249
10.3243
10.3238
10.3233
10.3229
10.3225
10.3222
10.3218
10.3214
10.3209
13.6475
13.6526
13.6464
13.629
13.6129
13.5998
13.5937
13.5944
13.5984
13.6044
13.61
13.6246
13.6517
13.6489
13.6172
13.5647
13.4173
12.8149
11.249
10.2978
10.2496
10.2497
10.2526
10.2559
10.2584
10.2605
10.2628
10.2652
10.2678
10.2706
10.2735
10.2765
10.2796
10.2826
10.2859
10.2894
10.2935
10.2985
10.3051
10.3138
10.3233
10.3295
10.331
10.3311
10.3311
10.3311
10.3311
10.331
10.331
10.331
10.331
10.331
10.331
10.3311
10.3311
10.3311
10.3311
10.3311
10.331
10.3307
10.3301
10.3296
10.329
10.3284
10.3278
10.3272
10.3267
10.3261
10.3255
10.3249
10.3244
10.3238
10.3233
10.3228
10.3224
10.3221
10.3218
10.3213
10.3207
10.3201
13.5443
13.588
13.5985
13.5904
13.5803
13.5706
13.5651
13.5653
13.5678
13.5747
13.5881
13.6062
13.6074
13.5784
13.5302
13.443
13.2524
12.6576
11.2173
10.3034
10.2498
10.2499
10.2527
10.256
10.2585
10.2607
10.263
10.2655
10.2682
10.271
10.274
10.277
10.2801
10.2832
10.2865
10.2901
10.2944
10.2998
10.3069
10.3162
10.3253
10.33
10.3308
10.3308
10.3308
10.3308
10.3308
10.3308
10.3308
10.3308
10.3308
10.3308
10.3308
10.3308
10.3309
10.3309
10.3309
10.3309
10.3307
10.3304
10.3298
10.3292
10.3287
10.3281
10.3275
10.3269
10.3263
10.3257
10.3251
10.3246
10.324
10.3234
10.323
10.3225
10.3222
10.3218
10.3213
10.3206
10.3199
10.3194
13.411
13.4916
13.5291
13.5367
13.5347
13.5307
13.5264
13.5259
13.5278
13.537
13.556
13.5625
13.53
13.4729
13.3908
13.2802
13.1081
12.6116
11.2815
10.3187
10.2504
10.2503
10.2531
10.2564
10.2589
10.2611
10.2635
10.2661
10.2688
10.2717
10.2747
10.2777
10.2808
10.2839
10.2873
10.2911
10.2957
10.3015
10.3093
10.319
10.3272
10.3304
10.3307
10.3307
10.3307
10.3307
10.3307
10.3307
10.3306
10.3307
10.3307
10.3307
10.3307
10.3307
10.3308
10.3308
10.3308
10.3308
10.3306
10.3302
10.3296
10.329
10.3284
10.3278
10.3272
10.3266
10.326
10.3254
10.3249
10.3243
10.3237
10.3232
10.3227
10.3223
10.3219
10.3214
10.3205
10.3198
10.3194
10.3192
13.2642
13.3603
13.4239
13.4534
13.4659
13.4694
13.4685
13.4677
13.4718
13.485
13.4901
13.4612
13.4076
13.3285
13.2365
13.1522
13.0438
12.6346
11.3702
10.3357
10.2511
10.2509
10.2536
10.2569
10.2595
10.2618
10.2642
10.2668
10.2696
10.2726
10.2755
10.2786
10.2817
10.2849
10.2884
10.2923
10.2972
10.3036
10.3122
10.3219
10.3287
10.3306
10.3307
10.3307
10.3307
10.3307
10.3306
10.3306
10.3306
10.3306
10.3306
10.3306
10.3307
10.3307
10.3307
10.3308
10.3308
10.3307
10.3306
10.3301
10.3295
10.3289
10.3283
10.3277
10.3271
10.3265
10.3259
10.3253
10.3247
10.3241
10.3236
10.3231
10.3227
10.3222
10.3216
10.3206
10.3199
10.3195
10.3194
10.3194
13.1511
13.2219
13.2875
13.3314
13.3587
13.3728
13.3777
13.3795
13.3845
13.3871
13.3623
13.3144
13.2493
13.1816
13.1335
13.1029
13.0385
12.6758
11.4396
10.349
10.2518
10.2516
10.2542
10.2575
10.2601
10.2624
10.2649
10.2676
10.2705
10.2735
10.2765
10.2795
10.2826
10.2859
10.2896
10.2938
10.2991
10.3062
10.3154
10.3248
10.3298
10.3307
10.3307
10.3307
10.3307
10.3307
10.3306
10.3306
10.3306
10.3306
10.3306
10.3306
10.3306
10.3307
10.3307
10.3308
10.3308
10.3307
10.3305
10.33
10.3294
10.3288
10.3282
10.3276
10.327
10.3264
10.3258
10.3251
10.3246
10.324
10.3235
10.3231
10.3226
10.3218
10.3208
10.32
10.3197
10.3195
10.321
10.3276
13.1008
13.1299
13.1654
13.1965
13.2232
13.2417
13.251
13.254
13.2517
13.2359
13.2083
13.1733
13.1404
13.1197
13.1104
13.0994
13.0471
12.7055
11.4876
10.3599
10.2524
10.2522
10.2548
10.2582
10.2608
10.2632
10.2657
10.2685
10.2714
10.2744
10.2774
10.2805
10.2837
10.2871
10.2909
10.2954
10.3012
10.3091
10.3189
10.3272
10.3304
10.3307
10.3307
10.3307
10.3307
10.3307
10.3306
10.3306
10.3306
10.3306
10.3306
10.3306
10.3307
10.3307
10.3307
10.3308
10.3308
10.3307
10.3305
10.33
10.3294
10.3288
10.3282
10.3276
10.3269
10.3263
10.3257
10.3251
10.3245
10.324
10.3235
10.3229
10.322
10.321
10.3203
10.3199
10.3198
10.3233
10.3438
10.3792
13.0896
13.0992
13.1071
13.1108
13.1187
13.1274
13.1325
13.1323
13.1282
13.1234
13.1224
13.1198
13.1164
13.1138
13.1099
13.1011
13.0537
12.7256
11.5276
10.3705
10.253
10.2528
10.2554
10.2587
10.2615
10.264
10.2666
10.2694
10.2724
10.2754
10.2784
10.2816
10.2848
10.2883
10.2923
10.2973
10.3038
10.3125
10.3224
10.329
10.3307
10.3308
10.3308
10.3307
10.3307
10.3307
10.3307
10.3307
10.3307
10.3306
10.3306
10.3306
10.3307
10.3307
10.3308
10.3308
10.3308
10.3307
10.3305
10.33
10.3294
10.3287
10.3281
10.3275
10.3269
10.3263
10.3257
10.3251
10.3245
10.324
10.3233
10.3223
10.3213
10.3205
10.3202
10.3203
10.3272
10.3605
10.4149
10.4626
13.0852
13.0925
13.0942
13.0897
13.0833
13.0835
13.0831
13.0832
13.0859
13.0951
13.1086
13.1147
13.1147
13.113
13.11
13.1026
13.0574
12.7416
11.565
10.3815
10.2536
10.2533
10.256
10.2594
10.2622
10.2648
10.2675
10.2704
10.2733
10.2764
10.2795
10.2827
10.2861
10.2897
10.294
10.2995
10.3068
10.3164
10.3256
10.3301
10.3307
10.3308
10.3308
10.3308
10.3307
10.3307
10.3307
10.3307
10.3307
10.3307
10.3307
10.3307
10.3307
10.3307
10.3308
10.3308
10.3308
10.3307
10.3305
10.33
10.3293
10.3287
10.3281
10.3274
10.3268
10.3262
10.3256
10.325
10.3244
10.3236
10.3226
10.3215
10.3209
10.3205
10.3213
10.3342
10.3809
10.4491
10.4958
10.5225
13.0819
13.0888
13.0898
13.0855
13.0785
13.0782
13.0773
13.078
13.0824
13.0926
13.1065
13.1128
13.1131
13.1121
13.1095
13.1026
13.0595
12.7561
11.6017
10.393
10.2542
10.2539
10.2566
10.2601
10.263
10.2656
10.2684
10.2713
10.2743
10.2774
10.2806
10.2839
10.2874
10.2913
10.296
10.3021
10.3105
10.3205
10.3282
10.3306
10.3308
10.3308
10.3308
10.3308
10.3307
10.3307
10.3307
10.3307
10.3307
10.3307
10.3307
10.3307
10.3307
10.3307
10.3308
10.3308
10.3308
10.3307
10.3305
10.3299
10.3293
10.3286
10.328
10.3274
10.3268
10.3262
10.3256
10.3249
10.324
10.3228
10.3219
10.3212
10.3209
10.3231
10.3444
10.4057
10.4796
10.528
10.5448
10.5543
13.0784
13.0854
13.0865
13.0828
13.0761
13.0758
13.0755
13.0763
13.0806
13.0906
13.1044
13.1109
13.1114
13.1108
13.1085
13.1021
13.0611
12.77
11.638
10.4053
10.2548
10.2546
10.2573
10.2609
10.2638
10.2664
10.2693
10.2723
10.2754
10.2786
10.2819
10.2852
10.2889
10.2931
10.2983
10.3054
10.3147
10.3244
10.3298
10.3307
10.3308
10.3308
10.3308
10.3307
10.3307
10.3307
10.3307
10.3307
10.3307
10.3307
10.3307
10.3307
10.3307
10.3308
10.3308
10.3308
10.3308
10.3307
10.3305
10.3299
10.3292
10.3286
10.328
10.3274
10.3267
10.3261
10.3253
10.3243
10.3232
10.3222
10.3216
10.3214
10.3261
10.3585
10.4323
10.5093
10.5528
10.5665
10.5667
10.5721
13.0745
13.0817
13.0831
13.0802
13.0744
13.0742
13.0741
13.0752
13.0792
13.0888
13.1024
13.1092
13.1098
13.1094
13.1073
13.1013
13.0626
12.7833
11.6739
10.4183
10.2557
10.2554
10.2581
10.2616
10.2646
10.2673
10.2703
10.2734
10.2766
10.2798
10.2832
10.2867
10.2905
10.2951
10.3012
10.3094
10.3194
10.3276
10.3305
10.3308
10.3308
10.3308
10.3307
10.3307
10.3307
10.3307
10.3307
10.3307
10.3307
10.3307
10.3307
10.3307
10.3307
10.3308
10.3308
10.3308
10.3308
10.3307
10.3304
10.3299
10.3292
10.3286
10.328
10.3273
10.3266
10.3257
10.3246
10.3235
10.3227
10.322
10.3223
10.3316
10.3767
10.46
10.535
10.5742
10.5842
10.582
10.5777
10.5833
13.0706
13.0776
13.0794
13.0773
13.0726
13.0723
13.0726
13.0738
13.0777
13.087
13.1005
13.1075
13.1082
13.108
13.1062
13.1006
13.064
12.7961
11.7091
10.432
10.2566
10.2561
10.2588
10.2624
10.2655
10.2684
10.2715
10.2746
10.2779
10.2812
10.2846
10.2882
10.2924
10.2977
10.3047
10.314
10.3239
10.3296
10.3308
10.3308
10.3308
10.3308
10.3307
10.3307
10.3307
10.3307
10.3307
10.3307
10.3307
10.3307
10.3307
10.3307
10.3307
10.3308
10.3308
10.3308
10.3308
10.3308
10.3305
10.3299
10.3292
10.3285
10.3278
10.3271
10.326
10.3249
10.3239
10.3231
10.3225
10.3238
10.3405
10.3996
10.4883
10.5581
10.5899
10.5963
10.5925
10.5889
10.585
10.5914
13.0668
13.0736
13.0757
13.0741
13.0707
13.0702
13.0707
13.0721
13.076
13.085
13.0984
13.1059
13.1068
13.1067
13.1052
13.1
13.0653
12.8083
11.7434
10.4461
10.2575
10.2569
10.2596
10.2633
10.2666
10.2696
10.2728
10.276
10.2793
10.2827
10.2862
10.2901
10.2948
10.3009
10.3091
10.3192
10.3275
10.3305
10.3308
10.3308
10.3308
10.3308
10.3307
10.3307
10.3307
10.3307
10.3307
10.3307
10.3307
10.3307
10.3307
10.3307
10.3307
10.3308
10.3308
10.3308
10.3308
10.3308
10.3305
10.3298
10.3291
10.3284
10.3275
10.3264
10.3253
10.3244
10.3236
10.3233
10.327
10.3547
10.4271
10.5166
10.5789
10.6056
10.6107
10.6054
10.5975
10.5942
10.5918
10.598
13.0629
13.0697
13.0721
13.071
13.0691
13.0682
13.0687
13.0702
13.0742
13.0832
13.0964
13.1042
13.1053
13.1054
13.1043
13.0995
13.0667
12.8201
11.777
10.4606
10.2583
10.2577
10.2606
10.2645
10.2679
10.271
10.2742
10.2774
10.2808
10.2843
10.288
10.2923
10.2977
10.3049
10.3144
10.3242
10.3297
10.3307
10.3308
10.3308
10.3308
10.3307
10.3307
10.3307
10.3307
10.3307
10.3307
10.3306
10.3306
10.3306
10.3306
10.3307
10.3307
10.3308
10.3308
10.3308
10.3308
10.3308
10.3305
10.3298
10.3289
10.3279
10.3268
10.3258
10.3249
10.3242
10.3245
10.3336
10.3758
10.4588
10.5441
10.5964
10.6148
10.6155
10.611
10.6063
10.6015
10.5992
10.5976
10.6035
13.0586
13.0657
13.0684
13.068
13.0677
13.0667
13.0669
13.0685
13.0727
13.0818
13.0949
13.1029
13.1043
13.1045
13.1036
13.0989
13.0678
12.8312
11.8098
10.4758
10.2595
10.2588
10.2618
10.2658
10.2693
10.2725
10.2757
10.279
10.2824
10.2861
10.2902
10.2951
10.3015
10.31
10.3201
10.328
10.3306
10.3308
10.3308
10.3308
10.3308
10.3307
10.3307
10.3307
10.3307
10.3307
10.3307
10.3306
10.3306
10.3306
10.3306
10.3306
10.3307
10.3308
10.3308
10.3308
10.3308
10.3308
10.3303
10.3294
10.3283
10.3272
10.3263
10.3255
10.325
10.3272
10.3462
10.4047
10.4931
10.5697
10.6126
10.6284
10.6295
10.6231
10.6148
10.6077
10.6041
10.6034
10.6026
10.6079
13.0539
13.061
13.0647
13.0645
13.0661
13.0657
13.0655
13.0672
13.0717
13.0811
13.0943
13.1025
13.1039
13.104
13.1032
13.0985
13.0688
12.8417
11.8418
10.4917
10.2609
10.26
10.2631
10.2672
10.2707
10.274
10.2773
10.2807
10.2843
10.2883
10.2929
10.2987
10.3064
10.316
10.3254
10.3301
10.3308
10.3308
10.3308
10.3308
10.3307
10.3307
10.3306
10.3306
10.3306
10.3306
10.3306
10.3306
10.3306
10.3306
10.3306
10.3307
10.3307
10.3308
10.3308
10.3308
10.3308
10.3305
10.3298
10.3288
10.3277
10.3269
10.3261
10.3264
10.3338
10.368
10.4411
10.5279
10.5924
10.624
10.6319
10.6309
10.6283
10.6249
10.6182
10.6113
10.6072
10.607
10.6068
10.6114
13.0494
13.0561
13.0605
13.0607
13.0629
13.0644
13.0643
13.0662
13.0711
13.081
13.0944
13.1026
13.1042
13.1042
13.1033
13.0985
13.0698
12.8516
11.8729
10.5079
10.2625
10.2615
10.2647
10.2688
10.2723
10.2755
10.2789
10.2826
10.2866
10.2911
10.2965
10.3034
10.3124
10.3222
10.329
10.3307
10.3308
10.3308
10.3308
10.3307
10.3307
10.3306
10.3306
10.3306
10.3306
10.3306
10.3306
10.3306
10.3306
10.3307
10.3307
10.3307
10.3307
10.3307
10.3307
10.3306
10.3302
10.3298
10.3292
10.3284
10.3275
10.3271
10.3298
10.3483
10.4009
10.4823
10.5604
10.6118
10.6365
10.6443
10.6427
10.6365
10.6289
10.6224
10.6179
10.6139
10.6103
10.61
10.6101
10.6142
13.0455
13.0518
13.0562
13.0567
13.0583
13.0619
13.0624
13.0648
13.0703
13.0807
13.0945
13.1028
13.1046
13.1047
13.104
13.0991
13.0713
12.8616
11.904
10.5251
10.2643
10.263
10.2662
10.2703
10.2739
10.2772
10.2809
10.2849
10.2894
10.2947
10.3011
10.3093
10.319
10.3273
10.3305
10.3308
10.3308
10.3308
10.3307
10.3307
10.3306
10.3306
10.3306
10.3306
10.3306
10.3306
10.3306
10.3307
10.3307
10.3307
10.3307
10.3307
10.3306
10.3305
10.3302
10.3299
10.3295
10.3293
10.329
10.3284
10.3292
10.3391
10.375
10.4436
10.5241
10.5888
10.6264
10.6411
10.6436
10.6435
10.6428
10.6385
10.6304
10.6222
10.6169
10.6149
10.6132
10.613
10.6132
10.6167
13.0427
13.0484
13.0526
13.0534
13.0539
13.0579
13.0598
13.0623
13.0683
13.0794
13.0937
13.1027
13.1049
13.105
13.1046
13.1001
13.0732
12.8716
11.9346
10.5431
10.2663
10.2645
10.2676
10.2719
10.2757
10.2795
10.2835
10.2881
10.2932
10.2993
10.3069
10.3162
10.3251
10.3299
10.3308
10.3308
10.3308
10.3308
10.3307
10.3307
10.3306
10.3306
10.3306
10.3306
10.3306
10.3306
10.3307
10.3307
10.3307
10.3307
10.3306
10.3305
10.3302
10.3298
10.3295
10.3293
10.3293
10.3293
10.3298
10.3355
10.3599
10.4154
10.4915
10.5624
10.6117
10.6389
10.651
10.6538
10.6511
10.6463
10.6408
10.6354
10.6295
10.6232
10.618
10.6156
10.6151
10.6155
10.6159
10.6188
13.0406
13.0462
13.0501
13.0512
13.0512
13.0542
13.0567
13.0593
13.0655
13.0768
13.0917
13.1017
13.1049
13.1054
13.1052
13.1011
13.075
12.8808
11.964
10.5612
10.2684
10.2663
10.2695
10.2741
10.2783
10.2825
10.287
10.2922
10.2981
10.3052
10.3139
10.323
10.3291
10.3307
10.3308
10.3308
10.3308
10.3308
10.3307
10.3306
10.3306
10.3306
10.3306
10.3306
10.3306
10.3306
10.3307
10.3307
10.3306
10.3305
10.3301
10.3297
10.3293
10.3292
10.3292
10.3292
10.3297
10.3337
10.3516
10.3965
10.4657
10.5381
10.5941
10.6286
10.6454
10.6508
10.6521
10.6534
10.6529
10.6478
10.6394
10.6323
10.6273
10.6238
10.6205
10.6179
10.617
10.6177
10.6182
10.6206
13.0364
13.0444
13.0483
13.0502
13.0507
13.0524
13.0551
13.0576
13.0632
13.0742
13.0893
13.1001
13.1044
13.1059
13.1059
13.1023
13.0769
12.8894
11.9919
10.5792
10.2705
10.2683
10.272
10.2771
10.2817
10.2863
10.2914
10.2973
10.3042
10.3123
10.3211
10.3281
10.3306
10.3308
10.3308
10.3308
10.3308
10.3307
10.3306
10.3306
10.3306
10.3306
10.3306
10.3306
10.3307
10.3307
10.3306
10.3304
10.3301
10.3296
10.3292
10.329
10.329
10.329
10.3294
10.3324
10.3465
10.3841
10.447
10.5184
10.5782
10.6185
10.6417
10.6538
10.6587
10.6589
10.6564
10.6533
10.6498
10.6454
10.6389
10.6318
10.6264
10.6236
10.6223
10.6207
10.6193
10.6197
10.6199
10.6218
13.0283
13.0413
13.0462
13.0491
13.0518
13.0527
13.055
13.0578
13.0626
13.073
13.0876
13.0988
13.1038
13.1057
13.106
13.1032
13.0786
12.8977
12.0195
10.5982
10.2734
10.271
10.275
10.2806
10.2859
10.2912
10.2971
10.3039
10.3116
10.32
10.3271
10.3304
10.3309
10.3309
10.3308
10.3308
10.3307
10.3306
10.3306
10.3306
10.3306
10.3307
10.3307
10.3307
10.3306
10.3304
10.33
10.3295
10.3291
10.3289
10.3288
10.3288
10.3291
10.3317
10.3436
10.3763
10.4336
10.5029
10.565
10.6091
10.6352
10.6487
10.6546
10.6569
10.6588
10.66
10.6584
10.6533
10.647
10.6414
10.6368
10.6319
10.6274
10.6242
10.6229
10.6224
10.6214
10.6215
10.6214
10.623
13.0165
13.0331
13.0418
13.0473
13.0525
13.0539
13.0563
13.0597
13.0644
13.0738
13.0875
13.0986
13.1035
13.106
13.1068
13.1046
13.0809
12.906
12.0464
10.6182
10.2771
10.2743
10.2788
10.285
10.2912
10.2975
10.3044
10.3117
10.3194
10.3262
10.33
10.3309
10.3309
10.3308
10.3308
10.3307
10.3307
10.3306
10.3307
10.3307
10.3307
10.3307
10.3306
10.3303
10.3299
10.3294
10.3289
10.3287
10.3287
10.3287
10.329
10.3316
10.3427
10.3726
10.4258
10.4921
10.5544
10.6013
10.6312
10.6482
10.657
10.6612
10.6623
10.6614
10.6598
10.6584
10.6563
10.6523
10.646
10.6394
10.6346
10.6317
10.6288
10.6258
10.6236
10.6229
10.6224
10.6226
10.6227
10.6241
12.9967
13.019
13.0327
13.0411
13.0507
13.0549
13.0575
13.0628
13.0693
13.0776
13.0898
13.1009
13.1069
13.1098
13.1107
13.1085
13.0847
12.9147
12.0728
10.6383
10.2814
10.2788
10.2844
10.2918
10.2987
10.3054
10.3124
10.3194
10.3256
10.3295
10.3306
10.3308
10.3308
10.3307
10.3307
10.3307
10.3307
10.3307
10.3307
10.3306
10.3305
10.3302
10.3297
10.3291
10.3288
10.3286
10.3286
10.3286
10.329
10.3319
10.3434
10.3726
10.4233
10.4867
10.5475
10.5947
10.6258
10.644
10.6533
10.6579
10.6602
10.6621
10.6635
10.6632
10.6609
10.6571
10.6533
10.6492
10.6448
10.6396
10.6347
10.6311
10.6293
10.6274
10.6253
10.624
10.6234
10.6237
10.6239
10.6252
12.9654
12.9956
13.0156
13.0296
13.0429
13.0528
13.0575
13.0639
13.0739
13.0854
13.0967
13.1068
13.1135
13.1164
13.1176
13.1159
13.0925
12.927
12.1021
10.6622
10.2889
10.286
10.2919
10.2999
10.307
10.3135
10.3196
10.325
10.3287
10.3304
10.3306
10.3307
10.3308
10.3309
10.3309
10.3308
10.3308
10.3307
10.3304
10.3299
10.3294
10.3288
10.3285
10.3284
10.3284
10.3285
10.3292
10.333
10.346
10.3762
10.4259
10.4868
10.5453
10.5915
10.6231
10.6428
10.6546
10.6611
10.6642
10.6648
10.664
10.6631
10.6625
10.6619
10.6603
10.6568
10.6517
10.647
10.643
10.6394
10.6354
10.6316
10.6292
10.628
10.6267
10.6256
10.6248
10.6249
10.625
10.626
12.9261
12.9606
12.9872
13.0084
13.0275
13.0432
13.0532
13.0614
13.0741
13.0905
13.1049
13.1175
13.1264
13.13
13.1314
13.13
13.1067
12.9447
12.1349
10.6895
10.2999
10.2964
10.3018
10.3091
10.3153
10.3206
10.325
10.3283
10.33
10.3305
10.3308
10.3309
10.331
10.3309
10.3308
10.3306
10.3302
10.3296
10.329
10.3285
10.3282
10.3282
10.3282
10.3284
10.3296
10.3351
10.3508
10.3834
10.4332
10.492
10.5474
10.5911
10.621
10.6394
10.6499
10.656
10.66
10.6631
10.6657
10.6668
10.6661
10.6644
10.6622
10.6604
10.6582
10.6555
10.6515
10.6466
10.6418
10.6382
10.6355
10.6326
10.6298
10.628
10.6272
10.6267
10.626
10.626
10.6259
10.6267
12.8909
12.9198
12.947
12.9732
12.9995
13.0227
13.0405
13.0533
13.0683
13.089
13.1072
13.1238
13.1387
13.1473
13.1512
13.1494
13.1264
12.9679
12.1707
10.7186
10.3128
10.3084
10.313
10.3185
10.3229
10.3262
10.3287
10.3302
10.3308
10.3309
10.3309
10.3309
10.3307
10.3304
10.3298
10.3291
10.3285
10.3281
10.328
10.328
10.3281
10.3285
10.3309
10.3391
10.3589
10.3948
10.4451
10.5015
10.5535
10.5943
10.6227
10.6411
10.6525
10.6592
10.663
10.6648
10.6653
10.6654
10.6655
10.6657
10.6656
10.6646
10.6625
10.6596
10.6568
10.6537
10.6503
10.6462
10.6417
10.6378
10.6351
10.6331
10.6309
10.6287
10.6274
10.6271
10.6266
10.6265
10.6264
10.6272
12.8721
12.8867
12.9052
12.9268
12.956
12.9865
13.0132
13.0346
13.0544
13.0793
13.1035
13.1204
13.141
13.1573
13.1649
13.1677
13.1467
12.9898
12.2027
10.745
10.3233
10.3175
10.321
10.3253
10.3279
10.3295
10.3306
10.3312
10.3313
10.3311
10.3306
10.33
10.3291
10.3284
10.3279
10.3277
10.3276
10.3277
10.3279
10.3292
10.3339
10.3463
10.3713
10.4109
10.4615
10.5148
10.5623
10.599
10.6239
10.6392
10.6482
10.6539
10.658
10.6618
10.6651
10.6674
10.6681
10.6675
10.6662
10.6651
10.6643
10.6633
10.662
10.6599
10.6566
10.6525
10.6487
10.6452
10.6417
10.6381
10.6351
10.633
10.6315
10.6299
10.6282
10.6275
10.6269
10.6269
10.6268
10.6276
12.8682
12.8731
12.8781
12.8852
12.9053
12.9351
12.9671
12.9972
13.0253
13.056
13.0887
13.1111
13.1324
13.1549
13.1679
13.1745
13.1575
13.0052
12.2272
10.7645
10.3282
10.3214
10.3242
10.3278
10.3299
10.3308
10.3312
10.3311
10.3305
10.3296
10.3287
10.328
10.3275
10.3272
10.3272
10.3273
10.3282
10.3314
10.34
10.3582
10.3891
10.4319
10.4816
10.5311
10.5738
10.6067
10.6296
10.6445
10.6538
10.6594
10.6625
10.6638
10.6644
10.6646
10.665
10.6659
10.6671
10.6674
10.6668
10.6653
10.6636
10.6624
10.6612
10.6594
10.6563
10.6523
10.648
10.6441
10.6411
10.6384
10.6355
10.633
10.6315
10.6304
10.6292
10.6283
10.6276
10.6275
10.6275
10.6282
12.8681
12.8711
12.87
12.8656
12.8695
12.8854
12.9104
12.9406
12.9743
13.0117
13.0533
13.0868
13.1125
13.141
13.1591
13.1699
13.1579
13.0115
12.2438
10.7784
10.3295
10.3224
10.3249
10.3277
10.3292
10.3298
10.3298
10.3293
10.3285
10.328
10.3277
10.3276
10.3276
10.3281
10.3304
10.337
10.3514
10.3765
10.4127
10.4572
10.5044
10.5487
10.5855
10.6129
10.6311
10.6419
10.6482
10.6526
10.6571
10.6616
10.6657
10.668
10.6683
10.6676
10.6665
10.6656
10.6655
10.6656
10.6657
10.6655
10.6646
10.663
10.661
10.6584
10.6554
10.6519
10.6479
10.6439
10.6406
10.6381
10.6359
10.6336
10.6316
10.6303
10.6296
10.6291
10.6285
10.6283
10.6282
10.6287
12.8682
12.871
12.8694
12.8622
12.8576
12.8603
12.8687
12.8849
12.9103
12.9463
12.9911
13.0353
13.0697
13.1047
13.1345
13.1512
13.1468
13.0081
12.2511
10.7862
10.3267
10.3195
10.3228
10.3257
10.3268
10.3271
10.327
10.327
10.3271
10.3273
10.3281
10.3306
10.3367
10.3494
10.3709
10.4023
10.442
10.4857
10.5287
10.5673
10.5992
10.6235
10.6402
10.6514
10.658
10.6614
10.6629
10.6636
10.6637
10.6638
10.6645
10.6659
10.6675
10.6678
10.6672
10.6658
10.6645
10.6642
10.6647
10.6652
10.665
10.6637
10.6611
10.6579
10.6544
10.6509
10.6476
10.6441
10.6406
10.6378
10.6358
10.6341
10.6321
10.6305
10.6296
10.6294
10.6289
10.6287
10.6285
10.629
12.8682
12.871
12.8694
12.8621
12.8564
12.8555
12.8555
12.8576
12.8655
12.8846
12.9183
12.9586
12.9964
13.0344
13.0756
13.1011
13.1071
12.9856
12.2434
10.7819
10.3186
10.312
10.3175
10.3214
10.3226
10.3231
10.3244
10.3266
10.3305
10.3376
10.3502
10.3704
10.3987
10.4344
10.4748
10.5153
10.5522
10.5832
10.6076
10.6254
10.637
10.6436
10.6485
10.6532
10.6586
10.6642
10.6682
10.6696
10.6689
10.6677
10.6662
10.6656
10.6653
10.6654
10.6655
10.6656
10.6654
10.6652
10.665
10.665
10.6646
10.6635
10.6612
10.6579
10.6541
10.6503
10.6468
10.6437
10.6407
10.638
10.6357
10.634
10.6325
10.6311
10.6299
10.6293
10.6287
10.6285
10.6283
10.629
12.8682
12.871
12.8694
12.8621
12.8564
12.8553
12.8542
12.8528
12.8532
12.8585
12.8739
12.8962
12.9181
12.9442
12.9786
13.0086
13.0217
12.9187
12.1991
10.7425
10.2866
10.2851
10.2974
10.3071
10.3146
10.3232
10.3342
10.3492
10.3701
10.3978
10.4311
10.468
10.5065
10.5441
10.577
10.6041
10.6257
10.642
10.6535
10.6606
10.6637
10.6644
10.6642
10.6635
10.6627
10.6631
10.6646
10.6669
10.6687
10.6689
10.6679
10.6658
10.664
10.6633
10.6637
10.6647
10.6656
10.666
10.6658
10.6653
10.6646
10.6632
10.6609
10.6578
10.654
10.6501
10.6463
10.6432
10.6407
10.6382
10.6358
10.6339
10.6326
10.6315
10.6304
10.6296
10.6289
10.6287
10.6285
10.6292
12.8682
12.871
12.8694
12.8621
12.8564
12.8553
12.8542
12.8526
12.8524
12.8552
12.8648
12.876
12.8819
12.888
12.899
12.9126
12.9166
12.8108
12.098
10.6496
10.2124
10.226
10.258
10.2894
10.3206
10.3528
10.3869
10.4232
10.46
10.4958
10.5288
10.5579
10.582
10.6002
10.6149
10.6273
10.6379
10.6467
10.654
10.6599
10.6646
10.6684
10.6701
10.6696
10.6681
10.666
10.6649
10.665
10.6653
10.6658
10.666
10.6658
10.6651
10.6645
10.6643
10.6645
10.665
10.6656
10.6659
10.6657
10.665
10.6633
10.6607
10.6573
10.6537
10.6499
10.6463
10.6431
10.6405
10.6382
10.6361
10.6341
10.6325
10.6314
10.6305
10.6299
10.6292
10.629
10.6289
10.6295
12.8682
12.871
12.8694
12.8621
12.8564
12.8553
12.8542
12.8526
12.8524
12.8552
12.8644
12.8744
12.8768
12.8767
12.8768
12.8766
12.8644
12.7365
12.0077
10.5508
10.1146
10.142
10.1976
10.2596
10.3231
10.3857
10.4446
10.4977
10.544
10.583
10.6147
10.6393
10.6574
10.67
10.6774
10.6801
10.6795
10.677
10.6735
10.6705
10.6686
10.6679
10.6681
10.6688
10.669
10.6686
10.6672
10.6651
10.6634
10.6627
10.6629
10.6637
10.6649
10.6654
10.6655
10.6653
10.6651
10.6652
10.6654
10.6656
10.6652
10.6637
10.6607
10.657
10.6532
10.6497
10.6465
10.6434
10.6405
10.6381
10.6361
10.6344
10.6327
10.6313
10.6304
10.63
10.6295
10.6294
10.6291
10.6296
)
;

boundaryField
{
    inlet
    {
        type            fixedValue;
        value           uniform 10;
    }
    outlet
    {
        type            zeroGradient;
    }
    bottom
    {
        type            symmetryPlane;
    }
    top
    {
        type            symmetryPlane;
    }
    obstacle
    {
        type            zeroGradient;
    }
    defaultFaces
    {
        type            empty;
    }
}


// ************************************************************************* //
