/*--------------------------------*- C++ -*----------------------------------*\
| =========                 |                                                 |
| \\      /  F ield         | OpenFOAM: The Open Source CFD Toolbox           |
|  \\    /   O peration     | Version:  v1912                                 |
|   \\  /    A nd           | Website:  www.openfoam.com                      |
|    \\/     M anipulation  |                                                 |
\*---------------------------------------------------------------------------*/
FoamFile
{
    version     2.0;
    format      ascii;
    class       volScalarField;
    location    "0.08";
    object      p;
}
// * * * * * * * * * * * * * * * * * * * * * * * * * * * * * * * * * * * * * //

dimensions      [1 -1 -2 0 0 0 0];


internalField   nonuniform List<scalar> 
4800
(
1
1
1
1
1
1
1
1.00022
1.38067
2.22066
2.27726
2.27694
2.27691
2.27714
2.2774
2.27794
2.28036
2.28789
2.29923
2.31518
2.33285
2.34418
2.3468
2.34513
2.34608
2.3538
2.41282
2.57714
2.71198
2.77161
2.80816
2.85007
2.89439
2.93853
2.9803
3.02186
3.06159
3.11087
3.16569
3.20032
1
1
1
1
1
1
1
1.00022
1.38067
2.22066
2.27726
2.27693
2.27691
2.27714
2.27741
2.27795
2.28036
2.28785
2.2991
2.31494
2.33259
2.34399
2.34668
2.34508
2.34604
2.35347
2.41075
2.57288
2.70911
2.76886
2.80656
2.84812
2.89202
2.93548
2.97661
3.01602
3.05418
3.09287
3.14058
3.17143
1
1
1
1
1
1
1
1.00022
1.38067
2.22066
2.27726
2.27693
2.27691
2.27715
2.27742
2.27797
2.28036
2.28776
2.29886
2.3145
2.33214
2.3437
2.34651
2.34501
2.34591
2.35281
2.40653
2.56496
2.70451
2.7651
2.80354
2.84436
2.88753
2.92979
2.96968
3.0057
3.03975
3.06932
3.10731
3.1335
1
1
1
1
1
1
1
1.00022
1.38067
2.22066
2.27726
2.27693
2.27692
2.27716
2.27745
2.278
2.28035
2.28762
2.29851
2.31385
2.33149
2.34326
2.34625
2.34491
2.34575
2.35195
2.40054
2.55326
2.69746
2.76023
2.7991
2.83897
2.88122
2.92181
2.96005
2.99246
3.02153
3.04443
3.0713
3.09206
1
1
1
1
1
1
1
1.00022
1.38067
2.22066
2.27726
2.27692
2.27692
2.27717
2.27748
2.27803
2.28033
2.28744
2.29805
2.31299
2.33061
2.34266
2.34591
2.34477
2.34557
2.35101
2.3933
2.53774
2.68746
2.75428
2.79325
2.83206
2.87321
2.91189
2.94812
2.97768
3.00155
3.01926
3.03802
3.0548
1
1
1
1
1
1
1
1.00022
1.38068
2.22066
2.27725
2.27692
2.27692
2.27719
2.27752
2.27808
2.28033
2.28724
2.2975
2.31193
2.32951
2.34189
2.34545
2.34457
2.34541
2.35012
2.3854
2.51858
2.67404
2.74704
2.78623
2.82384
2.86373
2.90055
2.93438
2.96178
2.98131
2.99522
3.0092
3.02205
1
1
1
1
1
1
1
1.00022
1.38068
2.22066
2.27725
2.27691
2.27692
2.27721
2.27756
2.27813
2.28033
2.28701
2.29687
2.31066
2.32819
2.34093
2.34487
2.34427
2.34527
2.34935
2.37745
2.49632
2.65668
2.73816
2.77827
2.81465
2.85307
2.88827
2.91947
2.94482
2.9614
2.97276
2.98429
2.9945
1
1
1
1
1
1
1
1.00022
1.38068
2.22066
2.27724
2.2769
2.27692
2.27723
2.27761
2.2782
2.28034
2.28676
2.2962
2.30922
2.32665
2.33977
2.34414
2.34389
2.34515
2.34873
2.37002
2.47194
2.63481
2.72719
2.76945
2.8047
2.84155
2.87542
2.90415
2.92717
2.94169
2.95158
2.96215
2.97122
1
1
1
1
1
1
1
1.00022
1.38068
2.22066
2.27724
2.27689
2.27692
2.27724
2.27766
2.27829
2.28036
2.28651
2.29552
2.30763
2.32487
2.33839
2.34324
2.34339
2.34504
2.34825
2.36359
2.44696
2.60812
2.7136
2.75965
2.79407
2.82938
2.86216
2.88893
2.90952
2.92223
2.93117
2.94142
2.95069
1
1
1
1
1
1
1
1.00022
1.38068
2.22066
2.27723
2.27689
2.27692
2.27726
2.27772
2.27838
2.28039
2.28627
2.29485
2.30591
2.32284
2.33677
2.34218
2.34279
2.34488
2.34785
2.35847
2.42308
2.57655
2.69659
2.74869
2.78287
2.81669
2.84848
2.87393
2.8925
2.90345
2.91136
2.92136
2.93135
1
1
1
1
1
1
1
1.00022
1.38069
2.22066
2.27723
2.27687
2.27691
2.27727
2.27777
2.27849
2.28044
2.28608
2.29419
2.30411
2.32055
2.33488
2.34094
2.34206
2.34465
2.34751
2.35475
2.40181
2.54059
2.67492
2.73627
2.77127
2.80369
2.83437
2.85903
2.87628
2.88575
2.89245
2.90195
2.91239
1
1
1
1
1
1
1
1.00022
1.38069
2.22067
2.27722
2.27686
2.2769
2.27729
2.27783
2.27861
2.28052
2.2859
2.29356
2.30231
2.31803
2.3327
2.3395
2.34119
2.34431
2.34722
2.35227
2.38428
2.50187
2.64736
2.72187
2.75943
2.79066
2.81995
2.84403
2.86068
2.86919
2.87484
2.88362
2.89398
1
1
1
1
1
1
1
1.00022
1.38069
2.22067
2.27721
2.27685
2.27689
2.27729
2.27788
2.27872
2.28062
2.28578
2.29296
2.30055
2.3153
2.33022
2.33784
2.34015
2.34384
2.34699
2.35075
2.37108
2.46325
2.613
2.70433
2.74705
2.77776
2.8055
2.8289
2.8453
2.85344
2.85852
2.86674
2.87663
1
1
1
1
1
1
1
1.00022
1.3807
2.22067
2.27721
2.27684
2.27688
2.2773
2.27793
2.27883
2.28074
2.28572
2.29241
2.29887
2.31242
2.32745
2.33588
2.33888
2.3432
2.34676
2.34984
2.36209
2.42825
2.57192
2.68203
2.73332
2.76495
2.79139
2.81379
2.82985
2.83799
2.84311
2.85124
2.86069
1
1
1
1
1
1
1
1.00022
1.3807
2.22067
2.27721
2.27683
2.27686
2.2773
2.27797
2.27893
2.28087
2.28571
2.29192
2.29734
2.30946
2.32439
2.33359
2.33739
2.34237
2.34647
2.34924
2.35653
2.39991
2.52573
2.653
2.7173
2.75202
2.77774
2.7989
2.81434
2.8226
2.82814
2.83658
2.84597
1
1
1
1
1
1
1
1.00022
1.3807
2.22068
2.2772
2.27683
2.27685
2.27729
2.27801
2.27904
2.28104
2.28574
2.2915
2.29601
2.30647
2.32101
2.33096
2.33564
2.34134
2.34605
2.34879
2.35337
2.37945
2.47837
2.6157
2.69766
2.73847
2.76449
2.78437
2.79899
2.80741
2.81336
2.82215
2.83182
1
1
1
1
1
1
1
1.00022
1.3807
2.22068
2.2772
2.27682
2.27683
2.27728
2.27803
2.27914
2.28121
2.2858
2.2912
2.29489
2.30355
2.31736
2.32796
2.33362
2.34007
2.34542
2.34841
2.35168
2.36637
2.43541
2.56984
2.67235
2.72334
2.75133
2.77024
2.7841
2.79273
2.79881
2.80759
2.81758
1
1
1
1
1
1
1
1.00022
1.3807
2.22069
2.2772
2.27681
2.27681
2.27726
2.27804
2.27922
2.28138
2.2859
2.29102
2.29394
2.30082
2.3135
2.32457
2.33128
2.33854
2.34455
2.34803
2.35077
2.359
2.40172
2.51816
2.63893
2.70493
2.73752
2.75644
2.7699
2.77873
2.78461
2.79294
2.80302
1
1
1
1
1
1
1
1.00022
1.3807
2.22069
2.2772
2.27681
2.2768
2.27725
2.27805
2.2793
2.28154
2.28604
2.29096
2.29315
2.29842
2.30954
2.32076
2.32853
2.33673
2.34345
2.34753
2.3502
2.3553
2.37928
2.46677
2.59559
2.68093
2.72209
2.74298
2.7564
2.76521
2.7707
2.77842
2.78835
1
1
1
1
1
1
1
1.00022
1.3807
2.22069
2.2772
2.27681
2.27679
2.27723
2.27804
2.27935
2.28169
2.28622
2.29098
2.29251
2.29641
2.30563
2.31654
2.32532
2.33458
2.34208
2.3468
2.34972
2.35347
2.3663
2.42292
2.5433
2.64885
2.70379
2.72951
2.74333
2.75172
2.75683
2.76413
2.77383
1
1
1
1
1
1
1
1.00022
1.3807
2.22069
2.2772
2.27681
2.27678
2.27721
2.27803
2.27939
2.28183
2.28643
2.29104
2.29206
2.29484
2.30188
2.31199
2.32164
2.33205
2.34041
2.34578
2.34918
2.35263
2.3597
2.39197
2.48787
2.60641
2.68032
2.71487
2.73028
2.73804
2.74277
2.74992
2.75953
1
1
1
1
1
1
1
1.00022
1.3807
2.22069
2.27721
2.27681
2.27677
2.27718
2.27801
2.27941
2.28194
2.28665
2.29116
2.29182
2.29363
2.29845
2.30726
2.31748
2.32907
2.33842
2.34448
2.34844
2.35213
2.35671
2.37412
2.43808
2.55337
2.64837
2.69729
2.71675
2.72416
2.72847
2.73558
2.74543
1
1
1
1
1
1
1
1.00022
1.3807
2.22069
2.27721
2.27682
2.27676
2.27717
2.27798
2.27942
2.28204
2.28685
2.29132
2.29179
2.29266
2.2956
2.30251
2.31281
2.32559
2.33607
2.34288
2.34741
2.3516
2.35537
2.36504
2.40183
2.49578
2.60515
2.67371
2.70132
2.70996
2.71417
2.72128
2.73189
1
1
1
1
1
1
1
1.00022
1.3807
2.22069
2.27721
2.27682
2.27676
2.27715
2.27795
2.27941
2.28211
2.28703
2.29152
2.29187
2.29193
2.29337
2.29795
2.3077
2.32152
2.33332
2.34096
2.34605
2.35085
2.35488
2.36121
2.38122
2.44359
2.55044
2.63994
2.68211
2.69522
2.70036
2.70783
2.72007
1
1
1
1
1
1
1
1.00022
1.3807
2.22069
2.27721
2.27682
2.27676
2.27714
2.27792
2.27938
2.28215
2.28719
2.29173
2.29204
2.29149
2.29174
2.29379
2.30232
2.31682
2.33006
2.3387
2.34437
2.34975
2.35446
2.35942
2.37149
2.40599
2.49112
2.59289
2.65569
2.67842
2.68723
2.6965
2.71133
1
1
1
1
1
1
1
1.00022
1.3807
2.22069
2.27721
2.27683
2.27677
2.27714
2.2779
2.27936
2.28216
2.28732
2.29196
2.29225
2.29135
2.29053
2.29026
2.29696
2.31152
2.32617
2.33607
2.3424
2.34826
2.35378
2.35888
2.36773
2.38553
2.43868
2.53383
2.61766
2.65741
2.67452
2.68831
2.7067
1
1
1
1
1
1
1
1.00022
1.3807
2.22069
2.27721
2.27683
2.27677
2.27714
2.27788
2.27932
2.28215
2.28742
2.29217
2.29248
2.29141
2.28972
2.28747
2.2919
2.30573
2.32154
2.33298
2.34013
2.34644
2.35269
2.3585
2.36592
2.37678
2.40289
2.47297
2.56554
2.62864
2.66058
2.68327
2.70556
1
1
1
1
1
1
1
1.00022
1.3807
2.22069
2.27721
2.27683
2.27677
2.27714
2.27787
2.27929
2.28213
2.28748
2.29235
2.29272
2.29159
2.28931
2.28545
2.28739
2.2997
2.31616
2.3293
2.33755
2.34433
2.35115
2.35779
2.36511
2.37389
2.38424
2.42339
2.50484
2.58866
2.64282
2.6791
2.7058
1
1
1
1
1
1
1
1.00022
1.3807
2.22069
2.27721
2.27683
2.27678
2.27714
2.27786
2.27926
2.28209
2.2875
2.29249
2.29296
2.29183
2.28915
2.28417
2.28366
2.29377
2.31006
2.32484
2.33456
2.34196
2.34922
2.35653
2.3643
2.37214
2.37742
2.39411
2.44903
2.5367
2.61597
2.6717
2.70548
1
1
1
1
1
1
1
1.00022
1.3807
2.22069
2.27721
2.27683
2.27678
2.27714
2.27786
2.27924
2.28205
2.28749
2.29258
2.29319
2.2921
2.28923
2.28344
2.28076
2.28835
2.30346
2.31948
2.33103
2.33929
2.34697
2.35465
2.36291
2.37077
2.37535
2.38217
2.4118
2.4827
2.57648
2.65398
2.69936
1
1
1
1
1
1
1
1.00022
1.3807
2.22069
2.27721
2.27683
2.27678
2.27715
2.27786
2.27923
2.28202
2.28747
2.29263
2.29337
2.29238
2.28944
2.2832
2.27875
2.2838
2.29681
2.31324
2.32673
2.3362
2.34435
2.35219
2.3608
2.36944
2.37521
2.38133
2.39792
2.44368
2.52686
2.618
2.68247
1
1
1
1
1
1
1
1.00022
1.3807
2.22069
2.27721
2.27683
2.27678
2.27715
2.27787
2.27922
2.28199
2.28743
2.29264
2.29349
2.29266
2.28971
2.28318
2.27759
2.28028
2.29058
2.30629
2.3214
2.33247
2.34129
2.34929
2.35807
2.36835
2.37609
2.3852
2.39991
2.42746
2.48276
2.56681
2.64711
1
1
1
1
1
1
1
1.00022
1.3807
2.22069
2.27721
2.27683
2.27678
2.27715
2.27787
2.27923
2.28197
2.28739
2.29262
2.29355
2.29291
2.28999
2.28332
2.27707
2.27784
2.28523
2.29908
2.31497
2.32784
2.33762
2.34607
2.3553
2.36791
2.37919
2.39262
2.40799
2.42596
2.45712
2.51451
2.59401
1
1
1
1
1
1
1
1.00022
1.3807
2.22069
2.27721
2.27683
2.27678
2.27715
2.27788
2.27923
2.28196
2.28735
2.29259
2.29357
2.29308
2.29028
2.28354
2.27702
2.27642
2.28109
2.29217
2.30755
2.322
2.33317
2.34262
2.35346
2.36875
2.38432
2.40183
2.41835
2.43045
2.44665
2.47725
2.53604
1
1
1
1
1
1
1
1.00022
1.3807
2.22069
2.27721
2.27683
2.27678
2.27715
2.27788
2.27924
2.28196
2.28732
2.29255
2.29355
2.29318
2.29056
2.28382
2.27716
2.27575
2.27822
2.28612
2.29965
2.3149
2.32785
2.33915
2.35315
2.37154
2.39126
2.41142
2.42816
2.43748
2.44407
2.45821
2.49119
1
1
1
1
1
1
1
1.00022
1.3807
2.22069
2.27721
2.27683
2.27678
2.27715
2.27788
2.27924
2.28197
2.28731
2.29251
2.2935
2.2932
2.29076
2.28415
2.27738
2.27564
2.27653
2.28135
2.292
2.30675
2.32156
2.33588
2.35424
2.37629
2.399
2.41998
2.43583
2.44367
2.4455
2.45092
2.46706
1
1
1
1
1
1
1
1.00022
1.3807
2.22069
2.27721
2.27683
2.27678
2.27715
2.27788
2.27924
2.28197
2.28731
2.29249
2.29345
2.29319
2.29088
2.28447
2.27769
2.27572
2.27568
2.27795
2.28535
2.29829
2.31458
2.33318
2.35667
2.38252
2.40647
2.42645
2.44065
2.44765
2.44842
2.45092
2.45829
1
1
1
1
1
1
1
1.00022
1.3807
2.22069
2.27721
2.27683
2.27678
2.27715
2.27788
2.27925
2.28198
2.28731
2.29247
2.29341
2.29315
2.29093
2.28471
2.27808
2.27586
2.27539
2.27586
2.28025
2.29058
2.30763
2.33119
2.35985
2.38882
2.41271
2.43061
2.44306
2.44994
2.45186
2.45296
2.45726
1
1
1
1
1
1
1
1.00022
1.3807
2.22069
2.27721
2.27683
2.27678
2.27715
2.27788
2.27925
2.28198
2.28732
2.29247
2.29338
2.2931
2.29095
2.28486
2.27838
2.27608
2.27514
2.27485
2.27694
2.28476
2.30191
2.32971
2.36263
2.39392
2.41698
2.4327
2.44362
2.45074
2.45436
2.45557
2.4582
1
1
1
1
1
1
1
1.00022
1.3807
2.22069
2.27721
2.27683
2.27678
2.27715
2.27788
2.27925
2.28198
2.28732
2.29246
2.29337
2.29307
2.29095
2.28493
2.27853
2.27628
2.27508
2.27452
2.27531
2.28148
2.2982
2.32804
2.36372
2.39704
2.42001
2.43477
2.44505
2.45195
2.45594
2.45798
2.45958
3.36257
3.23263
3.15864
3.10298
3.06534
3.03977
3.02122
3.00548
2.98778
2.96309
2.93865
2.91805
2.90116
2.88725
2.87697
2.87022
2.8665
2.86712
2.87212
2.87892
2.88197
2.87998
2.86651
2.85159
2.83623
2.82285
2.8137
2.80827
2.81054
2.82949
2.86775
2.92507
2.99749
3.07625
3.15099
3.20967
3.2411
3.25651
3.26057
3.25871
3.25277
3.24531
3.23921
3.23447
3.23062
3.22937
3.23102
3.24081
3.26446
3.30121
3.32703
3.32774
3.32231
3.31396
3.30202
3.28997
3.27858
3.26904
3.26338
3.26275
3.2641
3.26142
3.25801
3.26227
3.27626
3.30002
3.32995
3.35978
3.38393
3.39933
3.40899
3.41587
3.42154
3.42963
3.4471
3.4841
3.50983
3.49637
3.17833
2.00648
3.19799
3.09806
3.07135
3.04518
3.02653
3.0106
2.99723
2.98429
2.96875
2.94697
2.92444
2.90494
2.88942
2.87749
2.86998
2.86624
2.86441
2.86567
2.86909
2.87238
2.87272
2.87027
2.8577
2.84373
2.83031
2.81932
2.81453
2.81725
2.83107
2.85795
2.89618
2.94533
3.00643
3.0786
3.1455
3.1952
3.22482
3.24121
3.24805
3.24801
3.24542
3.24159
3.23773
3.23454
3.23342
3.23468
3.2397
3.25244
3.27674
3.31185
3.33395
3.33118
3.32428
3.31399
3.30199
3.29055
3.27934
3.26987
3.26278
3.25848
3.25814
3.26139
3.26768
3.27773
3.29376
3.317
3.34537
3.37129
3.38848
3.39926
3.40634
3.41233
3.41947
3.4301
3.4549
3.49447
3.4938
3.43319
2.99988
1.86595
3.14726
3.0888
3.06585
3.04039
3.02381
3.01161
3.00101
2.98747
2.96963
2.94791
2.92599
2.90775
2.89374
2.88297
2.87444
2.86822
2.8643
2.86365
2.86637
2.87092
2.8732
2.86997
2.85924
2.84645
2.83582
2.8316
2.83456
2.84692
2.86751
2.89339
2.92221
2.95483
2.99796
3.0595
3.11989
3.16366
3.19545
3.21774
3.23223
3.23787
3.23849
3.23824
3.23785
3.23839
3.23968
3.24221
3.24918
3.26283
3.28637
3.31941
3.34037
3.33632
3.32731
3.31455
3.30278
3.29188
3.28117
3.27241
3.2647
3.25828
3.25667
3.26115
3.27011
3.28404
3.30294
3.32728
3.35644
3.38315
3.39727
3.40183
3.40445
3.40869
3.4154
3.42604
3.45443
3.49912
3.48596
3.40904
2.9387
1.77616
3.09669
3.06249
3.04514
3.02352
3.01101
3.00101
2.99147
2.97705
2.95818
2.93794
2.91798
2.90177
2.88958
2.88048
2.87221
2.86535
2.86047
2.85847
2.86089
2.86589
2.86886
2.86606
2.85813
2.84882
2.84568
2.84992
2.86316
2.88282
2.90431
2.92495
2.94365
2.96283
2.9896
3.03421
3.08334
3.12068
3.15346
3.18261
3.20616
3.22059
3.22739
3.23359
3.24074
3.24416
3.24674
3.25063
3.25877
3.27392
3.29768
3.32856
3.34761
3.34318
3.33174
3.31701
3.3033
3.29172
3.28243
3.27355
3.26641
3.26274
3.26262
3.26714
3.27678
3.29037
3.30803
3.33217
3.36337
3.39362
3.40951
3.41223
3.41072
3.4108
3.41328
3.42326
3.45715
3.49124
3.47634
3.38541
2.82723
1.67355
3.05885
3.03705
3.02583
3.00714
2.99715
2.98934
2.98178
2.9686
2.95029
2.93175
2.91343
2.89851
2.88761
2.87899
2.87035
2.86276
2.85728
2.8551
2.85881
2.86519
2.87039
2.87017
2.86527
2.86274
2.86877
2.88147
2.89923
2.91763
2.93471
2.94831
2.95889
2.96861
2.9832
3.01041
3.04684
3.07531
3.10547
3.13853
3.17037
3.19756
3.21705
3.23085
3.24313
3.25023
3.25439
3.25848
3.266
3.28273
3.30935
3.33785
3.35289
3.34949
3.33674
3.3216
3.30531
3.29145
3.28042
3.27166
3.26707
3.26758
3.27257
3.27747
3.28312
3.29258
3.30725
3.33158
3.36682
3.39879
3.4153
3.42018
3.41882
3.41491
3.41252
3.42012
3.45486
3.48015
3.46723
3.36827
2.71157
1.59069
3.02493
3.00992
3.0023
2.98765
2.98152
2.97695
2.97193
2.95978
2.94181
2.92432
2.90831
2.8943
2.88406
2.87552
2.86645
2.85796
2.85242
2.85118
2.85741
2.86569
2.8723
2.87586
2.87773
2.88403
2.89714
2.91274
2.92824
2.94216
2.95329
2.96111
2.96621
2.97069
2.97883
2.99599
3.01993
3.03687
3.0565
3.08654
3.12359
3.16159
3.19485
3.21972
3.23973
3.25315
3.25976
3.26581
3.27382
3.29012
3.31986
3.34831
3.35933
3.35398
3.34138
3.32746
3.31098
3.29437
3.2824
3.27387
3.26985
3.27233
3.28009
3.28608
3.29019
3.29692
3.31204
3.33936
3.37338
3.39967
3.41454
3.42065
3.42138
3.41771
3.4141
3.41998
3.45353
3.47163
3.46156
3.33055
2.57299
1.52195
2.99664
2.98594
2.98063
2.96971
2.96625
2.96412
2.96159
2.95078
2.93386
2.91728
2.90324
2.88999
2.87952
2.87063
2.86142
2.8535
2.8494
2.84994
2.85871
2.87012
2.88022
2.89067
2.90032
2.91153
2.92487
2.93716
2.94774
2.95645
2.96267
2.96676
2.9689
2.97179
2.97714
2.98835
3.00277
3.01224
3.01938
3.03754
3.0705
3.11356
3.15825
3.19773
3.22818
3.25014
3.26124
3.27043
3.28139
3.29834
3.32871
3.35511
3.36297
3.35659
3.34468
3.3315
3.3172
3.30219
3.28925
3.27776
3.27159
3.27168
3.28035
3.29052
3.29724
3.30728
3.32675
3.35248
3.37637
3.39698
3.41144
3.41875
3.41972
3.41688
3.41419
3.42054
3.44967
3.46702
3.45313
3.28509
2.43502
1.46907
2.97288
2.96435
2.96033
2.95263
2.95119
2.95148
2.95125
2.94172
2.92583
2.91001
2.89688
2.88436
2.87316
2.86439
2.85646
2.85035
2.84813
2.85071
2.86308
2.88101
2.89785
2.91352
2.92608
2.93623
2.94505
2.95248
2.95847
2.96287
2.96618
2.96832
2.96965
2.97156
2.97579
2.98474
2.99535
2.99984
2.99919
3.00398
3.02175
3.05766
3.10615
3.15695
3.20208
3.23765
3.25864
3.27063
3.2853
3.30593
3.3354
3.35925
3.36328
3.35826
3.3471
3.33405
3.32002
3.30689
3.2966
3.28738
3.27692
3.27374
3.27827
3.28842
3.30052
3.31821
3.34098
3.36397
3.38293
3.39617
3.40647
3.4117
3.41221
3.40986
3.40948
3.41994
3.44952
3.4631
3.44125
3.22517
2.2911
1.42845
2.95264
2.94562
2.94253
2.93713
2.9372
2.93967
2.94156
2.93308
2.91794
2.90245
2.88937
2.87731
2.86642
2.85895
2.85324
2.84936
2.84973
2.85585
2.87373
2.89921
2.921
2.93685
2.94756
2.95384
2.95742
2.9603
2.96291
2.96471
2.96612
2.96713
2.96817
2.97044
2.97556
2.98435
2.99373
2.99713
2.99355
2.98934
2.99162
3.00725
3.04415
3.09747
3.15529
3.20772
3.24726
3.27145
3.28851
3.30992
3.33843
3.36137
3.36285
3.35846
3.34905
3.33711
3.32382
3.31009
3.29892
3.29243
3.28546
3.2801
3.28309
3.29249
3.30686
3.32516
3.34637
3.36811
3.38742
3.40144
3.40723
3.40742
3.40452
3.40203
3.40433
3.41718
3.44863
3.45821
3.43051
3.16085
2.15054
1.39874
2.93432
2.9287
2.92638
2.92259
2.92389
2.92833
2.93205
2.92446
2.90972
2.89408
2.8809
2.86977
2.8611
2.85589
2.85267
2.85249
2.85666
2.86898
2.89157
2.91985
2.94165
2.95457
2.96121
2.96369
2.96406
2.96351
2.96355
2.96385
2.96367
2.96385
2.96528
2.96872
2.97539
2.9854
2.99494
2.9987
2.99395
2.98604
2.97941
2.97916
2.99342
3.03148
3.09081
3.15783
3.21788
3.26111
3.28866
3.31217
3.33715
3.35894
3.36364
3.35859
3.34822
3.33831
3.32647
3.31399
3.30113
3.2927
3.28974
3.28906
3.29164
3.29733
3.30797
3.3253
3.34646
3.368
3.38563
3.39667
3.40096
3.40154
3.39955
3.39874
3.40156
3.41496
3.4485
3.45153
3.41375
3.0811
2.01519
1.3779
2.91683
2.91258
2.91113
2.90885
2.91113
2.91711
2.9221
2.91515
2.90059
2.88479
2.87231
2.86352
2.85831
2.85567
2.8562
2.86105
2.86994
2.88748
2.91088
2.93713
2.95542
2.96489
2.96822
2.96824
2.96683
2.96432
2.96211
2.96071
2.95957
2.96
2.96213
2.96625
2.97355
2.9846
2.99608
3.00057
2.99561
2.98681
2.97717
2.97119
2.9701
2.98429
3.02527
3.09018
3.16457
3.23023
3.27674
3.30801
3.33376
3.35556
3.36312
3.35916
3.35041
3.33773
3.32646
3.31531
3.3044
3.29474
3.28989
3.29213
3.29888
3.30761
3.31493
3.32651
3.34329
3.36051
3.37506
3.38637
3.39435
3.39906
3.40057
3.4004
3.40164
3.41407
3.44411
3.44263
3.39441
2.99113
1.89055
1.36385
2.89951
2.8966
2.89616
2.89534
2.8984
2.9053
2.91092
2.90449
2.89033
2.87539
2.8652
2.85996
2.85789
2.85973
2.86496
2.87435
2.88752
2.90564
2.92587
2.94804
2.96233
2.96944
2.97108
2.96944
2.96655
2.96318
2.95958
2.95718
2.95584
2.95616
2.95814
2.9623
2.96991
2.98241
2.99552
3.00038
2.9965
2.98835
2.97897
2.97127
2.96667
2.96778
2.98251
3.02307
3.08943
3.16894
3.24073
3.29045
3.32332
3.34977
3.36109
3.36041
3.35154
3.33811
3.32562
3.31503
3.30662
3.29988
3.29445
3.29305
3.29803
3.30709
3.31687
3.32848
3.34095
3.3537
3.36809
3.38087
3.38959
3.39539
3.39838
3.39942
3.40152
3.41544
3.43874
3.43253
3.3683
2.88818
1.77816
1.35468
2.8825
2.88077
2.88133
2.88171
2.88526
2.89233
2.89807
2.8925
2.87986
2.86759
2.8611
2.8591
2.86122
2.86861
2.87869
2.89035
2.90374
2.91878
2.93473
2.95286
2.96454
2.97045
2.97105
2.96814
2.96428
2.96084
2.95756
2.95504
2.95332
2.95279
2.95393
2.95783
2.96585
2.979
2.99257
2.99767
2.99549
2.98926
2.98177
2.97477
2.9697
2.96771
2.9692
2.98077
3.01716
3.08433
3.17003
3.24775
3.30195
3.33772
3.35682
3.36042
3.3536
3.34019
3.32511
3.3144
3.30853
3.30369
3.30084
3.29892
3.29791
3.30126
3.30964
3.32114
3.3384
3.35738
3.37126
3.38023
3.38696
3.39173
3.3948
3.39483
3.39701
3.41207
3.43251
3.42397
3.34059
2.77703
1.68014
1.34894
2.86646
2.86555
2.8668
2.8679
2.87147
2.87811
2.88403
2.88054
2.87131
2.86315
2.85993
2.8618
2.86969
2.88153
2.8937
2.90427
2.91504
2.92585
2.93867
2.95367
2.96419
2.96919
2.96886
2.96548
2.96163
2.95859
2.95596
2.95366
2.95172
2.95041
2.95081
2.95428
2.96203
2.97405
2.98662
2.99282
2.99258
2.98918
2.98472
2.97985
2.97535
2.97182
2.96975
2.97017
2.97864
3.01163
3.0802
3.17195
3.25647
3.3145
3.34708
3.35506
3.35488
3.34431
3.32938
3.31733
3.31049
3.30598
3.30245
3.30148
3.30144
3.30157
3.30436
3.31522
3.33675
3.36024
3.37855
3.3864
3.38853
3.39018
3.39003
3.38681
3.38879
3.40644
3.42476
3.41324
3.30692
2.65777
1.59736
1.34546
2.85174
2.85133
2.85283
2.85416
2.85731
2.86338
2.87039
2.87086
2.86656
2.86194
2.86285
2.8695
2.88124
2.89443
2.90551
2.91369
2.9213
2.92882
2.93939
2.95259
2.96238
2.96636
2.96582
2.96271
2.95936
2.95672
2.95421
2.95208
2.95025
2.94885
2.94917
2.95224
2.95855
2.96783
2.97874
2.98686
2.98919
2.98871
2.98696
2.98441
2.9812
2.97726
2.97329
2.97089
2.97152
2.97889
3.00926
3.07917
3.17746
3.2687
3.32429
3.34529
3.35062
3.34602
3.33412
3.32042
3.31231
3.30549
3.30116
3.29904
3.29988
3.30387
3.30887
3.31662
3.33535
3.35982
3.379
3.38885
3.39112
3.38935
3.38393
3.37829
3.38003
3.3995
3.41518
3.40136
3.26839
2.53286
1.52966
1.3434
2.83798
2.83792
2.83942
2.84066
2.84341
2.84967
2.85948
2.86529
2.86545
2.86511
2.87114
2.8805
2.89205
2.90371
2.91259
2.91878
2.92372
2.92937
2.938
2.95013
2.95919
2.96287
2.96261
2.9601
2.95729
2.95464
2.9519
2.94975
2.94838
2.94755
2.94826
2.95094
2.95511
2.96129
2.97101
2.98152
2.98704
2.98862
2.9884
2.98728
2.98512
2.98176
2.97741
2.97373
2.97275
2.97423
2.98111
3.00912
3.08033
3.18615
3.28269
3.32769
3.34124
3.3436
3.33655
3.32389
3.31416
3.30688
3.30038
3.2969
3.29649
3.30117
3.31254
3.32522
3.33976
3.3591
3.37674
3.38581
3.38605
3.38212
3.37524
3.36946
3.37223
3.39403
3.40587
3.38817
3.22223
2.40372
1.47591
1.34208
2.82441
2.8247
2.82617
2.82747
2.83076
2.83891
2.85329
2.86345
2.86777
2.87384
2.88265
2.89162
2.9002
2.90875
2.91571
2.92043
2.92338
2.92785
2.93506
2.94657
2.95585
2.95963
2.95974
2.95762
2.95493
2.95189
2.94886
2.94676
2.94598
2.94594
2.94709
2.94919
2.95162
2.95598
2.96525
2.97793
2.98614
2.98878
2.98895
2.98818
2.98666
2.98398
2.9804
2.97716
2.97526
2.97464
2.97558
2.98192
3.00938
3.08606
3.19991
3.29075
3.33074
3.33865
3.33659
3.32533
3.31574
3.30934
3.30408
3.29999
3.29917
3.30426
3.31573
3.33087
3.34567
3.35895
3.36946
3.37654
3.37585
3.37149
3.36509
3.35987
3.36442
3.38878
3.3978
3.37564
3.16974
2.27376
1.43438
1.34093
2.81046
2.81104
2.81255
2.81466
2.82044
2.83285
2.85104
2.86536
2.87524
2.88481
2.89328
2.90002
2.90539
2.91087
2.91605
2.91963
2.92115
2.92478
2.93113
2.9427
2.95273
2.95685
2.95722
2.95518
2.95214
2.9486
2.94544
2.9436
2.94332
2.9438
2.945
2.94644
2.94803
2.95204
2.96169
2.97617
2.98564
2.98842
2.98825
2.98704
2.98545
2.98328
2.98096
2.97904
2.97763
2.97649
2.97575
2.97593
2.98221
3.01379
3.09851
3.21386
3.29976
3.33205
3.33397
3.32617
3.31714
3.31121
3.30748
3.30582
3.30704
3.3093
3.31584
3.32842
3.34322
3.3527
3.35872
3.36581
3.36645
3.3617
3.35529
3.35029
3.35665
3.38353
3.3891
3.36111
3.10875
2.14588
1.40307
1.33971
2.79602
2.79681
2.7987
2.80307
2.81358
2.83105
2.85287
2.87185
2.88435
2.89347
2.90028
2.90485
2.90795
2.91111
2.91429
2.91672
2.91749
2.92087
2.92707
2.93862
2.94937
2.95401
2.95466
2.95263
2.9492
2.94528
2.94205
2.94042
2.94033
2.94086
2.94171
2.94261
2.94434
2.94915
2.95983
2.97494
2.98428
2.98647
2.98552
2.9834
2.98132
2.9796
2.97856
2.97809
2.97779
2.97748
2.97623
2.97456
2.97498
2.98474
3.02447
3.11581
3.23212
3.3076
3.3296
3.32487
3.31756
3.31232
3.30842
3.30793
3.30909
3.31008
3.31333
3.31933
3.32746
3.33625
3.34657
3.35752
3.3601
3.35421
3.34723
3.3423
3.34977
3.37751
3.37971
3.34454
3.0386
2.02288
1.3802
1.33869
2.78147
2.78259
2.78587
2.79438
2.81036
2.83247
2.85875
2.879
2.89126
2.89873
2.90353
2.90658
2.90792
2.90908
2.9109
2.91233
2.91337
2.91699
2.92313
2.93423
2.94542
2.95066
2.95172
2.94988
2.94638
2.94224
2.93868
2.93685
2.93649
2.93673
2.93716
2.938
2.94039
2.94613
2.95735
2.97235
2.9809
2.98215
2.98015
2.97726
2.97466
2.97301
2.97275
2.97354
2.9744
2.97466
2.97367
2.9721
2.97211
2.977
2.99367
3.03846
3.13646
3.24911
3.30953
3.32285
3.31756
3.31245
3.3086
3.30724
3.30588
3.30432
3.30702
3.31043
3.31357
3.32196
3.33553
3.34838
3.35269
3.34638
3.33929
3.3353
3.34478
3.3722
3.37002
3.3248
2.95848
1.90734
1.36427
1.33826
2.76729
2.76967
2.77623
2.78995
2.81014
2.83643
2.86505
2.88445
2.89492
2.90071
2.90358
2.90505
2.90485
2.90475
2.90641
2.90777
2.90948
2.91331
2.91938
2.92982
2.94104
2.94666
2.94809
2.94654
2.94328
2.939
2.93467
2.93217
2.93117
2.93109
2.9315
2.93278
2.9358
2.94202
2.95325
2.96765
2.97531
2.97537
2.97278
2.96974
2.96692
2.96502
2.96437
2.96507
2.96638
2.96717
2.96694
2.96631
2.96773
2.97409
2.98515
3.00351
3.05021
3.1579
3.26095
3.30794
3.31478
3.31221
3.30853
3.30508
3.30032
3.29398
3.29233
3.29714
3.30499
3.31605
3.32917
3.33895
3.34246
3.33668
3.32959
3.32692
3.33966
3.3671
3.36073
3.30271
2.86946
1.80194
1.35388
1.33854
2.75419
2.75977
2.77162
2.78943
2.81256
2.84067
2.86881
2.8868
2.89556
2.89957
2.90046
2.90031
2.89935
2.89943
2.90131
2.90304
2.90542
2.90948
2.91566
2.92557
2.93647
2.94212
2.94364
2.9422
2.93907
2.93456
2.92928
2.92585
2.92442
2.92443
2.92544
2.92749
2.93094
2.9372
2.94832
2.96206
2.9688
2.96834
2.96585
2.9632
2.96057
2.95831
2.95677
2.95602
2.95633
2.95705
2.95766
2.95854
2.96146
2.96941
2.98196
2.99264
3.00481
3.06538
3.18158
3.26948
3.30197
3.30526
3.30475
3.3004
3.29241
3.2834
3.27874
3.28364
3.29615
3.31193
3.32417
3.32938
3.33049
3.32516
3.31815
3.31679
3.33485
3.36132
3.35094
3.27644
2.77273
1.70946
1.34895
1.343
2.74319
2.75398
2.77115
2.79204
2.81663
2.84344
2.86941
2.88594
2.89303
2.89509
2.89445
2.89373
2.89312
2.89374
2.89581
2.89795
2.90082
2.90515
2.91158
2.92122
2.9315
2.93665
2.93782
2.93622
2.93302
2.92836
2.92263
2.9188
2.91775
2.91849
2.92045
2.92344
2.92751
2.93406
2.94551
2.95937
2.96565
2.96539
2.96329
2.96133
2.95935
2.95717
2.95481
2.95248
2.95102
2.95096
2.95149
2.95268
2.95725
2.96637
2.97956
2.9882
2.9911
3.00723
3.08897
3.20422
3.27225
3.29142
3.294
3.28862
3.2806
3.27336
3.26939
3.27348
3.28638
3.30239
3.3157
3.32064
3.32025
3.31427
3.30646
3.30649
3.33059
3.3538
3.33927
3.24654
2.67149
1.63347
1.35544
1.35664
2.73545
2.75199
2.77357
2.79652
2.81997
2.8441
2.86744
2.88188
2.88731
2.88845
2.88739
2.88686
2.88692
2.88801
2.89015
2.89253
2.89548
2.8999
2.90648
2.91607
2.92566
2.92987
2.93039
2.92857
2.92548
2.92146
2.91658
2.91352
2.91347
2.91523
2.91817
2.92203
2.92689
2.93438
2.94718
2.96284
2.97102
2.97257
2.97239
2.9721
2.97193
2.97146
2.97
2.96728
2.96415
2.96217
2.96174
2.96238
2.96437
2.96967
2.98017
2.98895
2.98835
2.98686
3.01872
3.11758
3.22035
3.26768
3.27495
3.2713
3.26448
3.26034
3.25925
3.26476
3.27569
3.29094
3.3032
3.30943
3.31013
3.30521
3.29671
3.29793
3.32724
3.3442
3.32564
3.21532
2.57266
1.57926
1.36956
1.37333
2.73104
2.75255
2.77703
2.79995
2.82147
2.84253
2.86252
2.87507
2.88014
2.88147
2.88063
2.88031
2.88087
2.88232
2.88455
2.88693
2.88955
2.89354
2.89986
2.90932
2.91841
2.92188
2.92225
2.92081
2.9185
2.91608
2.91322
2.91161
2.9127
2.91548
2.91967
2.92548
2.9338
2.94631
2.96512
2.98704
3.0014
3.00803
3.01235
3.01599
3.01951
3.02267
3.02482
3.02562
3.02493
3.02348
3.02225
3.02137
3.02062
3.01965
3.02009
3.01538
3.00125
2.98851
2.99095
3.04279
3.1461
3.22484
3.25162
3.24833
3.24477
3.24351
3.24457
3.2505
3.26321
3.28278
3.29514
3.29893
3.29913
3.29598
3.28907
3.29132
3.32317
3.33299
3.31405
3.18932
2.48015
1.54335
1.38254
1.38625
2.72943
2.754
2.7791
2.80107
2.82022
2.83797
2.85523
2.86718
2.87283
2.87499
2.87457
2.87433
2.87516
2.87688
2.87911
2.88116
2.88298
2.88593
2.8916
2.90096
2.91113
2.91538
2.91669
2.91638
2.91527
2.91443
2.91362
2.91447
2.91816
2.92458
2.93405
2.94738
2.96507
2.98697
3.0139
3.04217
3.06172
3.07163
3.07702
3.08073
3.08413
3.08748
3.09084
3.09424
3.09693
3.09828
3.09896
3.10046
3.10449
3.11086
3.11521
3.10705
3.08352
3.04908
3.01627
3.01867
3.08431
3.17448
3.21854
3.22643
3.22476
3.22139
3.22386
3.23436
3.25238
3.27864
3.29128
3.29166
3.28963
3.28661
3.28091
3.28457
3.31836
3.32449
3.31044
3.17074
2.39151
1.51368
1.39175
1.39542
2.72971
2.75483
2.77879
2.79854
2.8152
2.83094
2.84692
2.8592
2.86575
2.86879
2.86887
2.86866
2.86951
2.87108
2.87298
2.87432
2.87508
2.87719
2.88279
2.89264
2.90529
2.91184
2.91429
2.91537
2.91606
2.91803
2.92285
2.93138
2.94319
2.9586
2.97682
2.99714
3.0195
3.04415
3.07188
3.09954
3.11839
3.12649
3.12871
3.1291
3.12961
3.13109
3.13376
3.13779
3.14239
3.14586
3.14787
3.15025
3.15633
3.17109
3.19057
3.19342
3.18074
3.15653
3.12075
3.0854
3.08793
3.14941
3.2106
3.21603
3.20912
3.20195
3.19947
3.21151
3.24032
3.27379
3.28762
3.28613
3.28313
3.27894
3.27241
3.27626
3.31416
3.32625
3.32072
3.15279
2.29728
1.48815
1.39843
1.40238
2.73069
2.75429
2.77505
2.79197
2.80722
2.82251
2.83868
2.85174
2.85892
2.86233
2.86301
2.86314
2.86379
2.86471
2.86603
2.86673
2.86702
2.86969
2.87647
2.88767
2.90273
2.91264
2.91788
2.923
2.93004
2.94106
2.95654
2.97466
2.99446
3.01456
3.03412
3.05275
3.07102
3.09057
3.11288
3.13564
3.15175
3.15755
3.15777
3.15619
3.15491
3.15511
3.15712
3.16094
3.16625
3.17144
3.17539
3.17859
3.18435
3.19982
3.22417
3.23756
3.23484
3.22278
3.20248
3.17594
3.15945
3.18851
3.24335
3.25876
3.22071
3.19644
3.18659
3.18901
3.21557
3.25777
3.27903
3.27894
3.27421
3.27174
3.26499
3.27022
3.31754
3.34145
3.33965
3.12358
2.19702
1.46717
1.40372
1.40809
2.72993
2.75047
2.7678
2.7828
2.79761
2.81338
2.83065
2.84456
2.85191
2.85526
2.85634
2.85678
2.85673
2.8566
2.85769
2.85883
2.86051
2.86568
2.87417
2.88705
2.90509
2.92324
2.93802
2.95309
2.97102
2.9902
3.01026
3.02989
3.04833
3.06505
3.07982
3.09262
3.10469
3.11832
3.13513
3.15379
3.16803
3.17316
3.17335
3.17167
3.17008
3.1698
3.17133
3.17464
3.17977
3.18589
3.19164
3.19632
3.20296
3.21716
3.23881
3.25507
3.25704
3.24998
3.23494
3.2151
3.20066
3.21669
3.28259
3.33938
3.31414
3.23882
3.19188
3.17997
3.19472
3.22847
3.25646
3.26598
3.26173
3.26091
3.25858
3.27391
3.33519
3.36861
3.35646
3.07666
2.09709
1.45219
1.40821
1.41301
2.72563
2.74348
2.75897
2.77299
2.78766
2.80399
2.82243
2.83719
2.84455
2.84744
2.84811
2.84829
2.84753
2.84726
2.84985
2.85353
2.85805
2.866
2.87755
2.89583
2.9228
2.95368
2.98133
3.00467
3.02608
3.04373
3.05875
3.07272
3.08529
3.09692
3.10699
3.11536
3.12359
3.13361
3.14672
3.16244
3.1761
3.1823
3.18358
3.18264
3.18124
3.18077
3.18171
3.18417
3.1885
3.19491
3.20212
3.20941
3.21817
3.23086
3.2469
3.2616
3.26914
3.26762
3.25652
3.24032
3.22408
3.22287
3.27071
3.36531
3.41599
3.37473
3.2719
3.20247
3.18645
3.20456
3.22493
3.23848
3.24505
3.24698
3.25446
3.28873
3.36338
3.39535
3.35933
3.0138
2.00235
1.44265
1.41227
1.41726
2.7161
2.73403
2.74903
2.76258
2.77697
2.79389
2.81392
2.82891
2.83581
2.8376
2.83696
2.83676
2.83662
2.83889
2.84478
2.85184
2.86082
2.8745
2.89533
2.92624
2.96367
3.00067
3.03154
3.0534
3.07002
3.08144
3.0897
3.09754
3.10601
3.11416
3.12135
3.12783
3.13472
3.14324
3.15432
3.16834
3.18221
3.19008
3.19226
3.1916
3.19015
3.1895
3.18998
3.1919
3.19594
3.20248
3.21041
3.21926
3.22921
3.2415
3.25603
3.26948
3.27905
3.28245
3.27645
3.26136
3.24183
3.22825
3.24258
3.3171
3.42248
3.46553
3.42204
3.31704
3.22622
3.19837
3.20046
3.2036
3.2121
3.22571
3.25121
3.30658
3.38809
3.41024
3.34833
2.94274
1.91726
1.43709
1.41607
1.42094
2.69647
2.72144
2.73872
2.75289
2.76718
2.78396
2.80413
2.81958
2.82652
2.82758
2.8257
2.82622
2.82994
2.83655
2.8458
2.85883
2.87684
2.90256
2.93544
2.97418
3.01278
3.04579
3.06997
3.08522
3.09563
3.10215
3.10648
3.11075
3.1168
3.12308
3.1292
3.13558
3.14265
3.15084
3.16107
3.17425
3.1882
3.19707
3.19956
3.19874
3.19732
3.1968
3.19736
3.19923
3.20284
3.2084
3.21566
3.22472
3.23555
3.24847
3.26222
3.27247
3.27739
3.28013
3.28163
3.27518
3.26066
3.2437
3.23742
3.27393
3.37116
3.45998
3.49671
3.46134
3.36943
3.24986
3.19064
3.1779
3.17843
3.20425
3.25096
3.32058
3.39894
3.40694
3.32574
2.86882
1.84379
1.43409
1.41947
1.42413
2.66218
2.70174
2.72548
2.74216
2.75705
2.77377
2.79348
2.80857
2.815
2.81571
2.81517
2.81981
2.82842
2.8404
2.85795
2.88292
2.91329
2.94742
2.98315
3.0189
3.05036
3.07563
3.09168
3.10176
3.10843
3.11264
3.11541
3.11802
3.1223
3.12769
3.13406
3.14145
3.14939
3.15773
3.16764
3.18023
3.19388
3.20314
3.20588
3.20519
3.20401
3.20375
3.20444
3.20603
3.20868
3.21284
3.21934
3.22853
3.24008
3.25283
3.2637
3.27054
3.2748
3.27942
3.28455
3.286
3.27968
3.26692
3.25373
3.2595
3.31568
3.41632
3.48662
3.51886
3.49814
3.41114
3.25037
3.16504
3.16027
3.19171
3.25383
3.32612
3.38642
3.38734
3.29328
2.79032
1.78266
1.43286
1.42243
1.42685
2.6107
2.66943
2.70601
2.72937
2.74653
2.76286
2.78101
2.79547
2.80224
2.80608
2.81072
2.82077
2.83598
2.85905
2.89009
2.92485
2.95949
2.9909
3.02038
3.04792
3.07192
3.09186
3.10335
3.11099
3.11578
3.11881
3.12073
3.12247
3.12588
3.13106
3.13808
3.14669
3.15565
3.16435
3.1741
3.18616
3.19929
3.20862
3.21179
3.21158
3.21065
3.21043
3.21101
3.21219
3.21415
3.21739
3.22288
3.23126
3.24228
3.25447
3.26524
3.27302
3.27752
3.28059
3.28457
3.28846
3.28822
3.2795
3.2634
3.24976
3.26392
3.34478
3.45065
3.53097
3.56168
3.52497
3.4101
3.22757
3.16562
3.19446
3.25749
3.31925
3.35767
3.35591
3.24907
2.7071
1.73484
1.433
1.42503
1.42917
2.55149
2.62091
2.67485
2.70989
2.73307
2.75006
2.76666
2.78119
2.79168
2.80237
2.81459
2.83405
2.86214
2.89734
2.9345
2.96891
2.99821
3.02118
3.0424
3.06246
3.08274
3.10022
3.11026
3.11701
3.121
3.12334
3.12465
3.1261
3.12957
3.13515
3.14273
3.15189
3.1612
3.17008
3.1797
3.19141
3.20424
3.21375
3.21753
3.21796
3.21734
3.21703
3.21735
3.21811
3.21959
3.22206
3.22619
3.23304
3.24341
3.25674
3.27028
3.2794
3.28198
3.28121
3.28298
3.28828
3.28975
3.27959
3.26099
3.2449
3.24518
3.29963
3.41545
3.52559
3.5723
3.54998
3.50272
3.39948
3.24655
3.21887
3.2603
3.29945
3.31899
3.31105
3.19052
2.62357
1.70199
1.43412
1.42726
1.43111
2.5029
2.56275
2.62761
2.67795
2.71275
2.73438
2.75096
2.76879
2.78785
2.80827
2.83429
2.86675
2.90443
2.94159
2.97413
3.00166
3.02276
3.03845
3.05388
3.06955
3.08804
3.10472
3.11519
3.12217
3.12604
3.12808
3.1291
3.13049
3.13402
3.13955
3.14675
3.15532
3.16438
3.17379
3.18439
3.19686
3.20982
3.21911
3.22286
3.2236
3.22327
3.22291
3.22296
3.22334
3.22417
3.22573
3.22855
3.2338
3.24326
3.25759
3.27319
3.28255
3.2844
3.28238
3.28028
3.28139
3.28343
3.28042
3.26867
3.25477
3.24807
3.27094
3.36208
3.48121
3.54302
3.55507
3.55052
3.53981
3.47599
3.32482
3.26756
3.26773
3.27145
3.25143
3.1136
2.54546
1.68581
1.43629
1.42915
1.43263
2.47526
2.51185
2.56924
2.62983
2.67897
2.71287
2.73616
2.76515
2.79658
2.83166
2.8706
2.91006
2.94604
2.9763
3.00055
3.02014
3.03454
3.04657
3.05945
3.07401
3.09202
3.1083
3.11884
3.12592
3.12997
3.13212
3.13316
3.13458
3.13821
3.14363
3.15014
3.1577
3.16612
3.17563
3.1869
3.20029
3.21383
3.22314
3.22681
3.22779
3.22776
3.22758
3.22757
3.22758
3.2276
3.2282
3.23026
3.23476
3.24315
3.25679
3.2718
3.28106
3.28364
3.28209
3.27786
3.27518
3.27787
3.28298
3.28136
3.26794
3.25217
3.25697
3.31161
3.42104
3.50881
3.55596
3.57969
3.6114
3.62985
3.56334
3.34496
3.2393
3.21193
3.17454
3.01577
2.47269
1.6882
1.43958
1.43057
1.43375
2.46535
2.48192
2.51716
2.57145
2.63013
2.68262
2.72628
2.77385
2.8214
2.86937
2.91189
2.94727
2.97518
2.99689
3.01384
3.02811
3.0394
3.0509
3.06386
3.07892
3.09627
3.11168
3.12201
3.12949
3.13451
3.13765
3.13925
3.14036
3.14288
3.14703
3.15233
3.15897
3.16709
3.17703
3.18961
3.20491
3.21987
3.22946
3.23296
3.23356
3.23289
3.23202
3.2316
3.2317
3.23196
3.23246
3.23393
3.23743
3.24411
3.255
3.26802
3.27771
3.2816
3.28074
3.27692
3.27334
3.27284
3.27719
3.2833
3.27804
3.26665
3.26851
3.29409
3.35893
3.45575
3.5349
3.59866
3.66655
3.71164
3.69859
3.551
3.28064
3.1615
3.08481
2.89328
2.4018
1.70434
1.44471
1.43164
1.43466
2.46323
2.47061
2.4865
2.52063
2.57587
2.64571
2.72051
2.79268
2.85532
2.90643
2.94391
2.96973
2.98894
3.00368
3.01525
3.02653
3.03798
3.05104
3.06519
3.08075
3.09703
3.11107
3.1207
3.12817
3.13415
3.13885
3.14183
3.14324
3.14458
3.14695
3.15052
3.15592
3.1637
3.17413
3.1877
3.2046
3.22132
3.23155
3.23517
3.23573
3.23465
3.2332
3.23236
3.23275
3.23403
3.23538
3.23646
3.23817
3.24243
3.25095
3.26336
3.27396
3.2788
3.27749
3.27262
3.26686
3.26182
3.26154
3.26924
3.28422
3.29626
3.29711
3.2955
3.31089
3.38693
3.506
3.63318
3.70728
3.7318
3.69533
3.61931
3.44559
3.1827
2.99648
2.75393
2.34234
1.7281
1.45076
1.43241
1.43508
2.46292
2.46865
2.47601
2.49332
2.53556
2.61119
2.70939
2.80579
2.88175
2.93497
2.96844
2.98908
3.00296
3.0135
3.02369
3.0337
3.04563
3.05838
3.0726
3.08843
3.10438
3.11838
3.12776
3.13515
3.14097
3.1452
3.14767
3.14856
3.14963
3.15209
3.15579
3.16139
3.16942
3.17991
3.19333
3.2101
3.22664
3.23671
3.24021
3.24057
3.23915
3.23752
3.23671
3.23708
3.23834
3.23965
3.24042
3.24146
3.24488
3.25337
3.26649
3.27686
3.28015
3.27738
3.27098
3.26337
3.2578
3.25939
3.2731
3.30227
3.32789
3.32592
3.29886
3.27862
3.31886
3.4657
3.65192
3.7779
3.80098
3.77413
3.72329
3.58266
3.26788
2.89538
2.63883
2.3035
1.75038
1.45509
1.43311
1.43566
)
;

boundaryField
{
    inlet
    {
        type            fixedValue;
        value           uniform 1;
    }
    outlet
    {
        type            zeroGradient;
    }
    bottom
    {
        type            symmetryPlane;
    }
    top
    {
        type            symmetryPlane;
    }
    obstacle
    {
        type            zeroGradient;
    }
    defaultFaces
    {
        type            empty;
    }
}


// ************************************************************************* //
