/*--------------------------------*- C++ -*----------------------------------*\
| =========                 |                                                 |
| \\      /  F ield         | OpenFOAM: The Open Source CFD Toolbox           |
|  \\    /   O peration     | Version:  v1912                                 |
|   \\  /    A nd           | Website:  www.openfoam.com                      |
|    \\/     M anipulation  |                                                 |
\*---------------------------------------------------------------------------*/
FoamFile
{
    version     2.0;
    format      ascii;
    class       volScalarField;
    location    "0.62";
    object      rho;
}
// * * * * * * * * * * * * * * * * * * * * * * * * * * * * * * * * * * * * * //

dimensions      [1 -3 0 0 0 0 0];


internalField   nonuniform List<scalar> 
4800
(
37.0016
3.64463
1.2843
1.24917
1.07214
0.879492
0.808985
0.799022
0.815655
0.856315
0.910523
0.970094
1.02396
1.05695
1.06218
1.05379
1.03061
1.00551
0.934303
0.789456
0.708128
0.69784
0.689939
0.689785
0.689286
0.687009
0.685381
0.686719
0.691228
0.698509
0.706677
0.71217
0.713101
0.709709
0.695374
0.66299
0.591256
0.514726
0.494003
0.493065
37.0165
3.64791
1.28223
1.24524
1.07034
0.880497
0.810983
0.802546
0.81952
0.860151
0.913072
0.969881
1.02013
1.05083
1.05799
1.05277
1.03336
1.01093
0.93893
0.791819
0.707229
0.694754
0.687761
0.68872
0.689563
0.689351
0.689735
0.692244
0.697206
0.703732
0.708383
0.709609
0.709575
0.706456
0.693585
0.664418
0.594026
0.51747
0.497069
0.496112
37.0176
3.6492
1.27912
1.23912
1.06737
0.881894
0.813749
0.808021
0.825589
0.866056
0.916424
0.968149
1.0134
1.04291
1.05405
1.05253
1.03848
1.01608
0.941346
0.793719
0.705021
0.69079
0.685207
0.687312
0.690813
0.694107
0.697655
0.70221
0.706938
0.709444
0.708427
0.705496
0.704109
0.702271
0.69159
0.666876
0.598383
0.521356
0.500425
0.498756
37.0104
3.64803
1.27555
1.23206
1.06468
0.884458
0.817347
0.814384
0.832252
0.872119
0.918912
0.964802
1.00542
1.03409
1.04948
1.05134
1.04381
1.02061
0.944208
0.796446
0.702642
0.685559
0.681576
0.685777
0.692159
0.698834
0.706348
0.713578
0.717326
0.714638
0.707426
0.701072
0.69834
0.6975
0.688838
0.668933
0.603305
0.526301
0.50543
0.503324
37.0052
3.64416
1.2716
1.22562
1.06314
0.887826
0.821637
0.820455
0.837961
0.875668
0.918608
0.960033
0.997283
1.02625
1.04576
1.0496
1.04577
1.02223
0.945949
0.798965
0.699968
0.679759
0.676981
0.683915
0.69413
0.705039
0.715624
0.722694
0.7239
0.717509
0.706816
0.697906
0.693734
0.69311
0.685969
0.6702
0.608142
0.531855
0.510998
0.508442
37.0015
3.63626
1.26787
1.22116
1.06327
0.891867
0.825866
0.82605
0.842418
0.877272
0.916235
0.954493
0.990829
1.02139
1.0438
1.04808
1.04431
1.0208
0.946118
0.800552
0.697531
0.674516
0.672007
0.68221
0.697182
0.711619
0.722021
0.726404
0.7243
0.716646
0.70576
0.695835
0.69046
0.689598
0.683273
0.670749
0.61248
0.537534
0.516418
0.513539
36.9828
3.62363
1.26429
1.21878
1.06538
0.896048
0.828909
0.829707
0.844069
0.875771
0.91198
0.949548
0.986815
1.01962
1.04336
1.04685
1.04083
1.01638
0.944055
0.800532
0.695344
0.670792
0.668487
0.681754
0.700467
0.715595
0.723307
0.724441
0.720357
0.712331
0.702919
0.693709
0.687795
0.68705
0.6809
0.670579
0.615766
0.542759
0.520977
0.518065
36.9881
3.61133
1.2603
1.21707
1.06731
0.898501
0.830748
0.831635
0.842866
0.87194
0.907112
0.946141
0.986403
1.02183
1.04408
1.04486
1.03462
1.00764
0.937941
0.797512
0.693106
0.669407
0.669109
0.683949
0.702433
0.714686
0.718786
0.716578
0.711339
0.70496
0.697675
0.690437
0.685156
0.684655
0.678239
0.669389
0.617887
0.547008
0.524737
0.52206
36.9905
3.60109
1.25659
1.21567
1.06761
0.89773
0.829644
0.830207
0.83952
0.867615
0.904182
0.947155
0.991284
1.02806
1.04545
1.04182
1.0267
0.9974
0.928743
0.791568
0.69113
0.670699
0.672597
0.687083
0.701694
0.709147
0.709162
0.70482
0.699436
0.694989
0.690493
0.685998
0.682768
0.682805
0.676592
0.667589
0.618421
0.54925
0.527214
0.525455
37.0045
3.59586
1.25379
1.21453
1.06606
0.893458
0.825561
0.825943
0.835281
0.864932
0.904723
0.951973
0.998811
1.03447
1.04639
1.03838
1.01903
0.98762
0.918449
0.783788
0.690223
0.674304
0.677377
0.688467
0.698188
0.701751
0.698645
0.692099
0.686792
0.68392
0.682592
0.681706
0.681178
0.681967
0.675945
0.664552
0.616331
0.548992
0.527688
0.526644
37.0247
3.5956
1.2522
1.21351
1.06109
0.885464
0.818998
0.820167
0.831892
0.864663
0.907455
0.957546
1.00516
1.03806
1.04495
1.03537
1.01293
0.979655
0.908283
0.775379
0.69057
0.679549
0.680877
0.687948
0.693696
0.693178
0.687875
0.681167
0.676421
0.674828
0.676017
0.678278
0.68025
0.681451
0.674972
0.659857
0.610587
0.545056
0.525052
0.525079
37.0435
3.60084
1.25156
1.21138
1.05358
0.874706
0.810498
0.81399
0.829932
0.866892
0.912871
0.96388
1.01075
1.03877
1.04347
1.03344
1.00877
0.974346
0.899999
0.767384
0.691408
0.683477
0.681783
0.685646
0.687618
0.684714
0.678957
0.673316
0.669801
0.66963
0.672487
0.676664
0.679733
0.680522
0.673164
0.653982
0.601867
0.537014
0.519113
0.521156
37.0631
3.61234
1.2524
1.21007
1.04483
0.863
0.801968
0.808553
0.829888
0.871312
0.919419
0.969027
1.01249
1.03648
1.04139
1.03228
1.00662
0.972238
0.895247
0.760904
0.690612
0.683851
0.680351
0.681701
0.681377
0.678031
0.673024
0.668792
0.666908
0.668222
0.672508
0.677288
0.679242
0.678818
0.670388
0.647891
0.592019
0.52543
0.51027
0.514207
37.0782
3.62805
1.25485
1.20873
1.0354
0.851921
0.794365
0.80371
0.831386
0.877129
0.92637
0.973058
1.01266
1.03358
1.03868
1.03078
1.0057
0.973916
0.894339
0.756238
0.687374
0.681084
0.675192
0.675959
0.675587
0.673097
0.670042
0.667698
0.667631
0.670427
0.674991
0.678075
0.678399
0.677444
0.66724
0.642216
0.583588
0.514431
0.499249
0.504394
37.0595
3.64428
1.25925
1.20813
1.02777
0.844068
0.788299
0.799648
0.833431
0.882953
0.932464
0.976564
1.01233
1.03029
1.03564
1.02863
1.00627
0.978104
0.895505
0.752701
0.683185
0.673419
0.66793
0.669137
0.670194
0.670101
0.670032
0.67021
0.672116
0.67543
0.677403
0.677818
0.677441
0.675963
0.664173
0.636421
0.576148
0.506611
0.490204
0.495286
37.0399
3.66114
1.26484
1.20861
1.02355
0.840555
0.784429
0.796307
0.834153
0.886953
0.936545
0.978696
1.01027
1.02626
1.0321
1.02555
1.00884
0.984357
0.898111
0.749572
0.679246
0.66428
0.6598
0.661873
0.665527
0.669366
0.672841
0.676284
0.679308
0.679988
0.678181
0.676327
0.675193
0.673904
0.6611
0.631264
0.569707
0.501299
0.48503
0.489808
37.0187
3.67839
1.27044
1.20913
1.02189
0.841082
0.783559
0.794559
0.833771
0.888149
0.937221
0.97798
1.0064
1.02166
1.02734
1.02291
1.01177
0.99073
0.900914
0.747831
0.674647
0.656044
0.652089
0.655361
0.661996
0.670095
0.678098
0.684183
0.686039
0.682276
0.676779
0.673491
0.672436
0.67147
0.65839
0.627532
0.565286
0.498407
0.483552
0.490019
36.9949
3.69269
1.27518
1.21045
1.02373
0.846101
0.785663
0.794314
0.832185
0.88718
0.935817
0.975409
1.0018
1.01612
1.02318
1.02032
1.01346
0.994085
0.903182
0.748171
0.671524
0.649738
0.645757
0.650704
0.660173
0.672363
0.684241
0.690878
0.689828
0.682096
0.673841
0.669919
0.66893
0.667937
0.655488
0.625397
0.563748
0.498555
0.485996
0.49422
36.9727
3.70166
1.2786
1.21316
1.03062
0.855322
0.791013
0.795101
0.829519
0.883566
0.932796
0.971526
0.997117
1.0114
1.01972
1.01786
1.0127
0.993764
0.905018
0.749611
0.669586
0.645969
0.641915
0.648416
0.660457
0.67569
0.688976
0.694526
0.690851
0.680344
0.670641
0.666108
0.664842
0.663686
0.652286
0.624737
0.5645
0.502207
0.493416
0.50204
36.9558
3.70421
1.28138
1.21858
1.03976
0.866336
0.799143
0.797233
0.826614
0.877771
0.927373
0.966103
0.993304
1.00861
1.01696
1.01591
1.00982
0.990789
0.904648
0.75109
0.668242
0.644596
0.640949
0.648252
0.662382
0.678711
0.690828
0.695032
0.690035
0.678017
0.667782
0.662576
0.660576
0.6591
0.649042
0.625288
0.566821
0.510065
0.503509
0.510752
36.9475
3.70034
1.28311
1.22441
1.05101
0.878227
0.80751
0.799822
0.824095
0.87101
0.920806
0.96081
0.990882
1.00733
1.01571
1.01514
1.00657
0.985237
0.902703
0.751476
0.666525
0.64454
0.641597
0.650411
0.665162
0.680083
0.689994
0.693263
0.687304
0.6756
0.665482
0.659476
0.656596
0.655076
0.646703
0.627077
0.572142
0.519727
0.51149
0.516198
36.9467
3.69092
1.28046
1.2306
1.06347
0.889714
0.815027
0.80204
0.821652
0.864116
0.91396
0.956662
0.989827
1.00769
1.01578
1.01574
1.00373
0.980083
0.899733
0.750588
0.664319
0.644665
0.64399
0.654198
0.667907
0.679443
0.686516
0.688325
0.683934
0.674157
0.664268
0.657057
0.653381
0.652402
0.646379
0.631745
0.577864
0.52506
0.515821
0.517464
36.9448
3.67746
1.2747
1.23541
1.07468
0.898838
0.8209
0.80333
0.819462
0.85814
0.907813
0.953947
0.989917
1.00968
1.01744
1.0165
1.00278
0.975314
0.895311
0.747827
0.662083
0.645737
0.647547
0.658703
0.669889
0.677061
0.680727
0.682043
0.680638
0.674124
0.664384
0.655973
0.652083
0.652046
0.64921
0.636527
0.579669
0.525483
0.517199
0.516267
36.9349
3.6607
1.26707
1.23802
1.0827
0.904127
0.825098
0.804154
0.81792
0.853954
0.903059
0.951846
0.990598
1.01324
1.0205
1.01771
1.003
0.970912
0.888842
0.742685
0.660072
0.647302
0.651872
0.662936
0.670739
0.673627
0.674511
0.675734
0.676907
0.673888
0.665651
0.656703
0.653622
0.655014
0.654873
0.639449
0.576763
0.522019
0.514838
0.512445
36.9131
3.64393
1.25735
1.23796
1.08662
0.905605
0.827703
0.804851
0.817536
0.851791
0.900455
0.950954
0.992479
1.01796
1.02452
1.01992
1.00361
0.966862
0.88068
0.735361
0.658391
0.649646
0.656084
0.665933
0.670833
0.670162
0.668979
0.670154
0.672758
0.672686
0.667779
0.660177
0.658481
0.660772
0.660665
0.638994
0.57081
0.516526
0.508599
0.5074
36.8888
3.63093
1.24721
1.23434
1.08562
0.903396
0.82882
0.805421
0.817952
0.851288
0.899697
0.951335
0.995394
1.02311
1.02963
1.02309
1.00395
0.962788
0.871313
0.727433
0.657512
0.652684
0.659551
0.667941
0.670883
0.668004
0.664621
0.664937
0.668082
0.670376
0.669766
0.666812
0.666437
0.667913
0.664697
0.635513
0.56174
0.509282
0.501511
0.502526
36.8695
3.62478
1.23791
1.22743
1.07918
0.897663
0.828777
0.80593
0.818946
0.85194
0.900254
0.952903
0.999509
1.02913
1.03514
1.02656
1.00415
0.958702
0.861689
0.719643
0.658423
0.65671
0.662979
0.669893
0.671438
0.667307
0.662445
0.661038
0.66321
0.667152
0.67153
0.67439
0.675209
0.674938
0.666075
0.629638
0.551763
0.502937
0.495885
0.498339
36.8567
3.62605
1.22947
1.21712
1.0676
0.889308
0.827907
0.806476
0.820356
0.853791
0.902413
0.956178
1.00537
1.03622
1.0408
1.03012
1.00393
0.954457
0.851876
0.713399
0.661132
0.661614
0.667361
0.672882
0.673151
0.668395
0.662572
0.659201
0.659437
0.663902
0.672713
0.680546
0.682736
0.681372
0.665312
0.62222
0.542263
0.497685
0.491771
0.495065
36.854
3.63465
1.22332
1.20713
1.05327
0.879835
0.826652
0.80748
0.822351
0.856854
0.906455
0.961919
1.01346
1.04423
1.04652
1.0334
1.00269
0.949999
0.842539
0.709538
0.665643
0.667796
0.672435
0.67654
0.676088
0.671255
0.664583
0.659175
0.657904
0.662489
0.673307
0.683929
0.687125
0.684866
0.663031
0.615605
0.53476
0.493327
0.488574
0.492763
36.8601
3.6499
1.21997
1.19779
1.03791
0.870748
0.825701
0.80952
0.825129
0.860949
0.91206
0.969855
1.02359
1.05319
1.05274
1.03652
1.0007
0.945719
0.8347
0.7084
0.671561
0.67508
0.678108
0.681729
0.680956
0.676004
0.668942
0.662368
0.660152
0.663991
0.674417
0.685098
0.689215
0.684304
0.66121
0.611151
0.52989
0.490727
0.48656
0.491633
36.8732
3.66913
1.21825
1.18896
1.02282
0.863006
0.825306
0.81266
0.829346
0.866019
0.918565
0.979078
1.03492
1.06272
1.05952
1.04005
0.999305
0.942334
0.828927
0.710287
0.678426
0.682749
0.684586
0.688349
0.68784
0.683216
0.676282
0.669833
0.667395
0.670044
0.677769
0.685863
0.688486
0.682754
0.659944
0.607609
0.526217
0.489758
0.486017
0.492215
36.8944
3.69036
1.21732
1.18075
1.0092
0.857233
0.825728
0.8165
0.83359
0.871237
0.925289
0.988271
1.04595
1.0718
1.06612
1.04376
0.999238
0.941183
0.825268
0.71435
0.686681
0.689184
0.691234
0.695773
0.696524
0.693156
0.687129
0.681544
0.679522
0.680576
0.684525
0.688718
0.687774
0.681312
0.66079
0.606641
0.52447
0.490114
0.487312
0.495901
36.9188
3.7115
1.21731
1.17372
0.997818
0.853237
0.826585
0.82016
0.837893
0.876492
0.931847
0.996063
1.05434
1.07885
1.07137
1.04723
1.0011
0.942562
0.823991
0.718322
0.694787
0.694131
0.697118
0.703093
0.706147
0.705235
0.701357
0.697282
0.695495
0.695078
0.695482
0.695884
0.691692
0.683022
0.663706
0.607594
0.524557
0.492216
0.491443
0.502544
36.9433
3.73062
1.21889
1.16881
0.989263
0.850738
0.827223
0.823716
0.843042
0.882729
0.938458
1.00198
1.05813
1.08208
1.07469
1.05068
1.00642
0.947649
0.825301
0.721298
0.700306
0.696975
0.701505
0.70939
0.715299
0.717986
0.717579
0.715823
0.714508
0.712583
0.709865
0.707062
0.701682
0.690914
0.670978
0.612106
0.527821
0.496476
0.497181
0.509045
36.9612
3.74796
1.22184
1.166
0.98328
0.848182
0.827451
0.827271
0.849795
0.890857
0.945824
1.00622
1.05788
1.08145
1.07586
1.05415
1.01523
0.957599
0.829381
0.722453
0.702797
0.697643
0.703716
0.713772
0.722943
0.729128
0.733143
0.735132
0.734887
0.731896
0.726491
0.721262
0.715813
0.702875
0.681794
0.619886
0.533463
0.501775
0.502812
0.513157
36.973
3.7639
1.22646
1.16493
0.979194
0.844704
0.825551
0.829355
0.856589
0.900388
0.953834
1.00957
1.05562
1.0771
1.07486
1.05709
1.02658
0.971218
0.835326
0.722084
0.702621
0.696318
0.70353
0.715358
0.727388
0.737675
0.746363
0.752606
0.754401
0.750991
0.743994
0.73711
0.731782
0.71711
0.694441
0.630208
0.541268
0.508382
0.508087
0.515277
36.9819
3.77897
1.23172
1.16427
0.976082
0.841099
0.820399
0.829907
0.862554
0.910087
0.962184
1.01236
1.05147
1.06933
1.07248
1.05961
1.03955
0.986272
0.842441
0.721438
0.6992
0.693087
0.701424
0.714733
0.72887
0.742639
0.755394
0.765418
0.769922
0.767456
0.760681
0.753046
0.747148
0.730734
0.706591
0.641086
0.549746
0.515244
0.512808
0.516166
36.9872
3.79289
1.23672
1.16379
0.973498
0.837796
0.81438
0.82874
0.866452
0.9185
0.969912
1.0147
1.04633
1.0612
1.06986
1.06129
1.05231
0.999499
0.84901
0.721037
0.694401
0.689065
0.698028
0.712389
0.728176
0.744361
0.760754
0.7739
0.780021
0.779722
0.774145
0.766248
0.759626
0.741888
0.716396
0.650701
0.557421
0.52069
0.514349
0.515025
36.9843
3.8027
1.24073
1.16318
0.97071
0.834863
0.809109
0.826454
0.868771
0.924766
0.975927
1.0166
1.04159
1.05365
1.06598
1.06182
1.063
1.00984
0.853791
0.7202
0.690265
0.685173
0.694433
0.709406
0.726353
0.744306
0.762559
0.777478
0.785224
0.786457
0.782201
0.774489
0.767173
0.748775
0.72224
0.656882
0.561878
0.523224
0.514501
0.513624
36.991
3.80659
1.24367
1.1636
0.970199
0.833624
0.806328
0.823281
0.868204
0.927218
0.978908
1.01882
1.03892
1.04934
1.06238
1.06234
1.06922
1.01628
0.857048
0.72024
0.687702
0.682042
0.691391
0.706753
0.724201
0.743036
0.7619
0.777702
0.786561
0.789001
0.786533
0.779856
0.771741
0.752386
0.724802
0.659622
0.564105
0.524784
0.514619
0.512719
0.497221
0.508827
0.519241
0.528982
0.539155
0.551378
0.565729
0.580388
0.594191
0.606185
0.618936
0.638283
0.666509
0.688248
0.694798
0.674504
0.603011
0.535136
0.523437
0.525056
0.535453
0.549636
0.561205
0.568289
0.572602
0.575886
0.579774
0.585292
0.593712
0.605678
0.621602
0.638593
0.645168
0.640522
0.625756
0.58378
0.548085
0.544451
0.553054
0.560614
0.570653
0.582008
0.595271
0.613004
0.63418
0.655266
0.670989
0.685476
0.698434
0.7062
0.708241
0.704522
0.679945
0.637292
0.619882
0.620521
0.627106
0.636169
0.64504
0.649214
0.645365
0.63742
0.630151
0.630292
0.641839
0.664068
0.681686
0.686715
0.673819
0.644878
0.600534
0.56771
0.562273
0.56585
0.573975
0.585311
0.594772
0.602454
0.604159
0.61316
0.502842
0.514747
0.525127
0.534842
0.545053
0.556784
0.569429
0.58257
0.595252
0.606945
0.6203
0.64012
0.665044
0.677523
0.67843
0.652443
0.581866
0.528972
0.5231
0.527099
0.538246
0.551999
0.562842
0.569609
0.573932
0.577602
0.582402
0.589298
0.598649
0.611347
0.627095
0.63997
0.64337
0.634871
0.615948
0.573571
0.548376
0.547424
0.556464
0.563692
0.573994
0.586555
0.60102
0.617783
0.63513
0.651566
0.663842
0.675525
0.685976
0.691881
0.689495
0.679658
0.651747
0.611792
0.599224
0.602241
0.610707
0.622043
0.632492
0.638151
0.636618
0.631356
0.628715
0.634324
0.651965
0.673634
0.686292
0.687878
0.670604
0.639224
0.5949
0.56781
0.563643
0.567635
0.575751
0.58659
0.596064
0.603157
0.605782
0.614776
0.505644
0.51831
0.52961
0.540062
0.549774
0.55931
0.569219
0.580063
0.591782
0.604427
0.619257
0.639448
0.66389
0.672448
0.670086
0.639408
0.56652
0.525999
0.522869
0.52853
0.540133
0.553124
0.562927
0.569306
0.574025
0.578989
0.58508
0.59255
0.601912
0.613873
0.629719
0.640957
0.641977
0.63506
0.614775
0.569327
0.547599
0.54885
0.555529
0.564597
0.577367
0.591934
0.606721
0.620575
0.632528
0.642383
0.650744
0.660015
0.667957
0.672854
0.670362
0.660305
0.628966
0.589359
0.579691
0.584486
0.594629
0.607599
0.618856
0.624652
0.626257
0.625985
0.630761
0.642596
0.658882
0.67699
0.687242
0.687736
0.672902
0.640133
0.593226
0.567436
0.563161
0.56701
0.575586
0.586561
0.59645
0.60414
0.607358
0.615831
0.510345
0.523338
0.53521
0.545574
0.55401
0.560791
0.567855
0.576046
0.586983
0.601056
0.618925
0.639918
0.65949
0.66313
0.656248
0.621271
0.552751
0.524401
0.52472
0.53045
0.541311
0.553092
0.562437
0.569425
0.57564
0.582026
0.589062
0.597028
0.605909
0.616902
0.632085
0.641943
0.641068
0.636654
0.611678
0.565263
0.546837
0.548931
0.554444
0.566368
0.581711
0.597418
0.611093
0.621605
0.629874
0.636322
0.642222
0.650363
0.655215
0.65613
0.650348
0.635584
0.598875
0.560202
0.551558
0.555003
0.564466
0.578293
0.593302
0.605342
0.614763
0.623474
0.635332
0.649477
0.663665
0.679331
0.686954
0.688086
0.677616
0.643256
0.594787
0.569863
0.564287
0.566961
0.575547
0.586274
0.596203
0.604264
0.60893
0.617522
0.515486
0.528522
0.540373
0.54947
0.555329
0.559785
0.564771
0.571863
0.582799
0.598105
0.617819
0.638646
0.651316
0.651264
0.641852
0.604502
0.544392
0.524653
0.52713
0.532366
0.542489
0.553539
0.563005
0.570954
0.578497
0.586061
0.594186
0.602116
0.61007
0.61981
0.633353
0.64258
0.643332
0.639726
0.607378
0.560689
0.546539
0.546831
0.553941
0.568644
0.58653
0.602329
0.613545
0.620829
0.626117
0.629988
0.634401
0.642708
0.647415
0.647167
0.639688
0.621609
0.580919
0.543968
0.535815
0.534921
0.539069
0.548938
0.563731
0.58149
0.600178
0.619852
0.638478
0.651708
0.663496
0.675928
0.682966
0.687973
0.683898
0.650168
0.599802
0.575126
0.567644
0.56824
0.575535
0.58601
0.595931
0.604408
0.610235
0.619155
0.52049
0.533175
0.544084
0.551129
0.555045
0.558094
0.562621
0.570357
0.581711
0.597174
0.616207
0.635185
0.641642
0.636812
0.625791
0.589376
0.53958
0.525369
0.529228
0.534386
0.543835
0.55467
0.564817
0.57395
0.582822
0.591589
0.599905
0.606921
0.613551
0.623013
0.635049
0.643444
0.647837
0.640536
0.599763
0.555292
0.54487
0.544482
0.554091
0.57136
0.590802
0.605687
0.614168
0.618287
0.620781
0.623911
0.629823
0.64015
0.646078
0.645125
0.637166
0.616989
0.57315
0.538642
0.531345
0.528445
0.530128
0.536646
0.547663
0.563241
0.584773
0.611643
0.635469
0.647228
0.656974
0.667381
0.676815
0.685257
0.685983
0.655265
0.608815
0.586234
0.575354
0.572684
0.578587
0.587982
0.596996
0.60473
0.610468
0.61965
0.524677
0.536331
0.545502
0.550904
0.554141
0.557433
0.563035
0.571698
0.583714
0.598431
0.613783
0.628748
0.631848
0.624494
0.613366
0.579183
0.536336
0.525396
0.529891
0.536136
0.545735
0.556955
0.568107
0.578796
0.588973
0.597928
0.605177
0.610079
0.615876
0.625952
0.638142
0.646022
0.652261
0.638081
0.58951
0.549662
0.542117
0.543176
0.555182
0.574071
0.593881
0.607017
0.612392
0.613605
0.61547
0.619737
0.627912
0.640116
0.647688
0.647154
0.639527
0.61714
0.571354
0.539675
0.531926
0.527252
0.52759
0.533158
0.544868
0.562285
0.58333
0.606295
0.624211
0.634833
0.644724
0.656922
0.669848
0.679259
0.683227
0.653176
0.610743
0.593119
0.587297
0.583351
0.584353
0.590315
0.598023
0.605127
0.609932
0.618817
0.52782
0.537806
0.545311
0.550033
0.554015
0.559207
0.566195
0.575844
0.587437
0.59939
0.61053
0.619907
0.621788
0.616025
0.605764
0.57389
0.533989
0.524723
0.529834
0.537289
0.547978
0.560191
0.572764
0.585088
0.595889
0.604138
0.609341
0.613194
0.618971
0.630085
0.643296
0.649734
0.65437
0.631439
0.578197
0.54472
0.539509
0.543306
0.556805
0.57653
0.595002
0.605982
0.608375
0.608913
0.610562
0.616119
0.626992
0.640901
0.650446
0.650179
0.643226
0.618315
0.570672
0.541611
0.533067
0.528238
0.529414
0.537176
0.55092
0.568995
0.588703
0.604912
0.613319
0.620471
0.630603
0.64288
0.654694
0.661353
0.665289
0.641049
0.60436
0.591953
0.593478
0.594783
0.59623
0.59884
0.603125
0.607415
0.610356
0.619188
0.530022
0.538254
0.544844
0.550194
0.556013
0.563265
0.571689
0.581683
0.590819
0.598188
0.605334
0.611554
0.614212
0.611701
0.60274
0.572379
0.532973
0.524101
0.529804
0.538728
0.550707
0.564537
0.578492
0.591087
0.601559
0.608681
0.612867
0.616794
0.623826
0.636495
0.649895
0.655808
0.653631
0.622261
0.5678
0.541933
0.538395
0.544759
0.559345
0.578033
0.593616
0.602301
0.604739
0.605005
0.606203
0.61225
0.625469
0.641433
0.65318
0.653515
0.646533
0.618879
0.569449
0.542974
0.534116
0.530405
0.533975
0.545211
0.561623
0.580818
0.597446
0.603886
0.606069
0.611327
0.621003
0.630577
0.63843
0.637867
0.631784
0.610751
0.588829
0.586027
0.59082
0.597244
0.604733
0.611792
0.614248
0.615203
0.615033
0.623676
0.53035
0.537826
0.544926
0.552075
0.559956
0.569008
0.578671
0.587545
0.5927
0.595398
0.599922
0.605944
0.610094
0.610646
0.602983
0.57303
0.533302
0.52452
0.530254
0.540129
0.554236
0.569603
0.583477
0.595242
0.604232
0.610637
0.614797
0.620573
0.631697
0.646125
0.65748
0.66198
0.650599
0.612862
0.560386
0.541236
0.539145
0.547415
0.562272
0.578365
0.590498
0.597162
0.60035
0.60147
0.60282
0.608929
0.623272
0.641286
0.655039
0.657356
0.648413
0.617512
0.566592
0.542237
0.534421
0.53371
0.541385
0.556529
0.575876
0.593752
0.602225
0.60238
0.603191
0.607601
0.616768
0.626686
0.632443
0.62824
0.614251
0.58242
0.554766
0.56292
0.581081
0.596191
0.607173
0.61507
0.620724
0.624073
0.624857
0.633878
0.528772
0.536612
0.545426
0.554629
0.564964
0.576217
0.586038
0.59196
0.593262
0.59298
0.59628
0.603418
0.60956
0.61253
0.605396
0.575206
0.535144
0.526613
0.532293
0.542599
0.557253
0.572506
0.585629
0.596254
0.604173
0.609984
0.615863
0.625941
0.641865
0.658534
0.666663
0.666067
0.646905
0.604212
0.555684
0.541373
0.541944
0.551164
0.564532
0.577153
0.586298
0.59202
0.595426
0.597647
0.600316
0.606904
0.621989
0.641613
0.656332
0.660172
0.648525
0.61343
0.562264
0.540076
0.534414
0.538248
0.551066
0.570602
0.590554
0.602627
0.603817
0.603362
0.605216
0.610531
0.619281
0.627543
0.63064
0.625066
0.610396
0.576257
0.540515
0.537414
0.552094
0.577985
0.601624
0.616607
0.624377
0.62785
0.62892
0.638441
0.526043
0.534697
0.545456
0.55771
0.571145
0.583864
0.59189
0.594214
0.593162
0.592512
0.595674
0.604172
0.611847
0.6166
0.609463
0.578471
0.537984
0.529617
0.534625
0.544314
0.558302
0.572434
0.58427
0.593334
0.60035
0.607342
0.616626
0.631602
0.652662
0.670566
0.677201
0.669097
0.644597
0.597945
0.554051
0.543524
0.546936
0.555184
0.565509
0.575097
0.582376
0.587729
0.59124
0.594087
0.598163
0.606113
0.622115
0.642673
0.657241
0.661043
0.646108
0.607073
0.557116
0.537423
0.534672
0.544165
0.562212
0.584967
0.600958
0.60487
0.604878
0.606076
0.609936
0.616666
0.62503
0.632401
0.632898
0.625567
0.610737
0.576711
0.541144
0.533288
0.536733
0.550211
0.575068
0.601068
0.618166
0.627541
0.633732
0.644211
0.521808
0.532663
0.54684
0.561811
0.577066
0.589032
0.594479
0.59521
0.59409
0.593967
0.59817
0.607751
0.615881
0.621493
0.614276
0.582141
0.541379
0.533258
0.537772
0.546608
0.559293
0.571359
0.580508
0.587501
0.594749
0.603984
0.618079
0.639276
0.663376
0.680428
0.684967
0.672444
0.644727
0.596023
0.555664
0.549119
0.553004
0.558388
0.565427
0.572655
0.579121
0.584612
0.588779
0.592304
0.597272
0.606312
0.623075
0.643877
0.657072
0.659323
0.640913
0.599668
0.552106
0.535852
0.537464
0.55151
0.574613
0.594824
0.603542
0.605148
0.605516
0.60858
0.614512
0.622835
0.631477
0.640505
0.637954
0.628713
0.614043
0.579757
0.543946
0.535816
0.537043
0.543612
0.555494
0.573216
0.593994
0.61192
0.624295
0.636253
0.51581
0.530417
0.548531
0.565788
0.580984
0.59032
0.594582
0.595859
0.595706
0.597464
0.603055
0.613148
0.620839
0.626587
0.618827
0.585013
0.544301
0.536131
0.53983
0.547684
0.558676
0.568549
0.575607
0.581775
0.589774
0.601468
0.620123
0.644941
0.669736
0.684643
0.688336
0.675535
0.647604
0.598667
0.560156
0.555339
0.55868
0.561031
0.565789
0.57132
0.576854
0.58226
0.587754
0.592902
0.598485
0.607858
0.624604
0.6446
0.654871
0.654436
0.634206
0.592884
0.548226
0.536946
0.542988
0.561897
0.584095
0.597925
0.603545
0.604824
0.605959
0.609148
0.615078
0.623556
0.632687
0.643932
0.644329
0.635647
0.619519
0.584639
0.547885
0.538305
0.536978
0.541843
0.552771
0.566039
0.577459
0.588427
0.599649
0.610786
0.50918
0.52835
0.549855
0.568371
0.581632
0.589194
0.593774
0.596123
0.598129
0.602215
0.608909
0.619237
0.62588
0.631007
0.622168
0.58622
0.545804
0.538284
0.541222
0.54849
0.557611
0.565748
0.572543
0.579385
0.58835
0.603291
0.623779
0.645869
0.667028
0.679379
0.682909
0.675408
0.651172
0.604983
0.567498
0.561941
0.563275
0.564197
0.567468
0.572027
0.576627
0.581519
0.587643
0.59461
0.601422
0.610409
0.625769
0.643761
0.65008
0.646781
0.627235
0.58827
0.546981
0.542004
0.553328
0.572202
0.588439
0.597462
0.602499
0.605014
0.60643
0.608627
0.61325
0.620566
0.629804
0.641873
0.646194
0.641349
0.625024
0.590063
0.554162
0.544354
0.541275
0.542534
0.550196
0.561547
0.572765
0.582056
0.588745
0.596716
0.504838
0.527968
0.550906
0.568487
0.579797
0.587347
0.592344
0.596383
0.600741
0.60646
0.613852
0.624389
0.630166
0.634314
0.623942
0.585851
0.54622
0.539319
0.540974
0.547102
0.556007
0.56498
0.573418
0.581791
0.593513
0.610464
0.627618
0.641555
0.655162
0.666051
0.671231
0.672027
0.654531
0.612807
0.57673
0.569308
0.566883
0.567214
0.57062
0.57477
0.578697
0.583211
0.589291
0.596983
0.60487
0.613271
0.62568
0.639435
0.643353
0.639197
0.622419
0.586195
0.551249
0.552379
0.565114
0.578825
0.588007
0.596368
0.602005
0.605588
0.607025
0.607903
0.609522
0.61409
0.623395
0.636842
0.643609
0.642072
0.626473
0.591699
0.55743
0.550152
0.549505
0.550898
0.55645
0.564257
0.571495
0.576597
0.580117
0.586267
0.506601
0.530345
0.551708
0.566277
0.577026
0.584542
0.590778
0.596768
0.602631
0.609049
0.617253
0.628309
0.633457
0.636533
0.624379
0.583828
0.544679
0.537825
0.538155
0.544178
0.555049
0.567272
0.578267
0.589672
0.60383
0.618109
0.628529
0.634741
0.640819
0.648627
0.655532
0.664284
0.655896
0.620335
0.585291
0.575382
0.57061
0.570664
0.574423
0.578865
0.582881
0.587167
0.593004
0.600483
0.608217
0.615258
0.624102
0.632303
0.635429
0.633818
0.621528
0.589358
0.56357
0.564295
0.573898
0.580155
0.58753
0.595336
0.60197
0.606129
0.607357
0.606321
0.605604
0.608548
0.617764
0.631171
0.637774
0.639963
0.626947
0.59287
0.559837
0.553935
0.556097
0.561616
0.569865
0.576312
0.578677
0.579063
0.57865
0.583254
0.512242
0.534245
0.550582
0.563008
0.572719
0.581242
0.589706
0.597393
0.603871
0.610324
0.619863
0.631829
0.636161
0.637557
0.623611
0.580091
0.541207
0.534139
0.534148
0.541728
0.555552
0.5716
0.587326
0.60213
0.6141
0.621869
0.626332
0.62822
0.630216
0.634385
0.640745
0.652008
0.653001
0.624344
0.58965
0.579234
0.57466
0.575699
0.579423
0.584181
0.58878
0.59349
0.599055
0.60554
0.611272
0.616013
0.621313
0.626
0.628801
0.631102
0.62437
0.600214
0.578888
0.574204
0.576658
0.579857
0.587041
0.595148
0.60222
0.606111
0.607068
0.605543
0.605182
0.607537
0.616193
0.628667
0.635274
0.638544
0.627091
0.592628
0.560948
0.555384
0.557914
0.566382
0.578864
0.589637
0.592337
0.590142
0.586846
0.590459
0.518276
0.536635
0.549283
0.559136
0.567958
0.577289
0.587509
0.596776
0.604225
0.611695
0.622778
0.635383
0.638838
0.637581
0.621502
0.575386
0.537183
0.530303
0.531062
0.540212
0.557017
0.578642
0.598723
0.613209
0.620587
0.622763
0.621719
0.619798
0.620795
0.625429
0.632112
0.640763
0.646048
0.622323
0.589165
0.578484
0.574343
0.577958
0.585371
0.591784
0.597356
0.60234
0.607541
0.612185
0.615216
0.61742
0.619464
0.622223
0.62509
0.630213
0.631856
0.614549
0.589841
0.581246
0.575957
0.57929
0.587142
0.595765
0.602421
0.606086
0.607369
0.607475
0.608667
0.612798
0.622091
0.632611
0.637897
0.641745
0.633666
0.601203
0.572031
0.566969
0.569321
0.577227
0.587334
0.594866
0.600577
0.602676
0.60239
0.606618
0.523013
0.536789
0.547077
0.555266
0.563305
0.57273
0.583739
0.594527
0.604089
0.613802
0.626443
0.638894
0.641584
0.63723
0.618417
0.570181
0.533135
0.527198
0.529143
0.540598
0.561602
0.586215
0.60687
0.618981
0.621573
0.620295
0.614977
0.611676
0.614011
0.621071
0.629394
0.636883
0.63838
0.615118
0.583397
0.574015
0.572461
0.578177
0.589431
0.601375
0.609521
0.61471
0.618022
0.620179
0.62001
0.619784
0.619928
0.622354
0.62527
0.636155
0.643429
0.623732
0.595468
0.583521
0.576024
0.579573
0.588382
0.597175
0.604044
0.60809
0.610663
0.613911
0.617768
0.623292
0.633282
0.643276
0.647459
0.649265
0.643566
0.613873
0.586907
0.582247
0.583183
0.590109
0.600715
0.609001
0.613131
0.614498
0.615708
0.62076
0.525198
0.536144
0.544707
0.551716
0.558965
0.567929
0.57901
0.591369
0.603927
0.616682
0.630575
0.642241
0.644489
0.636917
0.615162
0.565378
0.530047
0.525349
0.529782
0.544446
0.567365
0.590409
0.607793
0.616662
0.618099
0.614183
0.608735
0.606422
0.61091
0.621169
0.630787
0.637233
0.634371
0.606311
0.572851
0.565911
0.568247
0.576494
0.589855
0.606727
0.62135
0.627979
0.629503
0.628795
0.625815
0.623282
0.624244
0.629296
0.636213
0.650358
0.65183
0.626098
0.595275
0.584346
0.578253
0.581981
0.590917
0.600865
0.608367
0.61315
0.617549
0.622464
0.627168
0.633271
0.643153
0.652514
0.655431
0.654806
0.647117
0.61815
0.592167
0.58712
0.586708
0.593692
0.607228
0.622038
0.634197
0.642855
0.649795
0.656299
0.525511
0.534675
0.542072
0.548199
0.554725
0.563083
0.574221
0.588294
0.603629
0.619866
0.635117
0.646197
0.647814
0.637557
0.613101
0.561687
0.528425
0.525972
0.533966
0.550988
0.571273
0.589554
0.602197
0.608752
0.610054
0.60774
0.604542
0.604537
0.611591
0.624681
0.635118
0.639296
0.633272
0.601863
0.563572
0.55709
0.561944
0.573741
0.59094
0.610932
0.627866
0.638047
0.640141
0.637548
0.632987
0.630934
0.635731
0.644909
0.656276
0.663771
0.653252
0.623637
0.593045
0.585648
0.582854
0.587201
0.596634
0.606517
0.613981
0.619119
0.623687
0.628632
0.633543
0.640374
0.650267
0.658901
0.660614
0.657159
0.6455
0.615067
0.591143
0.587893
0.588434
0.595694
0.60916
0.627228
0.644274
0.657187
0.666447
0.672852
0.523155
0.531697
0.538966
0.544811
0.550895
0.558875
0.570311
0.585693
0.603409
0.622177
0.639083
0.650129
0.651465
0.639138
0.61287
0.559684
0.529167
0.530409
0.541118
0.556418
0.571587
0.583657
0.591951
0.597505
0.60049
0.601622
0.601677
0.604938
0.614748
0.63058
0.641405
0.642769
0.633705
0.601377
0.560366
0.552783
0.557621
0.569427
0.588261
0.60984
0.628903
0.640146
0.641347
0.639859
0.640167
0.644575
0.653331
0.667877
0.675926
0.673332
0.654168
0.620197
0.590375
0.586111
0.589112
0.595864
0.604371
0.612303
0.618624
0.623697
0.62801
0.632547
0.637153
0.643488
0.652568
0.660367
0.660885
0.655332
0.640902
0.609819
0.585658
0.583131
0.58652
0.59624
0.613033
0.631563
0.648182
0.660918
0.66807
0.672651
0.518802
0.527525
0.535157
0.541368
0.547679
0.555962
0.567974
0.584046
0.603486
0.623817
0.641095
0.652282
0.653966
0.641693
0.614339
0.559661
0.533778
0.53686
0.54735
0.55848
0.56848
0.575193
0.580401
0.585834
0.591647
0.596487
0.600721
0.606981
0.619219
0.636675
0.647501
0.645624
0.634801
0.603471
0.562636
0.554274
0.55961
0.568683
0.583519
0.601672
0.618646
0.630446
0.635898
0.638904
0.645756
0.657414
0.674544
0.689159
0.692533
0.681682
0.657815
0.621625
0.590941
0.590779
0.599102
0.604716
0.61058
0.617418
0.623262
0.627007
0.629188
0.631776
0.636144
0.64308
0.652454
0.659981
0.659199
0.651757
0.635714
0.604248
0.57979
0.578594
0.585628
0.598504
0.616029
0.633801
0.647829
0.655945
0.659849
0.663074
0.514121
0.522989
0.53097
0.53805
0.54557
0.554893
0.56761
0.583983
0.604161
0.624538
0.641899
0.652816
0.654761
0.644156
0.617387
0.562472
0.540307
0.542485
0.549755
0.557248
0.56298
0.566638
0.570232
0.575913
0.584086
0.592698
0.600949
0.61012
0.623825
0.641068
0.650314
0.646986
0.635911
0.606761
0.567925
0.55913
0.564751
0.571985
0.581522
0.591917
0.601395
0.612174
0.623352
0.634028
0.650067
0.672509
0.693375
0.705419
0.706333
0.693214
0.669456
0.631974
0.60059
0.600132
0.60604
0.60941
0.614673
0.619811
0.624143
0.627056
0.628932
0.631132
0.635271
0.642396
0.651762
0.658783
0.657049
0.648748
0.632486
0.601643
0.578371
0.577905
0.586761
0.600483
0.617278
0.632528
0.643042
0.646256
0.647014
0.649875
0.509738
0.518728
0.527114
0.535418
0.544865
0.556159
0.570322
0.587999
0.606876
0.62415
0.640363
0.652
0.654601
0.646725
0.621595
0.567896
0.544275
0.545053
0.548489
0.553279
0.557399
0.560276
0.563204
0.568646
0.577918
0.589638
0.602511
0.613511
0.627096
0.642996
0.650382
0.646904
0.636478
0.609513
0.573103
0.564342
0.569005
0.573951
0.578568
0.582905
0.586667
0.593103
0.607123
0.628382
0.656265
0.682888
0.70163
0.712604
0.713141
0.70376
0.687518
0.651696
0.615328
0.60589
0.607095
0.610206
0.615769
0.62051
0.624576
0.628061
0.630496
0.632752
0.636731
0.642924
0.651273
0.656548
0.655242
0.647676
0.632992
0.604137
0.581698
0.581257
0.58862
0.599923
0.613769
0.625342
0.632577
0.635833
0.63686
0.6411
0.506016
0.515363
0.524741
0.534736
0.546263
0.56065
0.577909
0.59532
0.609195
0.621982
0.636873
0.650236
0.653923
0.65002
0.626558
0.571996
0.545226
0.544708
0.54491
0.54884
0.553372
0.556718
0.559734
0.564611
0.573826
0.587139
0.603205
0.61559
0.628674
0.642917
0.648849
0.645798
0.636475
0.610864
0.575626
0.566703
0.570802
0.57387
0.57553
0.577037
0.57927
0.585091
0.596867
0.621069
0.652561
0.67678
0.691633
0.703127
0.709822
0.714278
0.704974
0.671459
0.629977
0.612573
0.606769
0.608056
0.613371
0.619594
0.624982
0.629317
0.632921
0.635916
0.639445
0.644202
0.651297
0.654859
0.654432
0.648941
0.635644
0.608331
0.585811
0.583526
0.588543
0.596933
0.607328
0.616288
0.62079
0.622049
0.621965
0.626927
0.503346
0.513681
0.524647
0.536733
0.552082
0.570654
0.588744
0.601803
0.610703
0.619635
0.632668
0.646824
0.652049
0.653161
0.629283
0.571993
0.543419
0.542173
0.541421
0.545824
0.551613
0.555719
0.558848
0.563624
0.572515
0.585901
0.602627
0.616059
0.628683
0.641201
0.64569
0.64341
0.635362
0.610559
0.574237
0.56355
0.566297
0.569317
0.572118
0.576803
0.581553
0.588773
0.603036
0.623983
0.641508
0.655938
0.668559
0.685717
0.701779
0.711486
0.710826
0.681428
0.638281
0.615462
0.605785
0.604345
0.609603
0.617427
0.624795
0.630763
0.635721
0.639213
0.641898
0.64534
0.650703
0.653379
0.652218
0.646756
0.633218
0.607246
0.587667
0.585268
0.586214
0.589718
0.596357
0.60435
0.610435
0.613277
0.614426
0.620204
0.502546
0.51432
0.527187
0.543667
0.56353
0.582719
0.596196
0.604278
0.610742
0.617819
0.629352
0.644599
0.651059
0.65554
0.628936
0.568739
0.538884
0.537826
0.538806
0.545192
0.551929
0.5565
0.559582
0.56388
0.572404
0.585238
0.60065
0.614405
0.625909
0.637165
0.641216
0.639383
0.631982
0.607468
0.568642
0.555505
0.557913
0.563607
0.572734
0.582806
0.591744
0.604641
0.620826
0.630575
0.634261
0.636615
0.643705
0.657823
0.675615
0.68997
0.695835
0.676489
0.638395
0.614525
0.604447
0.601773
0.605993
0.613462
0.620709
0.627019
0.632779
0.637279
0.640185
0.642841
0.644968
0.646623
0.64679
0.64368
0.631476
0.605923
0.584992
0.579824
0.578745
0.582804
0.592285
0.60222
0.608756
0.611818
0.613965
0.620004
0.502931
0.517689
0.53536
0.555693
0.575259
0.589377
0.598432
0.604301
0.609372
0.616414
0.628175
0.644808
0.652745
0.6562
0.627219
0.565173
0.533946
0.533118
0.537229
0.545736
0.553443
0.557909
0.560899
0.564917
0.572554
0.584116
0.597645
0.609993
0.620699
0.632186
0.636812
0.634864
0.627358
0.602078
0.561655
0.546154
0.548829
0.55737
0.571297
0.589498
0.608854
0.625374
0.634119
0.634974
0.631989
0.631
0.636144
0.644704
0.653959
0.657851
0.661538
0.651721
0.625493
0.608138
0.603097
0.601231
0.603673
0.608299
0.613802
0.620098
0.6263
0.631013
0.63398
0.636337
0.637545
0.639664
0.639408
0.63574
0.622583
0.596734
0.576417
0.572515
0.575531
0.584066
0.595136
0.604744
0.61174
0.614979
0.614758
0.619626
0.506909
0.526352
0.546909
0.565896
0.580225
0.590839
0.597844
0.602384
0.606957
0.615282
0.628704
0.646362
0.655247
0.654527
0.625304
0.563054
0.530059
0.528871
0.535368
0.545497
0.554731
0.559995
0.563005
0.566809
0.573383
0.583119
0.594009
0.604532
0.614756
0.627103
0.633018
0.631026
0.623291
0.597846
0.556996
0.539969
0.542176
0.554973
0.577281
0.604369
0.62636
0.636141
0.636142
0.631895
0.628049
0.627615
0.63376
0.642539
0.649335
0.646789
0.635135
0.618519
0.598798
0.594484
0.597334
0.601357
0.603588
0.605477
0.607288
0.609574
0.612913
0.61781
0.622322
0.625627
0.627756
0.629358
0.62752
0.623024
0.610909
0.587291
0.57168
0.572687
0.580651
0.590056
0.600248
0.609144
0.613657
0.615318
0.61503
0.619623
0.514407
0.536151
0.555148
0.569233
0.579667
0.588152
0.593847
0.598176
0.604026
0.614161
0.629336
0.647335
0.655598
0.651892
0.623987
0.563499
0.528415
0.526551
0.533245
0.544222
0.555159
0.562247
0.565889
0.569591
0.575005
0.582509
0.59077
0.599378
0.609141
0.622204
0.62996
0.628654
0.620984
0.595778
0.555232
0.537801
0.540524
0.558216
0.587353
0.615276
0.630658
0.632957
0.629174
0.623491
0.622247
0.626101
0.634853
0.642798
0.644719
0.63869
0.622548
0.601935
0.573984
0.568718
0.581864
0.596194
0.603493
0.606978
0.607227
0.605673
0.603927
0.604121
0.607611
0.612896
0.618182
0.622432
0.620234
0.615538
0.606847
0.58731
0.577002
0.580343
0.587539
0.595787
0.60313
0.610036
0.614393
0.615927
0.615952
0.62047
0.522304
0.542097
0.55728
0.567695
0.575232
0.581158
0.586817
0.592932
0.601327
0.613026
0.629181
0.647265
0.655646
0.649546
0.623744
0.565552
0.528261
0.525837
0.531668
0.542297
0.554349
0.563622
0.569249
0.573271
0.577625
0.582927
0.58837
0.594774
0.604233
0.618066
0.628207
0.628351
0.621612
0.59734
0.557195
0.541781
0.548554
0.569436
0.595162
0.615454
0.623663
0.622962
0.617897
0.614341
0.616252
0.624194
0.635804
0.645034
0.645888
0.637733
0.6197
0.596474
0.566132
0.550698
0.558334
0.580746
0.59976
0.609231
0.610522
0.608114
0.604335
0.60263
0.604346
0.609272
0.615171
0.620764
0.618552
0.61386
0.609433
0.59703
0.588731
0.588535
0.593292
0.597163
0.603153
0.608912
0.613701
0.616417
0.61746
0.622358
0.526902
0.542992
0.554997
0.562141
0.566897
0.571975
0.578953
0.587902
0.598959
0.611571
0.627862
0.646026
0.6535
0.646505
0.624576
0.568881
0.528694
0.525206
0.529858
0.539703
0.552448
0.564108
0.57286
0.578168
0.581645
0.584698
0.587352
0.591673
0.600963
0.615441
0.627212
0.631135
0.625142
0.602492
0.564774
0.554682
0.562174
0.577645
0.596311
0.610222
0.614322
0.610173
0.606078
0.606036
0.610642
0.621087
0.63396
0.644259
0.646731
0.640138
0.623377
0.59878
0.564991
0.545989
0.545608
0.561488
0.589727
0.609768
0.619123
0.616476
0.611777
0.607957
0.607301
0.610293
0.615391
0.619812
0.620437
0.621761
0.623249
0.611662
0.598883
0.595302
0.593515
0.595128
0.600296
0.607138
0.613203
0.617209
0.619293
0.624856
0.527538
0.540242
0.548351
0.553201
0.557414
0.563159
0.571568
0.582378
0.595573
0.609208
0.625207
0.643186
0.650813
0.645189
0.626783
0.573959
0.530884
0.525864
0.528919
0.538082
0.551141
0.564607
0.576341
0.584284
0.587342
0.588391
0.588744
0.592311
0.601342
0.615893
0.629634
0.637414
0.634785
0.613927
0.576268
0.566157
0.569491
0.579558
0.593184
0.600792
0.600676
0.598622
0.597811
0.600583
0.606865
0.616594
0.62818
0.639773
0.645654
0.642207
0.629905
0.603911
0.566423
0.545563
0.541009
0.550805
0.57543
0.606779
0.624246
0.630361
0.624781
0.617529
0.613037
0.6116
0.613822
0.621771
0.630117
0.6406
0.641784
0.624638
0.603995
0.595184
0.590204
0.59124
0.597813
0.605887
0.612569
0.617326
0.620281
0.626508
0.526201
0.534485
0.539768
0.544158
0.549241
0.556212
0.565625
0.577648
0.591529
0.604958
0.620285
0.637264
0.645662
0.642965
0.628746
0.579421
0.534114
0.527912
0.5294
0.5382
0.551773
0.56639
0.579724
0.590507
0.59483
0.595081
0.594906
0.597853
0.608142
0.624464
0.64067
0.650427
0.64814
0.625417
0.585739
0.571564
0.572211
0.576516
0.582813
0.587956
0.590775
0.592466
0.59459
0.599047
0.605344
0.612243
0.620817
0.631576
0.6409
0.641658
0.634222
0.61035
0.571745
0.548931
0.542838
0.549617
0.567504
0.595623
0.624031
0.636963
0.638383
0.630209
0.618234
0.612647
0.617316
0.628865
0.649033
0.661544
0.654301
0.629231
0.603178
0.590903
0.585929
0.588838
0.59586
0.603991
0.61124
0.616599
0.62028
0.626955
0.522816
0.528178
0.532496
0.537376
0.543895
0.552115
0.561945
0.573354
0.586081
0.598581
0.612283
0.629162
0.639457
0.640673
0.629384
0.583841
0.537354
0.530555
0.531674
0.540811
0.555095
0.570004
0.584264
0.595875
0.602111
0.60486
0.606163
0.611118
0.622344
0.639174
0.654178
0.661256
0.657404
0.633191
0.591349
0.572677
0.568712
0.567177
0.571161
0.57773
0.585311
0.591199
0.595969
0.601386
0.60618
0.608717
0.61373
0.622123
0.632508
0.63665
0.635013
0.615021
0.578927
0.556059
0.549738
0.553428
0.566111
0.585585
0.611486
0.632846
0.639987
0.636605
0.626856
0.62093
0.627789
0.64752
0.66661
0.671421
0.657625
0.627158
0.598862
0.586898
0.584186
0.588001
0.595068
0.603203
0.610494
0.615903
0.619797
0.626594
0.519212
0.523321
0.527336
0.532806
0.540466
0.549724
0.559636
0.569977
0.580449
0.590827
0.603056
0.619595
0.632072
0.637298
0.629027
0.587153
0.540534
0.533435
0.535289
0.54538
0.560986
0.57717
0.59078
0.601154
0.609091
0.615297
0.621381
0.629486
0.63933
0.653076
0.664354
0.667894
0.66395
0.638823
0.592693
0.570664
0.561341
0.558439
0.561404
0.569274
0.580497
0.590818
0.599435
0.60438
0.606045
0.606328
0.608434
0.614703
0.623887
0.628175
0.630885
0.617183
0.586336
0.567061
0.562592
0.562291
0.56951
0.582107
0.594033
0.613287
0.629147
0.634312
0.636178
0.638707
0.650216
0.665048
0.672638
0.670819
0.65234
0.621339
0.594979
0.585124
0.583648
0.588126
0.595298
0.603535
0.610601
0.6156
0.618906
0.625589
0.51654
0.520221
0.524847
0.531256
0.539392
0.548737
0.558306
0.56761
0.575799
0.584181
0.595886
0.611582
0.625006
0.63215
0.626937
0.588346
0.542454
0.535932
0.540041
0.552435
0.56895
0.583612
0.594731
0.603861
0.613572
0.624564
0.634855
0.644092
0.652576
0.664216
0.671442
0.670651
0.668062
0.641441
0.59114
0.566385
0.556904
0.553537
0.556594
0.565522
0.578523
0.591271
0.602358
0.607219
0.606542
0.604719
0.605438
0.610114
0.617679
0.620743
0.624277
0.614896
0.590165
0.576956
0.576138
0.573389
0.575304
0.580528
0.584625
0.590665
0.608452
0.62578
0.64049
0.661988
0.674043
0.678917
0.677321
0.663779
0.6429
0.616722
0.593968
0.586155
0.584744
0.588562
0.595659
0.603547
0.610256
0.615051
0.618071
0.624624
0.514737
0.517955
0.522517
0.529261
0.537915
0.547667
0.557619
0.566236
0.572835
0.579916
0.590879
0.606004
0.619094
0.62713
0.625089
0.589494
0.545493
0.539615
0.544818
0.55821
0.575224
0.589402
0.598986
0.606776
0.616722
0.630542
0.644581
0.655922
0.664182
0.673522
0.675995
0.674636
0.671327
0.642173
0.589071
0.563156
0.552437
0.548633
0.552037
0.561772
0.575606
0.590165
0.603508
0.610424
0.607745
0.604476
0.603833
0.607328
0.614031
0.616414
0.618048
0.611523
0.593609
0.584024
0.584628
0.584594
0.582819
0.579737
0.577723
0.579599
0.586063
0.613714
0.653369
0.681336
0.694075
0.690684
0.676969
0.657544
0.635263
0.610593
0.590835
0.585945
0.585892
0.589469
0.596143
0.603862
0.610235
0.614763
0.617594
0.624112
)
;

boundaryField
{
    inlet
    {
        type            calculated;
        value           uniform 0.140001;
    }
    outlet
    {
        type            calculated;
        value           nonuniform List<scalar> 
40
(
0.61316
0.614776
0.615831
0.617522
0.619155
0.61965
0.618817
0.619188
0.623676
0.633878
0.638441
0.644211
0.636253
0.610786
0.596716
0.586267
0.583254
0.590459
0.606618
0.62076
0.656299
0.672852
0.672651
0.663074
0.649875
0.6411
0.626927
0.620204
0.620004
0.619626
0.619623
0.62047
0.622358
0.624856
0.626508
0.626955
0.626594
0.625589
0.624624
0.624112
)
;
    }
    bottom
    {
        type            symmetryPlane;
    }
    top
    {
        type            symmetryPlane;
    }
    obstacle
    {
        type            calculated;
        value           nonuniform List<scalar> 
80
(
0.497221
0.508827
0.519241
0.528982
0.539155
0.551378
0.565729
0.580388
0.594191
0.606185
0.618936
0.638283
0.666509
0.688248
0.694798
0.674504
0.603011
0.535136
0.523437
0.525056
0.535453
0.549636
0.561205
0.568289
0.572602
0.575886
0.579774
0.585292
0.593712
0.605678
0.621602
0.638593
0.645168
0.640522
0.625756
0.58378
0.548085
0.544451
0.553054
0.560614
0.570653
0.582008
0.595271
0.613004
0.63418
0.655266
0.670989
0.685476
0.698434
0.7062
0.708241
0.704522
0.679945
0.637292
0.619882
0.620521
0.627106
0.636169
0.64504
0.649214
0.645365
0.63742
0.630151
0.630292
0.641839
0.664068
0.681686
0.686715
0.673819
0.644878
0.600534
0.56771
0.562273
0.56585
0.573975
0.585311
0.594772
0.602454
0.604159
0.61316
)
;
    }
    defaultFaces
    {
        type            empty;
    }
}


// ************************************************************************* //
