/*--------------------------------*- C++ -*----------------------------------*\
| =========                 |                                                 |
| \\      /  F ield         | OpenFOAM: The Open Source CFD Toolbox           |
|  \\    /   O peration     | Version:  v1912                                 |
|   \\  /    A nd           | Website:  www.openfoam.com                      |
|    \\/     M anipulation  |                                                 |
\*---------------------------------------------------------------------------*/
FoamFile
{
    version     2.0;
    format      ascii;
    class       volScalarField;
    location    "1.06";
    object      T;
}
// * * * * * * * * * * * * * * * * * * * * * * * * * * * * * * * * * * * * * //

dimensions      [0 0 0 1 0 0 0];


internalField   nonuniform List<scalar> 
4800
(
11.0178
9.40672
8.06511
7.88101
8.03642
8.29454
8.70916
9.2209
9.85227
10.585
11.337
12.0413
12.7175
13.3528
13.9051
14.3783
14.7786
15.0648
15.2209
14.9429
13.6607
12.9534
13.1159
13.3926
13.6962
13.9631
14.1852
14.3855
14.5826
14.7903
15.0253
15.2994
15.6221
16.0204
16.5122
17.0701
17.6674
18.2733
18.8763
19.4058
11.0183
9.39834
8.04377
7.86343
8.02866
8.31197
8.74124
9.26678
9.88979
10.582
11.2989
11.9968
12.6693
13.3166
13.8906
14.3752
14.7762
15.0622
15.2349
14.9704
13.6919
12.9761
13.1282
13.3878
13.669
13.9275
14.1614
14.3843
14.6078
14.8417
15.0989
15.4001
15.7578
16.1516
16.5764
17.0621
17.6128
18.2086
18.8268
19.3677
11.0217
9.38987
8.00813
7.8355
8.01322
8.34055
8.79327
9.32159
9.91671
10.5589
11.235
11.9319
12.6199
13.2755
13.8713
14.369
14.7634
15.0605
15.2624
15.0191
13.755
13.0166
13.1362
13.373
13.6397
13.9008
14.1558
14.4115
14.6735
14.9488
15.2514
15.5939
15.9541
16.31
16.6685
17.0743
17.583
18.1908
18.8617
19.4404
11.0235
9.37426
7.95695
7.7978
7.99257
8.37388
8.84499
9.36497
9.93041
10.5355
11.1724
11.8518
12.5502
13.2161
13.8325
14.3539
14.7537
15.0677
15.3015
15.0922
13.8483
13.0781
13.1473
13.3665
13.6272
13.8926
14.1668
14.4534
14.7615
15.1029
15.4739
15.8379
16.1686
16.4851
16.8031
17.1566
17.6233
18.2196
18.8848
19.4993
11.0256
9.35802
7.90364
7.75907
7.98269
8.41101
8.88366
9.38666
9.93317
10.5205
11.1436
11.7965
12.4722
13.138
13.7698
14.3141
14.75
15.0846
15.3511
15.1715
13.9593
13.1491
13.1662
13.3748
13.6381
13.9115
14.1974
14.5259
14.9029
15.311
15.7094
16.0596
16.3736
16.675
16.9844
17.3342
17.7707
18.3288
18.9447
19.5651
11.0281
9.34285
7.85969
7.73513
7.99397
8.44835
8.89868
9.3911
9.93319
10.5182
11.141
11.7803
12.42
13.0562
13.6757
14.2457
14.7225
15.1061
15.4019
15.246
14.0825
13.2272
13.2017
13.4074
13.676
13.9544
14.2755
14.6575
15.0848
15.5145
15.9068
16.2501
16.5676
16.8767
17.203
17.5739
17.9992
18.5073
19.0676
19.6823
11.0306
9.33005
7.83889
7.73617
8.02183
8.47154
8.89639
9.38953
9.93869
10.5337
11.1592
11.7904
12.4013
12.9894
13.5693
14.146
14.668
15.1232
15.451
15.3146
14.2158
13.3061
13.2582
13.4693
13.7539
14.0629
14.4258
14.8381
15.268
15.6797
16.056
16.4136
16.755
17.0917
17.446
17.8365
18.2438
18.7027
19.2288
19.8274
11.0326
9.3234
7.84832
7.76223
8.05582
8.47503
8.89631
9.39307
9.95555
10.5666
11.1977
11.8209
12.4096
12.9563
13.4814
14.0348
14.5662
15.0865
15.4752
15.3679
14.3538
13.3877
13.341
13.5647
13.891
14.2477
14.6287
15.0273
15.4269
15.8158
16.1968
16.5713
16.9508
17.331
17.7111
18.0935
18.4696
18.8697
19.3617
19.9401
11.0344
9.32548
7.87449
7.79566
8.08334
8.46453
8.89844
9.40634
9.98611
10.6112
11.2467
11.8659
12.4348
12.953
13.4388
13.9417
14.4397
14.9908
15.4325
15.4087
14.5069
13.4882
13.4624
13.7226
14.0893
14.4599
14.8259
15.196
15.5751
15.9588
16.3483
16.7513
17.1683
17.5818
17.9659
18.3197
18.6666
19.0389
19.4998
20.057
11.0334
9.33128
7.91316
7.82469
8.0947
8.4528
8.90068
9.42751
10.0271
10.663
11.299
11.9141
12.4713
12.9684
13.4414
13.8962
14.3389
14.8386
15.3103
15.4292
14.6862
13.6287
13.6377
13.925
14.3015
14.6646
15.0156
15.3667
15.7285
16.1164
16.5244
16.9501
17.3899
17.8134
18.188
18.5287
18.86
19.2175
19.6434
20.1712
11.0319
9.34124
7.95791
7.85717
8.09204
8.44561
8.90897
9.45509
10.0713
10.7157
11.3512
11.9621
12.5162
13.0073
13.4643
13.8954
14.2927
14.6794
15.1266
15.4267
14.8649
13.8399
13.8366
14.1248
14.4896
14.8472
15.1888
15.5315
15.9004
16.2973
16.7169
17.1514
17.5868
18.0017
18.3855
18.7327
19.0584
19.4014
19.7897
20.2909
11.0304
9.3499
7.98129
7.87646
8.08517
8.44638
8.92088
9.48118
10.1091
10.7581
11.3939
12.0066
12.5658
13.0601
13.5133
13.9163
14.2692
14.5959
14.9678
15.3743
15.0209
14.0797
14.0268
14.3098
14.6556
15.0016
15.3432
15.7045
16.0897
16.4952
16.9116
17.3303
17.751
18.1698
18.5699
18.9332
19.2638
19.5947
19.9491
20.413
11.0281
9.35085
7.9809
7.87147
8.08564
8.45532
8.93533
9.50312
10.1368
10.7896
11.4308
12.0507
12.6206
13.1245
13.5755
13.9597
14.2778
14.5722
14.8971
15.3169
15.1316
14.2727
14.1541
14.4512
14.7853
15.1309
15.4906
15.874
16.2773
16.6881
17.0921
17.4918
17.9029
18.3259
18.7423
19.1283
19.4738
19.7994
20.1242
20.5371
11.0257
9.351
7.95132
7.84862
8.09753
8.47614
8.95721
9.52467
10.157
10.8173
11.4707
12.1016
12.6816
13.1924
13.6422
14.0206
14.3271
14.6149
14.9145
15.3212
15.2116
14.3872
14.221
14.5498
14.8815
15.2418
15.6193
16.0218
16.44
16.8548
17.2505
17.64
18.0461
18.4726
18.9043
19.3157
19.6844
20.0124
20.3147
20.6641
11.023
9.35496
7.91298
7.82501
8.10466
8.5158
8.97933
9.53715
10.1697
10.8396
11.5113
12.1534
12.7445
13.2602
13.7115
14.0975
14.4204
14.7257
15.0269
15.4021
15.2792
14.4407
14.2457
14.6238
14.9576
15.3341
15.724
16.1362
16.5638
16.9874
17.3885
17.7783
18.1826
18.6119
19.0549
19.4904
19.889
20.2298
20.5204
20.7994
11.0194
9.35966
7.87277
7.78652
8.0846
8.54873
8.99601
9.54387
10.173
10.8479
11.536
12.1918
12.7913
13.3151
13.7779
14.189
14.551
14.8896
15.1978
15.4996
15.3342
14.455
14.2658
14.6496
15.0242
15.4134
15.8053
16.2135
16.6468
17.0888
17.5093
17.9085
18.3144
18.7447
19.1919
19.649
20.0822
20.4462
20.7238
20.9442
11.0155
9.36054
7.83738
7.73921
8.06247
8.55274
9.02256
9.55412
10.1722
10.8455
11.5397
12.2027
12.8102
13.3495
13.8375
14.2915
14.7002
15.0858
15.383
15.5934
15.3812
14.4589
14.2715
14.6588
15.0842
15.4777
15.8617
16.2623
16.6997
17.1618
17.6154
18.0338
18.445
18.8717
19.3199
19.7968
20.2587
20.6428
20.9096
21.095
11.0117
9.36225
7.81401
7.69263
8.0268
8.53205
9.05713
9.56595
10.1646
10.8293
11.5226
12.1909
12.8065
13.364
13.8874
14.3963
14.8552
15.2753
15.5339
15.6634
15.4139
14.4599
14.2784
14.6679
15.1259
15.5175
15.8922
16.2896
16.7329
17.2107
17.6919
18.1472
18.5741
18.9994
19.446
19.9335
20.4147
20.8127
21.0792
21.2426
11.0087
9.36705
7.80714
7.66116
7.98669
8.5045
9.08344
9.58067
10.1586
10.8061
11.49
12.1621
12.7884
13.3703
13.9304
14.4813
14.9921
15.403
15.6328
15.7152
15.4302
14.4559
14.2892
14.6821
15.1557
15.5451
15.912
16.3074
16.7556
17.2441
17.7472
18.231
18.686
19.1239
19.5713
20.0577
20.5436
20.9493
21.228
21.3775
11.007
9.37526
7.81767
7.64595
7.94453
8.47627
9.07445
9.59267
10.1544
10.7844
11.4527
12.1254
12.7632
13.3718
13.9748
14.5566
15.0711
15.4566
15.6589
15.7376
15.4189
14.4395
14.2923
14.6897
15.1757
15.5758
15.9421
16.3321
16.7775
17.2653
17.7791
18.2926
18.78
19.2343
19.6848
20.1508
20.619
21.0427
21.347
21.4956
11.0066
9.38574
7.8494
7.6602
7.91285
8.44857
9.04625
9.59231
10.1467
10.7629
11.4168
12.0886
12.7442
13.3798
14.0218
14.5992
15.0832
15.4402
15.6454
15.7431
15.3944
14.4188
14.2792
14.6798
15.1844
15.613
15.9915
16.3735
16.8077
17.2857
17.7989
18.328
18.8487
19.3334
19.786
20.2272
20.6659
21.0793
21.4098
21.5822
11.0077
9.39781
7.88815
7.70454
7.90814
8.42002
9.00013
9.5636
10.1244
10.7349
11.3866
12.0644
12.7436
13.413
14.0593
14.6034
15.0369
15.3765
15.6071
15.7348
15.3726
14.4037
14.2504
14.6546
15.1856
15.6585
16.0564
16.4328
16.8495
17.3137
17.819
18.3511
18.8921
19.4046
19.8606
20.276
20.6798
21.0797
21.4233
21.6227
11.0107
9.40865
7.9343
7.76076
7.91565
8.38932
8.92848
9.50973
10.0928
10.7049
11.363
12.0563
12.7603
13.45
14.065
14.5538
14.939
15.2718
15.5507
15.7246
15.3624
14.3963
14.2154
14.6237
15.1808
15.7029
16.13
16.5065
16.9012
17.3493
17.8432
18.3698
18.9161
19.4424
19.9026
20.2993
20.6668
21.0327
21.3752
21.6137
11.0165
9.41506
7.97984
7.8116
7.94446
8.34904
8.84478
9.4294
10.0471
10.6807
11.3483
12.0563
12.778
13.4674
14.0368
14.4544
14.8168
15.1502
15.4971
15.7262
15.3619
14.3945
14.1893
14.5952
15.1679
15.7292
16.195
16.5758
16.9513
17.3786
17.8574
18.3792
18.925
19.4516
19.9149
20.3018
20.6352
20.9472
21.261
21.5439
11.0253
9.41631
8.01567
7.83642
7.98237
8.30166
8.7641
9.33873
9.98258
10.645
11.3334
12.0541
12.7836
13.4599
13.9774
14.342
14.6934
15.0387
15.4555
15.741
15.3708
14.3969
14.1813
14.5654
15.1423
15.7276
16.2307
16.6207
16.9784
17.389
17.8529
18.3665
18.9146
19.4476
19.9112
20.2937
20.6033
20.8605
21.1185
21.415
11.0362
9.40682
8.03177
7.84665
7.99737
8.26347
8.70087
9.25555
9.904
10.5987
11.3102
12.0384
12.7718
13.43
13.9022
14.2368
14.5877
14.9523
15.4343
15.7726
15.3893
14.3992
14.1798
14.5319
15.1006
15.6931
16.2329
16.6379
16.9828
17.3752
17.8273
18.3378
18.8895
19.4277
19.8897
20.2673
20.5631
20.7912
20.9975
21.2676
11.0455
9.39177
8.02874
7.85314
7.98545
8.2448
8.66207
9.189
9.81799
10.5261
11.2628
12.0008
12.743
13.3871
13.8378
14.1629
14.5095
14.9046
15.4369
15.8181
15.41
14.3945
14.1825
14.4897
15.0376
15.624
16.1863
16.6174
16.9584
17.3322
17.7701
18.2794
18.8341
19.3767
19.8398
20.2078
20.4897
20.7108
20.9026
21.157
11.0486
9.38086
8.01419
7.85124
7.96031
8.2357
8.64343
9.14415
9.73839
10.4328
11.1791
11.933
12.6849
13.3449
13.7995
14.1224
14.4644
14.8891
15.4525
15.8636
15.4222
14.3751
14.1704
14.4371
14.9531
15.5185
16.0754
16.5424
16.8941
17.2533
17.6807
18.1847
18.7388
19.2867
19.7446
20.0951
20.3616
20.5848
20.8027
21.0803
11.0512
9.39877
8.00406
7.83548
7.93286
8.224
8.63406
9.12723
9.69883
10.357
11.0816
11.8407
12.5924
13.2833
13.7731
14.105
14.45
14.8893
15.4665
15.8836
15.4033
14.3237
14.1309
14.3635
14.8423
15.3687
15.8953
16.3823
16.7677
17.1289
17.5465
18.0461
18.6019
19.1461
19.5751
19.8984
20.1536
20.3906
20.6554
20.9654
11.0524
9.40933
7.99393
7.81308
7.91159
8.21078
8.63219
9.12836
9.68627
10.3105
10.9975
11.7405
12.4843
13.1892
13.7395
14.0918
14.4615
14.9046
15.4675
15.8536
15.322
14.2148
14.0471
14.2603
14.6923
15.1646
15.6473
16.1274
16.5599
16.9494
17.3654
17.8602
18.4033
18.9088
19.2878
19.5835
19.8389
20.1032
20.4218
20.7707
11.0429
9.37323
7.99188
7.7992
7.90583
8.21246
8.64539
9.13436
9.68239
10.2854
10.9385
11.6433
12.3652
13.0698
13.6631
14.0768
14.4963
14.9417
15.4485
15.7545
15.1641
14.0388
13.9129
14.1081
14.4883
14.8979
15.3296
15.7854
16.2503
16.6891
17.1285
17.6081
18.0982
18.5231
18.8523
19.1283
19.3996
19.7063
20.075
20.4596
11.034
9.37196
8.00678
7.81243
7.91854
8.23368
8.66615
9.14168
9.68302
10.2807
10.9131
11.5731
12.2551
12.9298
13.5485
14.0673
14.5422
14.9905
15.3948
15.5794
14.9335
13.8002
13.7181
13.9088
14.241
14.5881
14.9502
15.3669
15.8464
16.3467
16.8186
17.2646
17.6601
17.9871
18.2678
18.5419
18.8464
19.2097
19.6113
20.0188
11.0198
9.39155
8.04391
7.85222
7.95092
8.27551
8.68954
9.14703
9.68472
10.2872
10.9194
11.5455
12.1716
12.8005
13.4252
14.0312
14.5742
15.0214
15.2927
15.3506
14.6425
13.5181
13.4771
13.687
13.9791
14.2642
14.5502
14.9138
15.3766
15.9005
16.4144
16.8293
17.1248
17.3578
17.5867
17.8664
18.2199
18.6359
19.0631
19.4814
11.0083
9.42656
8.09202
7.91501
8.00663
8.32673
8.71491
9.15764
9.69361
10.3025
10.9397
11.5411
12.1236
12.6988
13.3159
13.9737
14.5786
15.0072
15.1642
15.1105
14.3167
13.215
13.2198
13.4641
13.7348
13.969
14.1868
14.4748
14.8914
15.4109
15.9179
16.326
16.5553
16.7124
16.9011
17.1836
17.5839
18.0374
18.487
18.8872
10.9964
9.4521
8.1469
7.99108
8.07691
8.37394
8.74387
9.18035
9.71493
10.3256
10.9552
11.5438
12.1056
12.652
13.2426
13.9096
14.5425
14.9534
15.0379
14.896
14.0184
12.9261
12.9596
13.252
13.5218
13.7205
13.8881
14.1073
14.4568
14.9247
15.4098
15.8048
15.9985
16.1341
16.3061
16.5899
17.011
17.4822
17.9306
18.3156
10.9861
9.47155
8.21228
8.06526
8.1465
8.41144
8.77979
9.21643
9.7455
10.3443
10.959
11.5484
12.1065
12.653
13.2186
13.8561
14.4524
14.8512
14.9182
14.7269
13.7822
12.6974
12.7464
13.0563
13.3278
13.5255
13.6715
13.8429
14.1294
14.508
14.9383
15.305
15.5305
15.6832
15.8602
16.1519
16.5675
17.0285
17.4501
17.8266
10.9783
9.48747
8.27834
8.12541
8.19969
8.4394
8.81839
9.25895
9.77684
10.3493
10.9487
11.5484
12.1216
12.6767
13.217
13.7857
14.3048
14.6802
14.7992
14.619
13.649
12.5602
12.6086
12.8874
13.1562
13.3794
13.5379
13.6988
13.9252
14.2272
14.5579
14.8678
15.131
15.3609
15.591
15.8851
16.2749
16.6951
17.0761
17.4518
10.9711
9.4999
8.33393
8.16664
8.23259
8.46501
8.85251
9.29624
9.79606
10.3416
10.9251
11.5379
12.146
12.7199
13.2425
13.7232
14.1325
14.4702
14.695
14.5854
13.6218
12.5005
12.5185
12.7315
13.0039
13.2571
13.475
13.6585
13.8483
14.0642
14.2946
14.5388
14.8139
15.1283
15.4584
15.7783
16.1251
16.4778
16.8285
17.2151
10.9653
9.50901
8.37464
8.19089
8.25712
8.48054
8.87553
9.32124
9.80375
10.3246
10.8919
11.518
12.1654
12.766
13.291
13.7097
13.9912
14.2904
14.6024
14.6109
13.6665
12.5146
12.461
12.6104
12.8696
13.1595
13.436
13.678
13.8596
14.004
14.1554
14.342
14.6144
14.9877
15.3981
15.7711
16.0745
16.3693
16.6992
17.0939
10.9614
9.51575
8.40615
8.21205
8.28131
8.48327
8.88147
9.33348
9.80734
10.3114
10.8665
11.4945
12.167
12.7992
13.3499
13.7101
13.9214
14.1893
14.5201
14.6421
13.7184
12.5644
12.4598
12.5816
12.8123
13.1004
13.4166
13.7009
13.8998
14.0182
14.1203
14.2635
14.5186
14.9114
15.3748
15.794
16.1012
16.3794
16.6815
17.0626
19.9081
20.3685
20.8211
21.0027
20.4052
18.8815
18.5913
18.9073
19.2963
19.6466
19.9115
20.1235
20.3065
20.4642
20.5818
20.6534
20.6931
20.7204
20.7721
20.9287
21.2201
21.6472
22.0459
22.3321
22.4138
22.3634
22.2572
22.1809
22.2306
22.4167
22.5668
22.5716
22.1768
21.0546
20.2105
20.0487
20.0338
20.1047
20.1889
20.2217
20.1982
20.1361
20.0763
20.0691
20.1459
20.304
20.4526
20.4982
20.3734
20.0471
19.6883
19.4828
19.4684
19.5404
19.6251
19.66
19.5439
19.1429
18.4494
17.9623
17.8773
17.9921
18.2693
18.557
18.762
18.8672
18.8541
18.8211
18.8204
18.8635
18.9288
18.9727
18.9871
18.9909
19.0039
19.0559
19.177
19.3762
19.6834
19.8814
19.8101
20.2373
20.5644
20.7379
20.1625
18.8218
18.6367
18.9521
19.3119
19.6396
19.8968
20.1048
20.2802
20.4216
20.5305
20.6066
20.6625
20.7231
20.8204
21.0217
21.3554
21.723
22.0579
22.2845
22.3341
22.2852
22.2153
22.1963
22.2813
22.4698
22.535
22.4387
21.8641
20.7418
20.1288
20.0205
20.0339
20.1037
20.1718
20.1889
20.1574
20.0991
20.0633
20.0726
20.163
20.2958
20.3912
20.4124
20.3142
20.0887
19.7914
19.597
19.5671
19.6053
19.6407
19.6192
19.4327
19.0089
18.3494
17.9808
17.9634
18.0865
18.2845
18.4962
18.6728
18.767
18.8114
18.8249
18.8446
18.8793
18.927
18.97
19.0003
19.0268
19.0518
19.0973
19.2001
19.3743
19.6334
19.7587
19.9049
20.3261
20.6084
20.7819
20.2089
18.8979
18.6941
18.95
19.2809
19.5907
19.8393
20.0393
20.2065
20.3436
20.4508
20.5356
20.6218
20.7289
20.8856
21.1211
21.3895
21.6528
21.8842
22.0562
22.1344
22.1267
22.1124
22.156
22.2864
22.4982
22.4642
22.2933
21.5867
20.4333
20.0348
19.9645
20.0026
20.0697
20.1063
20.1028
20.0764
20.0506
20.0425
20.0835
20.164
20.2381
20.2741
20.2831
20.2477
20.1552
19.9814
19.805
19.6993
19.658
19.62
19.543
19.3476
18.9295
18.3094
18.0678
18.0825
18.1613
18.2686
18.3759
18.5149
18.6548
18.7788
18.8798
18.9139
18.9284
18.9493
18.9927
19.0463
19.0948
19.132
19.1691
19.2412
19.3732
19.6008
19.6902
20.0049
20.4008
20.62
20.7781
20.3146
19.1005
18.7963
18.9975
19.2832
19.5532
19.7677
19.9424
20.0948
20.2258
20.3373
20.4422
20.5688
20.745
20.9624
21.1662
21.3444
21.4831
21.6029
21.7429
21.8636
21.9394
21.9873
22.1108
22.3032
22.438
22.3534
22.0525
21.1667
20.1153
19.9139
19.8958
19.9466
19.9988
20.0038
19.9875
19.976
19.9868
20.0206
20.0798
20.129
20.152
20.1467
20.1472
20.1765
20.1732
20.1323
20.024
19.8749
19.7243
19.583
19.4449
19.2443
18.8432
18.3183
18.1902
18.2212
18.2524
18.2623
18.2973
18.3943
18.578
18.7826
18.9362
19.0018
19.0142
19.0236
19.0593
19.1242
19.1825
19.2211
19.252
19.3088
19.4248
19.6376
19.6882
20.1064
20.4881
20.6959
20.8654
20.5191
19.3578
18.9096
19.0575
19.3011
19.5365
19.7076
19.8313
19.944
20.0622
20.1824
20.3399
20.5507
20.7869
20.9952
21.1198
21.1811
21.224
21.3007
21.4222
21.5736
21.7137
21.8315
22.0083
22.2318
22.298
22.1593
21.7436
20.6976
19.859
19.7761
19.805
19.8621
19.8932
19.8798
19.863
19.8778
19.9252
19.9991
20.0577
20.0631
20.0075
19.9523
19.9797
20.0625
20.1528
20.1922
20.1465
19.9869
19.7823
19.5732
19.4058
19.1816
18.7778
18.377
18.3081
18.3396
18.3283
18.3239
18.3348
18.3872
18.5434
18.7912
19.0268
19.1789
19.2295
19.2719
19.333
19.4178
19.5
19.5537
19.5755
19.6176
19.729
19.9172
19.9446
20.2463
20.6172
20.8404
21.0008
20.7528
19.6445
19.0425
19.1447
19.3441
19.5335
19.6626
19.738
19.8031
19.8906
20.0457
20.2761
20.556
20.8032
20.9407
20.9675
20.9506
20.9466
20.9973
21.116
21.2919
21.4977
21.6838
21.8922
22.0755
22.0934
21.8839
21.3334
20.2064
19.6444
19.6435
19.6939
19.7489
19.7644
19.7453
19.7412
19.7841
19.8707
19.964
19.9997
19.9377
19.8224
19.7767
19.8396
19.9595
20.1091
20.194
20.187
20.0446
19.8379
19.6234
19.4261
19.179
18.7662
18.4593
18.408
18.4264
18.4499
18.4621
18.4731
18.5102
18.6053
18.7855
19.0563
19.3042
19.4567
19.5076
19.5657
19.6427
19.7195
19.8052
19.9074
20.0449
20.2393
20.4822
20.5085
20.3937
20.7739
21.0265
21.1518
20.9863
19.9402
19.1889
19.2297
19.3757
19.5253
19.6195
19.6632
19.7126
19.8072
19.993
20.2584
20.5382
20.7376
20.7942
20.7699
20.7182
20.6907
20.7293
20.8492
21.0394
21.2816
21.5244
21.7568
21.8794
21.847
21.583
20.8701
19.7751
19.4515
19.495
19.5592
19.6211
19.6244
19.6121
19.629
19.7002
19.8126
19.8957
19.8835
19.7853
19.6821
19.656
19.734
19.8859
20.0635
20.1721
20.2162
20.1238
19.9683
19.8311
19.6322
19.3081
18.8385
18.5459
18.4992
18.5066
18.5679
18.6296
18.6435
18.6447
18.6713
18.7808
18.9954
19.2904
19.5447
19.6733
19.6764
19.7043
19.7595
19.8625
20.0082
20.1857
20.4319
20.6999
20.7249
20.5396
20.9617
21.2355
21.3013
21.1976
20.2187
19.3365
19.299
19.3862
19.5066
19.5843
19.6288
19.6849
19.8054
19.9999
20.2507
20.4541
20.5513
20.5667
20.5319
20.4975
20.4899
20.5268
20.6418
20.8352
21.0928
21.361
21.6072
21.7019
21.59
21.2658
20.3936
19.4407
19.2715
19.3266
19.4072
19.47
19.4792
19.4855
19.5281
19.6254
19.7387
19.7847
19.7418
19.6657
19.6003
19.6027
19.6922
19.8628
20.0459
20.1817
20.3247
20.3942
20.3964
20.3441
20.1645
19.6137
18.9752
18.6577
18.5868
18.5961
18.6862
18.7683
18.7911
18.7792
18.7775
18.8104
18.921
19.1543
19.4423
19.6384
19.71
19.7227
19.7717
19.862
20.0056
20.2102
20.4885
20.7632
20.7898
20.6663
21.1518
21.4332
21.4554
21.372
20.4614
19.4619
19.3386
19.3846
19.4867
19.5723
19.6345
19.7069
19.8357
20.0283
20.2012
20.3077
20.3284
20.308
20.2829
20.2746
20.3017
20.376
20.5018
20.6902
20.9412
21.2127
21.4542
21.5289
21.3426
20.9395
19.9511
19.1992
19.0949
19.148
19.2297
19.2959
19.3359
19.3712
19.4472
19.5615
19.6484
19.6521
19.6246
19.5939
19.5804
19.6243
19.7636
19.9614
20.1514
20.3393
20.5707
20.7574
20.8378
20.7765
20.5776
19.8801
19.0546
18.7574
18.6802
18.6783
18.7515
18.832
18.8632
18.8487
18.8239
18.8276
18.8901
19.0233
19.2261
19.4722
19.6469
19.7138
19.7536
19.8274
19.9673
20.1538
20.4183
20.6541
20.6592
20.7839
21.3142
21.5932
21.6128
21.5122
20.6548
19.5602
19.3529
19.3776
19.4787
19.5853
19.6686
19.768
19.9102
20.0441
20.1314
20.1214
20.1038
20.0844
20.0787
20.0992
20.1506
20.2413
20.3756
20.5615
20.7953
21.0458
21.2661
21.328
21.1245
20.6098
19.5778
19.0255
18.9259
18.9634
19.0417
19.1166
19.1884
19.2854
19.4053
19.507
19.5445
19.541
19.5525
19.5849
19.6604
19.8026
19.9769
20.1369
20.2864
20.4733
20.6994
20.9116
21.0285
20.945
20.7008
19.9344
19.0709
18.8314
18.7655
18.7431
18.7691
18.8237
18.876
18.8912
18.8689
18.8529
18.8502
18.8876
19.01
19.2355
19.4889
19.686
19.7673
19.823
19.9024
20.0191
20.2236
20.4096
20.3919
20.8897
21.4362
21.7188
21.7575
21.6118
20.8006
19.6355
19.3514
19.3648
19.485
19.6258
19.7481
19.8781
19.9829
20.0284
19.9972
19.9639
19.9424
19.9366
19.9418
19.9665
20.0248
20.1275
20.2684
20.438
20.6337
20.8283
20.988
21.0658
20.9015
20.2783
19.3174
18.892
18.7746
18.788
18.8634
18.9786
19.1157
19.2663
19.3903
19.448
19.4586
19.4902
19.5684
19.6998
19.8796
20.0426
20.1371
20.2024
20.3065
20.488
20.7269
20.9759
21.1083
21.0138
20.7017
19.8867
19.0248
18.8691
18.8368
18.7999
18.7754
18.7837
18.836
18.901
18.916
18.8827
18.8329
18.8078
18.8623
19.0228
19.3192
19.5936
19.7755
19.8104
19.8373
19.9141
20.1177
20.2957
20.2654
20.9746
21.503
21.8189
21.894
21.6695
20.9011
19.6932
19.3394
19.3595
19.5078
19.696
19.8707
19.9809
20.0086
19.9555
19.8923
19.8603
19.8559
19.8625
19.8745
19.8905
19.9321
20.0232
20.1492
20.2776
20.4156
20.5599
20.6557
20.7456
20.5753
19.9692
19.1708
18.8038
18.6633
18.6756
18.7794
18.9466
19.1373
19.2848
19.361
19.3861
19.4212
19.5168
19.6815
19.8941
20.0633
20.1453
20.1628
20.1789
20.2541
20.429
20.6894
20.9537
21.0697
20.9711
20.6311
19.7872
18.9515
18.8438
18.8566
18.844
18.7998
18.7654
18.8004
18.8888
18.9593
18.915
18.8448
18.7982
18.8069
18.9284
19.1372
19.4633
19.6872
19.775
19.794
19.888
20.0981
20.2729
20.2442
21.0374
21.5302
21.8766
22.0031
21.704
20.9769
19.7482
19.3409
19.3788
19.5569
19.7936
19.9694
20.0238
19.9699
19.8866
19.8275
19.8122
19.8241
19.8377
19.8405
19.8477
19.8843
19.9557
20.0437
20.1136
20.1617
20.1847
20.178
20.2346
20.1665
19.7425
19.0881
18.7509
18.6248
18.6604
18.8107
19.0066
19.1747
19.2645
19.2957
19.3318
19.428
19.598
19.8186
20.0015
20.1056
20.1527
20.1493
20.1441
20.1848
20.3098
20.5256
20.8195
20.9682
20.857
20.4685
19.5992
18.825
18.749
18.8165
18.8685
18.8555
18.8093
18.8006
18.8645
18.9377
18.9503
18.8915
18.8469
18.8507
18.9224
19.0776
19.2797
19.5049
19.6535
19.7685
19.9124
20.127
20.3039
20.2745
21.0933
21.5416
21.8947
22.0441
21.7507
21.0464
19.8076
19.3755
19.4362
19.6443
19.8766
19.9972
19.9983
19.9184
19.8318
19.7934
19.7978
19.8192
19.839
19.8453
19.8514
19.8789
19.9194
19.9533
19.9468
19.8865
19.7895
19.6853
19.6585
19.7715
19.5699
19.0377
18.7321
18.6798
18.7428
18.9039
19.0713
19.1638
19.1926
19.2201
19.2956
19.4497
19.6633
19.8687
20.0098
20.0846
20.0982
20.0855
20.0627
20.0654
20.1345
20.3347
20.6569
20.855
20.7583
20.3474
19.4285
18.709
18.6261
18.7326
18.8683
18.9235
18.8955
18.855
18.8426
18.8833
18.9397
18.9729
18.9496
18.9531
18.9899
19.0832
19.1707
19.3012
19.5044
19.6971
19.889
20.1438
20.3347
20.2993
21.1523
21.5447
21.881
22.0451
21.8068
21.1219
19.878
19.4576
19.5333
19.729
19.9036
19.9688
19.9345
19.8573
19.7955
19.7774
19.7909
19.8196
19.8503
19.8691
19.8822
19.9017
19.9026
19.871
19.7726
19.6423
19.551
19.5054
19.4644
19.4613
19.3486
18.9681
18.7564
18.7972
18.9022
19.0143
19.0921
19.1223
19.1254
19.1673
19.2834
19.4665
19.6642
19.8302
19.9496
20.0166
20.0272
20.005
19.9667
19.9507
20.0057
20.2131
20.5628
20.774
20.7281
20.2642
19.2909
18.6248
18.5312
18.6601
18.8533
18.9719
18.982
18.9229
18.8565
18.8381
18.9047
18.9964
19.0855
19.0867
19.0699
19.0536
19.0836
19.1795
19.3516
19.6076
19.8856
20.1925
20.3918
20.341
21.215
21.5376
21.8436
22.0188
21.8689
21.2146
19.9917
19.582
19.6263
19.7678
19.8791
19.8987
19.8599
19.8045
19.7733
19.7698
19.7868
19.8161
19.8459
19.8736
19.902
19.9178
19.8833
19.7751
19.6307
19.54
19.5285
19.5313
19.4917
19.3641
19.1057
18.7884
18.7586
18.8811
19.047
19.1121
19.105
19.081
19.0877
19.1575
19.2956
19.4683
19.6232
19.7392
19.8371
19.9157
19.9407
19.9241
19.8902
19.8732
19.9265
20.1355
20.5002
20.7056
20.7084
20.1894
19.1771
18.5782
18.4737
18.6048
18.8195
18.986
19.0406
18.994
18.894
18.8501
18.8936
19.0408
19.1648
19.211
19.1539
19.0857
19.0818
19.157
19.3176
19.5515
19.8187
20.1127
20.2818
20.2077
21.2841
21.5258
21.7908
21.9647
21.9349
21.3354
20.1681
19.6967
19.6881
19.7529
19.8103
19.8202
19.7998
19.7746
19.7642
19.768
19.7778
19.7954
19.8217
19.8639
19.9224
19.9306
19.8505
19.7129
19.597
19.576
19.6086
19.6257
19.5734
19.3761
19.0252
18.5802
18.6405
18.8585
19.0445
19.1265
19.1215
19.1
19.1145
19.1979
19.3287
19.4556
19.5445
19.6215
19.7138
19.8055
19.8555
19.858
19.8438
19.8383
19.9003
20.1033
20.4435
20.6231
20.6602
20.1007
19.0839
18.5654
18.4583
18.5769
18.7819
18.9672
19.0501
19.0346
18.9685
18.9234
18.9536
19.0668
19.1881
19.2423
19.2111
19.1683
19.157
19.2299
19.3715
19.5523
19.7507
19.9708
20.0726
19.9747
21.362
21.5179
21.7476
21.9083
21.9902
21.4686
20.3405
19.7614
19.6996
19.701
19.7371
19.7556
19.7613
19.7629
19.7581
19.7533
19.7579
19.7777
19.8192
19.8818
19.9402
19.9262
19.8306
19.72
19.6627
19.6785
19.7116
19.7278
19.6861
19.4597
19.0557
18.4941
18.4381
18.6496
18.8771
19.0229
19.1107
19.1659
19.2194
19.2933
19.3743
19.427
19.4556
19.5194
19.6122
19.7079
19.7787
19.8056
19.816
19.8295
19.9012
20.0912
20.3854
20.517
20.558
19.997
19.017
18.5675
18.4685
18.5637
18.7346
18.9001
19.0183
19.0799
19.0673
19.0445
19.0441
19.0637
19.1324
19.1879
19.2391
19.2835
19.3104
19.3647
19.4599
19.5773
19.7297
19.8953
19.9647
19.8372
21.4472
21.5403
21.7403
21.8801
22.0314
21.566
20.4407
19.8003
19.6617
19.6436
19.6762
19.711
19.7348
19.751
19.7554
19.7499
19.7515
19.7763
19.8268
19.8939
19.9326
19.9093
19.8426
19.7766
19.7476
19.7634
19.8078
19.8202
19.7766
19.5609
19.1336
18.5056
18.323
18.3933
18.595
18.8473
19.0496
19.2242
19.3696
19.4233
19.4209
19.4051
19.4121
19.4506
19.52
19.6075
19.6947
19.7582
19.8047
19.8399
19.9165
20.0882
20.3175
20.3745
20.3933
19.8838
18.9742
18.5851
18.4943
18.5506
18.673
18.806
18.9531
19.0917
19.1694
19.1707
19.1372
19.0773
19.0659
19.1229
19.2236
19.3494
19.4589
19.5108
19.5542
19.6062
19.7198
19.8597
19.9248
19.7738
21.5371
21.6013
21.7739
21.8818
22.0529
21.6065
20.4745
19.8202
19.6195
19.5927
19.6351
19.6792
19.7253
19.7565
19.7586
19.746
19.7441
19.7638
19.8077
19.8691
19.9097
19.9075
19.8771
19.8389
19.8222
19.8374
19.8717
19.8825
19.8718
19.69
19.2211
18.5247
18.2414
18.2144
18.3374
18.6319
18.9836
19.271
19.4567
19.56
19.5062
19.434
19.4061
19.4118
19.4418
19.511
19.6096
19.7107
19.7977
19.86
19.9434
20.0897
20.2176
20.2067
20.1858
19.7371
18.9489
18.6273
18.5321
18.5421
18.6149
18.725
18.8867
19.0895
19.2352
19.2562
19.1964
19.0949
19.0525
19.102
19.25
19.4219
19.5429
19.6277
19.6545
19.686
19.7905
19.9085
19.9706
19.7947
21.6219
21.6727
21.8284
21.9001
22.0432
21.5711
20.4351
19.7983
19.5889
19.5669
19.6127
19.6723
19.7223
19.7463
19.7432
19.7299
19.7242
19.7321
19.7699
19.8344
19.8986
19.9304
19.9324
19.9101
19.8832
19.8713
19.9046
19.9258
19.9655
19.8205
19.2948
18.5474
18.2213
18.1397
18.2484
18.469
18.8585
19.2562
19.4885
19.6014
19.5786
19.4949
19.4219
19.3963
19.3982
19.4401
19.54
19.6698
19.7979
19.8856
19.9725
20.0718
20.1034
20.0378
19.9707
19.5679
18.9325
18.6782
18.5757
18.5461
18.5932
18.6929
18.8553
19.0615
19.2284
19.2795
19.224
19.1404
19.1096
19.1792
19.3021
19.4332
19.5507
19.6343
19.6821
19.759
19.8908
19.9923
20.0432
19.844
21.685
21.7508
21.8944
21.93
22.0023
21.481
20.3392
19.7417
19.5799
19.5596
19.6129
19.6714
19.7081
19.7146
19.6995
19.6863
19.6852
19.7017
19.7481
19.8185
19.9026
19.9672
19.9814
19.948
19.918
19.9053
19.9446
19.9765
20.0539
19.9222
19.3384
18.57
18.2461
18.1792
18.2885
18.5019
18.7845
19.1133
19.3912
19.54
19.6166
19.5799
19.4879
19.411
19.3847
19.4105
19.5044
19.6466
19.8004
19.902
19.9831
20.0302
20.0058
19.9001
19.7887
19.4022
18.8979
18.6937
18.6286
18.5741
18.6057
18.7028
18.8491
18.9991
19.1429
19.2289
19.2548
19.2453
19.2425
19.2925
19.3374
19.4006
19.4805
19.5607
19.6549
19.7826
19.9493
20.0342
20.041
19.7926
21.7295
21.8352
21.9584
21.9707
21.9431
21.3616
20.227
19.6981
19.6021
19.5904
19.6426
19.6838
19.6914
19.6711
19.6475
19.6405
19.6532
19.6904
19.7515
19.8332
19.9128
19.9665
19.9908
19.9709
19.9523
19.9538
20.0042
20.0485
20.1292
19.976
19.3646
18.6059
18.3184
18.3017
18.4342
18.641
18.8191
18.9619
19.1576
19.3941
19.5691
19.6497
19.584
19.4783
19.4132
19.423
19.5062
19.6404
19.7944
19.9032
19.9823
19.9749
19.9354
19.816
19.6575
19.2622
18.8337
18.669
18.6679
18.6257
18.6518
18.734
18.8359
18.9149
18.9961
19.1377
19.2887
19.3857
19.4199
19.4326
19.404
19.3842
19.4031
19.4634
19.5844
19.7393
19.8934
19.9359
19.9033
19.6028
21.7524
21.901
22.0221
22.0261
21.8848
21.2429
20.124
19.6885
19.6699
19.6578
19.6947
19.7034
19.6768
19.6413
19.6244
19.6314
19.6621
19.7162
19.7802
19.8425
19.8999
19.9522
19.9859
19.9913
19.9967
20.0305
20.0904
20.1349
20.1822
20.0039
19.4109
18.6713
18.4436
18.4745
18.6358
18.8091
18.8933
18.9092
18.959
19.1312
19.4069
19.5942
19.6617
19.5927
19.512
19.4897
19.5455
19.6582
19.7882
19.8949
19.9575
19.925
19.8744
19.7728
19.5748
19.1589
18.7255
18.623
18.6652
18.7067
18.731
18.772
18.7996
18.8122
18.8832
19.061
19.3141
19.5138
19.5725
19.5311
19.4446
19.3793
19.3751
19.4133
19.4989
19.6403
19.7555
19.761
19.6012
19.2017
21.7161
21.9377
22.0761
22.1002
21.8384
21.1309
20.0435
19.7171
19.7361
19.7506
19.759
19.7199
19.6607
19.6322
19.6344
19.6605
19.713
19.7766
19.8327
19.8724
19.9106
19.9587
20.0065
20.0416
20.0696
20.1309
20.1952
20.2233
20.2052
20.0225
19.4817
18.7887
18.6135
18.6785
18.8207
18.9344
18.9369
18.9017
18.8877
18.9421
19.1165
19.4064
19.5988
19.6931
19.6769
19.6335
19.6402
19.7049
19.7873
19.8701
19.9199
19.8933
19.8318
19.7382
19.5136
19.0962
18.6315
18.5483
18.6327
18.7751
18.8103
18.7946
18.7714
18.7669
18.8542
19.0515
19.3325
19.5477
19.6317
19.6074
19.5325
19.4657
19.4233
19.4204
19.4263
19.469
19.4547
19.3519
19.1817
18.8847
21.6063
21.9201
22.1103
22.1535
21.8
21.0236
19.9717
19.7349
19.7845
19.8484
19.8344
19.7601
19.6792
19.656
19.68
19.7334
19.8058
19.8732
19.9114
19.926
19.9484
19.9931
20.0551
20.1205
20.1786
20.2496
20.3036
20.3006
20.2103
20.0518
19.5648
18.9538
18.8099
18.8469
18.9265
18.9783
18.9935
18.9592
18.9093
18.8905
18.9344
19.0931
19.413
19.6553
19.7998
19.833
19.7831
19.776
19.7962
19.8364
19.8814
19.8838
19.8258
19.7044
19.4444
19.0401
18.5916
18.4758
18.5965
18.7734
18.8532
18.8093
18.7743
18.7892
18.8893
19.0918
19.3304
19.5185
19.6217
19.6544
19.6491
19.6136
19.5303
19.4176
19.35
19.2391
19.1565
19.1178
19.0771
18.8554
21.5023
21.8517
22.091
22.1466
21.7458
20.8999
19.88
19.7142
19.7917
19.9047
19.9109
19.829
19.7412
19.7228
19.7661
19.8459
19.9328
19.9914
20.006
20.0063
20.0163
20.0585
20.1339
20.2315
20.3159
20.3789
20.4027
20.3705
20.238
20.1192
19.6938
19.1557
18.9606
18.9733
18.9429
18.9802
19.0306
19.0475
18.9955
18.922
18.8801
18.9242
19.1128
19.5084
19.7999
19.952
19.9446
19.8774
19.8207
19.8081
19.8574
19.8836
19.839
19.6757
19.3931
19.03
18.6178
18.4594
18.5501
18.7213
18.8264
18.8342
18.8229
18.8675
18.9824
19.155
19.3075
19.4381
19.5699
19.6744
19.718
19.6689
19.5668
19.4493
19.2668
19.1107
19.0894
19.1065
19.1146
18.9099
21.4323
21.7661
21.9885
22.0423
21.6577
20.7498
19.7542
19.6361
19.7503
19.9186
19.9703
19.9282
19.8537
19.841
19.8966
19.9889
20.0789
20.1176
20.12
20.1162
20.1232
20.1624
20.2435
20.3586
20.4585
20.5058
20.4946
20.4578
20.3339
20.2603
19.8788
19.3097
19.0598
19.0011
18.9473
18.9793
19.0545
19.1182
19.1124
19.0158
18.9188
18.8924
18.9905
19.2578
19.6961
19.949
20.0135
19.9551
19.8648
19.8066
19.8182
19.8611
19.8334
19.6574
19.3851
19.0768
18.6936
18.4793
18.511
18.6245
18.7491
18.8639
18.9312
19.0042
19.1098
19.203
19.2878
19.3863
19.5138
19.635
19.7083
19.7085
19.6218
19.4248
19.1963
19.0989
19.1266
19.1687
19.1592
18.9361
21.3195
21.6491
21.821
21.8346
21.5304
20.5738
19.6151
19.5135
19.636
19.8459
19.9933
20.0426
20.0146
20.0103
20.0634
20.1509
20.221
20.25
20.252
20.2497
20.2626
20.3052
20.3873
20.5024
20.5967
20.6274
20.6087
20.5978
20.5085
20.492
20.0713
19.4111
19.1005
18.9942
18.945
18.9801
19.0561
19.135
19.1738
19.1318
19.0283
18.9608
19.0048
19.1554
19.4796
19.8392
19.9769
19.978
19.9135
19.8308
19.7932
19.7951
19.7826
19.6754
19.4548
19.1951
18.8148
18.5072
18.4718
18.5291
18.6841
18.8974
19.0787
19.1821
19.2427
19.2895
19.309
19.3654
19.4545
19.5745
19.6494
19.6274
19.4853
19.2901
19.1621
19.1324
19.174
19.1958
19.1786
18.936
21.1296
21.4479
21.6009
21.5752
21.3492
20.3636
19.4706
19.3768
19.4573
19.6788
19.9314
20.0949
20.1897
20.2081
20.2466
20.3045
20.3479
20.3719
20.3847
20.3981
20.4216
20.4684
20.5483
20.647
20.7131
20.7387
20.7679
20.8095
20.7932
20.7519
20.2451
19.4536
19.0836
18.9913
18.9597
18.9991
19.0589
19.1157
19.1619
19.1921
19.1794
19.1142
19.0947
19.1826
19.3312
19.5882
19.83
19.9155
19.9312
19.8639
19.7732
19.722
19.7158
19.7055
19.6248
19.3915
18.9623
18.5574
18.4384
18.4842
18.6768
18.9605
19.2111
19.3362
19.35
19.3275
19.3277
19.3482
19.3992
19.4509
19.4257
19.3258
19.233
19.1737
19.1633
19.1527
19.1831
19.1665
19.1124
18.8346
20.8366
21.119
21.2469
21.2858
21.0996
20.0997
19.3166
19.2186
19.2588
19.4474
19.747
20.0492
20.2503
20.3794
20.4106
20.4272
20.4458
20.4662
20.4958
20.5378
20.5871
20.6395
20.703
20.7685
20.8103
20.8683
20.9827
21.1194
21.1354
21.0009
20.3845
19.4626
19.0655
19.0233
19.0194
19.05
19.0773
19.0882
19.1165
19.1905
19.2861
19.3042
19.2579
19.2456
19.2908
19.3779
19.5695
19.779
19.8589
19.8509
19.7466
19.6602
19.6688
19.7416
19.7986
19.6381
19.1729
18.6977
18.5136
18.5368
18.749
19.0524
19.2884
19.3772
19.3669
19.3151
19.2766
19.2983
19.298
19.2433
19.1699
19.12
19.1181
19.1359
19.1221
19.1194
19.1096
19.0671
19.0034
18.6934
20.4089
20.6489
20.7848
20.9271
20.7264
19.7333
19.0995
19.0242
19.0665
19.2194
19.4742
19.851
20.1998
20.421
20.5187
20.5129
20.5114
20.5285
20.5749
20.6469
20.7269
20.7918
20.8365
20.876
20.9348
21.0594
21.2725
21.4507
21.43
21.197
20.523
19.4981
19.0975
19.0846
19.1152
19.1215
19.1039
19.0699
19.0746
19.162
19.3088
19.4403
19.45
19.3839
19.315
19.2881
19.3375
19.528
19.7196
19.7523
19.6928
19.6154
19.6514
19.7455
19.8438
19.7482
19.3272
18.8656
18.6886
18.7026
18.8824
19.1165
19.2968
19.3411
19.3109
19.2458
19.2056
19.1529
19.1031
19.066
19.0737
19.074
19.0353
19.0167
19.0108
19.0192
19.0356
19.0142
18.9424
18.5909
19.8342
20.0766
20.2565
20.4754
20.2293
19.2463
18.7851
18.7703
18.8586
19.0091
19.2205
19.5279
19.9844
20.3164
20.5051
20.5293
20.5418
20.5717
20.6305
20.7211
20.8192
20.8927
20.9395
21.0005
21.1217
21.3178
21.5537
21.7112
21.6815
21.3319
20.6773
19.5943
19.1471
19.1439
19.2095
19.1971
19.1357
19.062
19.0548
19.1479
19.3222
19.5041
19.596
19.5457
19.417
19.2701
19.2425
19.2707
19.4741
19.6022
19.6204
19.5974
19.6537
19.7349
19.7983
19.7223
19.3692
18.9667
18.8506
18.8727
18.9898
19.1297
19.2003
19.2368
19.2024
19.1125
19.0198
18.9573
18.9453
18.9954
18.9839
18.9704
18.9314
18.9107
18.9258
18.9639
18.9728
18.9604
18.8867
18.5246
19.2037
19.4691
19.6923
19.9535
19.6273
18.6593
18.3729
18.4374
18.5954
18.7771
18.9778
19.2258
19.6079
20.0459
20.3464
20.4952
20.5406
20.5936
20.6679
20.761
20.8618
20.9533
21.0494
21.1686
21.3549
21.5954
21.7685
21.9112
21.8321
21.4533
20.8382
19.7564
19.2259
19.2133
19.2836
19.2796
19.1853
19.0816
19.066
19.1663
19.3452
19.5258
19.6081
19.5929
19.5001
19.3313
19.2176
19.1621
19.1878
19.3906
19.5235
19.5931
19.658
19.6883
19.6616
19.5796
19.2765
18.9496
18.9096
18.9836
19.0341
19.0394
19.044
19.038
18.9969
18.922
18.8783
18.8725
18.8805
18.8755
18.8773
18.8686
18.866
18.88
18.9233
18.9545
18.9901
19.0008
18.9442
18.5893
18.6133
18.909
19.1514
19.4048
18.9635
18.0226
17.8988
18.0437
18.2835
18.5117
18.7212
18.9607
19.2358
19.6125
20.0189
20.3251
20.5099
20.6042
20.6921
20.7795
20.8745
20.9926
21.1472
21.3429
21.6064
21.8159
21.9012
21.9893
21.9162
21.569
21.0099
19.9611
19.3405
19.2973
19.3366
19.3349
19.252
19.1445
19.1201
19.2093
19.361
19.5113
19.5725
19.5792
19.5321
19.382
19.2333
19.0879
19.0019
19.1211
19.3665
19.5527
19.6309
19.5839
19.4294
19.2936
19.0569
18.8902
18.9124
18.9704
18.9472
18.8857
18.8205
18.8071
18.8357
18.8819
18.8473
18.7925
18.7648
18.7606
18.7854
18.8176
18.8852
18.9658
19.0214
19.1044
19.1903
19.2167
19.1287
18.7683
18.1295
18.4595
18.7043
18.8881
18.3196
17.4242
17.4152
17.6379
17.9591
18.244
18.4837
18.7053
18.9391
19.2011
19.5708
20.0027
20.3524
20.5848
20.6969
20.79
20.8931
21.0491
21.2619
21.547
21.7886
21.9023
21.9212
21.9694
21.9446
21.6801
21.1846
20.1902
19.4673
19.3774
19.3714
19.3665
19.3285
19.2502
19.2174
19.2719
19.3701
19.4478
19.48
19.4796
19.4574
19.3559
19.2026
19.0198
18.8963
18.9103
19.1073
19.3723
19.4991
19.4194
19.1725
18.9138
18.6843
18.5875
18.6587
18.749
18.7393
18.6789
18.6408
18.6925
18.786
18.8586
18.8477
18.7824
18.7262
18.7073
18.7338
18.8423
18.9712
19.1433
19.339
19.47
19.4887
19.4151
19.2369
18.8421
17.7969
18.1604
18.3993
18.4672
17.7666
16.9529
16.9966
17.28
17.6648
18.0108
18.2883
18.5107
18.7143
18.9235
19.1915
19.5899
20.0627
20.4363
20.6775
20.812
20.9638
21.1709
21.4519
21.7123
21.8651
21.8828
21.8657
21.9206
21.9566
21.7607
21.3274
20.3863
19.5655
19.4117
19.3797
19.3917
19.3872
19.3689
19.3419
19.3417
19.3459
19.3291
19.3105
19.2859
19.2516
19.1874
19.0762
18.9456
18.854
18.8262
18.8946
19.0725
19.2113
19.2055
19.0422
18.8312
18.5977
18.3735
18.3496
18.4162
18.4704
18.5081
18.5621
18.6338
18.7318
18.8345
18.8854
18.8593
18.7909
18.7738
18.8624
19.0051
19.2587
19.5109
19.6707
19.6975
19.6258
19.4812
19.2582
18.8557
17.6223
18.007
18.2305
18.1783
17.3546
16.6401
16.7065
17.0264
17.45
17.8312
18.1452
18.3889
18.5791
18.7709
18.9889
19.2731
19.6825
20.1655
20.5521
20.846
21.1027
21.3915
21.641
21.7835
21.8319
21.799
21.7899
21.8746
21.9507
21.8142
21.4117
20.5034
19.6322
19.4103
19.3675
19.4097
19.4462
19.4459
19.4247
19.378
19.2818
19.165
19.0382
18.9382
18.8977
18.8985
18.9038
18.8807
18.8448
18.8129
18.8188
18.8713
18.9548
19.0357
19.0371
18.9235
18.6762
18.3627
18.2651
18.2683
18.3182
18.4088
18.5027
18.5894
18.6836
18.7968
18.9067
18.9689
18.9979
19.0208
19.1532
19.392
19.5846
19.7327
19.8052
19.7823
19.672
19.496
19.2204
18.7931
17.5686
17.9703
18.168
18.0169
17.1105
16.4675
16.5452
16.8842
17.3328
17.7353
18.0758
18.3407
18.538
18.718
18.9138
19.1325
19.4129
19.8496
20.3833
20.8701
21.3152
21.6201
21.7676
21.8049
21.7489
21.6835
21.7118
21.8126
21.9086
21.832
21.461
20.5533
19.6583
19.3907
19.3417
19.4153
19.4974
19.5458
19.5102
19.3812
19.1578
18.9321
18.732
18.645
18.6549
18.7148
18.8071
18.8638
18.8604
18.8164
18.7561
18.7268
18.7847
18.9413
19.0979
19.0849
18.8077
18.3992
18.2159
18.1682
18.2303
18.3479
18.4563
18.5356
18.6093
18.7072
18.8377
18.9809
19.1595
19.3618
19.5493
19.681
19.7699
19.8402
19.8403
19.7555
19.625
19.4323
19.1324
18.6998
17.5652
17.9892
18.1699
17.9706
17.0154
16.3981
16.4801
16.8271
17.2809
17.6923
18.0421
18.3173
18.5352
18.722
18.8957
19.0812
19.3043
19.6354
20.1871
20.9046
21.448
21.777
21.8567
21.8147
21.6951
21.6026
21.6253
21.7396
21.8413
21.8143
21.4904
20.5865
19.6863
19.3776
19.3211
19.4149
19.5132
19.6055
19.5541
19.367
19.0114
18.6867
18.5073
18.49
18.5444
18.64
18.758
18.8601
18.8871
18.8246
18.7081
18.6288
18.6883
18.8743
19.1676
19.2374
18.9343
18.4664
18.2132
18.121
18.1862
18.3026
18.4092
18.4766
18.5282
18.6156
18.8047
19.1229
19.462
19.7394
19.926
19.979
19.9597
19.8879
19.7755
19.6487
19.5187
19.3394
19.0483
18.6162
)
;

boundaryField
{
    inlet
    {
        type            fixedValue;
        value           uniform 10;
    }
    outlet
    {
        type            zeroGradient;
    }
    bottom
    {
        type            symmetryPlane;
    }
    top
    {
        type            symmetryPlane;
    }
    obstacle
    {
        type            zeroGradient;
    }
    defaultFaces
    {
        type            empty;
    }
}


// ************************************************************************* //
