/*--------------------------------*- C++ -*----------------------------------*\
| =========                 |                                                 |
| \\      /  F ield         | OpenFOAM: The Open Source CFD Toolbox           |
|  \\    /   O peration     | Version:  v1912                                 |
|   \\  /    A nd           | Website:  www.openfoam.com                      |
|    \\/     M anipulation  |                                                 |
\*---------------------------------------------------------------------------*/
FoamFile
{
    version     2.0;
    format      ascii;
    class       volScalarField;
    location    "0.3";
    object      p;
}
// * * * * * * * * * * * * * * * * * * * * * * * * * * * * * * * * * * * * * //

dimensions      [1 -1 -2 0 0 0 0];


internalField   nonuniform List<scalar> 
4800
(
33.3207
7.67138
5.89345
5.90871
5.89277
5.89034
5.87654
5.85828
5.83956
5.82243
5.807
5.79387
5.78151
5.76633
5.7494
5.74083
5.73907
5.72842
5.7168
5.71179
5.71798
5.73264
5.75802
5.80496
5.87611
5.95549
6.02295
6.07118
6.10296
6.12033
6.12796
6.1313
6.13081
6.12297
6.10799
6.09077
6.08135
6.08603
6.10686
6.12208
33.3218
7.67284
5.88937
5.90609
5.89255
5.89065
5.87645
5.85747
5.83744
5.81929
5.80355
5.79065
5.7786
5.76583
5.75079
5.74139
5.73784
5.72752
5.71814
5.71498
5.72212
5.73683
5.76633
5.8146
5.87911
5.95289
6.01745
6.06383
6.09379
6.10958
6.11766
6.12319
6.12617
6.12239
6.11058
6.09632
6.08689
6.08796
6.10975
6.13188
33.3248
7.67529
5.8849
5.90313
5.89306
5.89035
5.87585
5.85564
5.83441
5.81541
5.79936
5.78659
5.77515
5.76629
5.75323
5.74259
5.73631
5.72717
5.72211
5.72232
5.72981
5.74676
5.77911
5.82457
5.87996
5.94465
6.00624
6.0543
6.084
6.09795
6.10476
6.11148
6.11872
6.121
6.11482
6.104
6.09402
6.09176
6.10916
6.13015
33.3298
7.67963
5.87789
5.89774
5.8918
5.88923
5.87414
5.85306
5.83129
5.81235
5.7974
5.78505
5.77504
5.7687
5.75779
5.74568
5.73589
5.72784
5.72648
5.73042
5.74041
5.76273
5.79576
5.83515
5.8806
5.93589
5.99343
6.0414
6.0702
6.08205
6.08759
6.09591
6.10822
6.11776
6.11913
6.11324
6.10391
6.09866
6.10983
6.12468
33.3353
7.68331
5.87082
5.89191
5.88597
5.88614
5.87245
5.8526
5.83137
5.81266
5.79887
5.78673
5.77846
5.77248
5.76348
5.7501
5.73689
5.73026
5.73123
5.73741
5.75523
5.78263
5.81355
5.84546
5.88173
5.92838
5.98123
6.02771
6.05425
6.0633
6.06766
6.07792
6.09499
6.11168
6.12072
6.12039
6.11324
6.10598
6.11039
6.1171
33.3443
7.68383
5.86348
5.88388
5.87654
5.88003
5.86861
5.85185
5.83324
5.81737
5.805
5.79306
5.78563
5.779
5.77086
5.75607
5.73979
5.73308
5.73443
5.74749
5.77329
5.80421
5.83073
5.85623
5.88397
5.92303
5.97009
6.01334
6.03684
6.04387
6.04777
6.05967
6.08097
6.10346
6.11934
6.12408
6.11944
6.11085
6.10957
6.10894
33.3537
7.67966
5.85521
5.87445
5.86624
5.87255
5.86329
5.85142
5.83663
5.8233
5.81216
5.80151
5.79416
5.78712
5.77837
5.76248
5.74491
5.73429
5.74077
5.76128
5.79409
5.82587
5.84657
5.86659
5.88694
5.91887
5.95961
5.99744
6.01858
6.02493
6.02966
6.04367
6.06799
6.09396
6.1147
6.12385
6.12244
6.11401
6.10806
6.10255
33.3628
7.66987
5.84556
5.86329
5.85483
5.86419
5.8589
5.8511
5.83978
5.82894
5.8184
5.81005
5.80266
5.79363
5.7834
5.76821
5.75197
5.73931
5.75195
5.78062
5.81641
5.84459
5.86126
5.87597
5.89086
5.91486
5.94818
5.98017
6.00025
6.0077
6.01445
6.03075
6.05644
6.08391
6.10786
6.12105
6.12262
6.11564
6.10473
6.09782
33.3723
7.65432
5.83284
5.85129
5.84402
5.85661
5.85525
5.851
5.84222
5.83373
5.82378
5.81787
5.81
5.79851
5.78594
5.77239
5.76012
5.75131
5.77225
5.80596
5.83868
5.85929
5.87394
5.88526
5.89547
5.91014
5.93592
5.96278
5.9821
5.99254
6.00211
6.01985
6.04583
6.07398
6.10011
6.11647
6.12053
6.11475
6.10153
6.09415
33.3823
7.6325
5.81688
5.83991
5.8344
5.84991
5.85212
5.84974
5.8444
5.83841
5.8298
5.82547
5.81517
5.80086
5.78574
5.77623
5.76889
5.77042
5.80094
5.83396
5.85898
5.87133
5.88369
5.89317
5.89858
5.9042
5.92271
5.94422
5.96544
5.97898
5.99166
6.01158
6.03681
6.06491
6.09178
6.11011
6.1167
6.11292
6.10132
6.0914
33.392
7.60326
5.79687
5.82929
5.8267
5.8451
5.85032
5.84966
5.8462
5.84296
5.83687
5.83123
5.81532
5.79862
5.78373
5.77855
5.77934
5.7973
5.83432
5.86186
5.87666
5.88167
5.89116
5.89769
5.89873
5.89902
5.91037
5.9274
5.95008
5.96906
5.98574
6.00661
6.03007
6.05705
6.08384
6.10396
6.11319
6.11173
6.1017
6.08901
33.4016
7.56548
5.77301
5.81958
5.82175
5.84256
5.84949
5.85185
5.85107
5.85006
5.84446
5.83386
5.81176
5.79405
5.78152
5.78081
5.79201
5.82846
5.86717
5.88672
5.89187
5.89077
5.89607
5.89978
5.89933
5.89737
5.90105
5.91328
5.93699
5.96083
5.98199
6.00366
6.02577
6.05043
6.07591
6.09766
6.11044
6.1115
6.10191
6.08699
33.4127
7.51893
5.74539
5.81036
5.81996
5.84152
5.84997
5.8562
5.85925
5.85958
5.85161
5.83376
5.80605
5.78741
5.77975
5.78565
5.80877
5.85879
5.89553
5.90764
5.90519
5.89858
5.89955
5.90143
5.90081
5.89844
5.89628
5.90261
5.92672
5.95413
5.97889
6.00316
6.02479
6.04625
6.0678
6.09039
6.10691
6.11063
6.10172
6.08591
33.428
7.46637
5.71426
5.80038
5.81956
5.83913
5.85166
5.86332
5.87005
5.86937
5.85596
5.83039
5.79938
5.78251
5.77979
5.79224
5.83152
5.88538
5.91808
5.92521
5.91764
5.90662
5.90289
5.90367
5.90253
5.89963
5.89386
5.89572
5.91931
5.94954
5.97835
6.00592
6.02715
6.04512
6.06235
6.08263
6.10124
6.10803
6.10093
6.08516
33.4496
7.41102
5.67994
5.78854
5.81722
5.83625
5.85346
5.87113
5.88089
5.87696
5.85617
5.82517
5.79453
5.78092
5.78236
5.80309
5.85514
5.90697
5.93577
5.9402
5.93018
5.9153
5.90663
5.90719
5.90546
5.90148
5.89368
5.89254
5.91475
5.94766
5.98012
6.01079
6.03192
6.04701
6.06123
6.07675
6.09479
6.10397
6.1001
6.08561
33.4786
7.35602
5.64351
5.77319
5.81175
5.83394
5.85558
5.87667
5.88614
5.87738
5.85107
5.81868
5.79305
5.78417
5.79118
5.82125
5.87605
5.92309
5.94935
5.95338
5.94302
5.92613
5.91427
5.91292
5.91084
5.90447
5.89455
5.89098
5.91039
5.94546
5.98221
6.01555
6.03734
6.05139
6.06216
6.07389
6.08965
6.09909
6.09773
6.08565
33.514
7.30467
5.60548
5.75297
5.80382
5.8327
5.85724
5.87787
5.88428
5.87032
5.84144
5.81229
5.79533
5.79401
5.80845
5.84567
5.89547
5.936
5.96018
5.96598
5.95719
5.93993
5.92554
5.92136
5.91706
5.90711
5.89451
5.88914
5.90561
5.94129
5.98084
6.0165
6.04154
6.05651
6.06529
6.07358
6.08505
6.09294
6.09298
6.08362
33.5552
7.25751
5.56736
5.72788
5.79424
5.83247
5.85733
5.87352
5.87404
5.85636
5.82914
5.80761
5.80091
5.81005
5.83337
5.87275
5.91446
5.94856
5.9705
5.97882
5.97318
5.95732
5.9406
5.93195
5.92391
5.91037
5.8949
5.88698
5.9006
5.93494
5.97671
6.01456
6.04376
6.06144
6.07023
6.07595
6.08237
6.08732
6.08707
6.07938
33.602
7.21523
5.53124
5.69833
5.78247
5.83172
5.85481
5.86311
5.85647
5.83761
5.81581
5.80449
5.8098
5.83147
5.86356
5.90061
5.93401
5.96209
5.98147
5.99078
5.9871
5.97338
5.95693
5.94414
5.93213
5.91503
5.89605
5.88587
5.89544
5.92585
5.96875
6.00967
6.04386
6.06496
6.07526
6.07948
6.08151
6.08263
6.0811
6.07492
33.654
7.17912
5.49929
5.66553
5.76659
5.82723
5.84851
5.84833
5.83567
5.81809
5.80369
5.80389
5.82316
5.85641
5.89541
5.92908
5.95504
5.9769
5.99232
5.99974
5.99597
5.98338
5.96852
5.95495
5.94049
5.92074
5.8989
5.88611
5.89043
5.91574
5.95788
6.00195
6.04063
6.06545
6.078
6.08189
6.08124
6.07921
6.07658
6.07087
33.71
7.14999
5.47323
5.63178
5.74462
5.8156
5.83682
5.8313
5.81545
5.80026
5.794
5.8064
5.8405
5.88334
5.92582
5.95672
5.97653
5.9917
6.00192
6.00587
6.00077
5.9885
5.97485
5.96196
5.94697
5.92608
5.90304
5.88741
5.88714
5.90735
5.94637
5.99251
6.03371
6.06186
6.07671
6.08146
6.08016
6.07646
6.07265
6.06667
33.7674
7.12754
5.45359
5.5996
5.7158
5.79543
5.81992
5.81392
5.79793
5.786
5.78824
5.81383
5.86076
5.91043
5.95308
5.98155
5.99609
6.00503
6.00972
6.00955
6.00278
5.9908
5.97754
5.96513
5.95076
5.93012
5.90756
5.89003
5.88655
5.90215
5.93645
5.9824
6.02403
6.05423
6.07101
6.07765
6.07735
6.07361
6.06829
6.06177
33.8227
7.11093
5.43982
5.5709
5.68145
5.7672
5.79866
5.79714
5.7835
5.77595
5.78762
5.82729
5.88416
5.93643
5.97549
6.00115
6.01236
6.01577
6.01534
6.01118
6.0023
5.98993
5.97758
5.9672
5.95404
5.93414
5.91237
5.89404
5.88837
5.8999
5.92877
5.97228
6.01324
6.04348
6.06108
6.06982
6.07175
6.06863
6.0623
6.0554
33.8733
7.09837
5.43093
5.54676
5.64506
5.73328
5.77405
5.78029
5.77148
5.77044
5.79348
5.84543
5.909
5.96068
5.99331
6.01478
6.02351
6.02368
6.01912
6.01105
5.99977
5.98676
5.9759
5.96888
5.95768
5.93909
5.91782
5.89899
5.89135
5.8993
5.92309
5.96219
6.00163
6.03063
6.04844
6.05814
6.06261
6.06052
6.05325
6.04674
33.9171
7.08897
5.42582
5.52756
5.61105
5.69775
5.74692
5.76209
5.76069
5.76947
5.80632
5.86814
5.9334
5.98167
6.00796
6.0237
6.02961
6.02797
6.02073
6.009
5.99519
5.98262
5.97418
5.97098
5.96243
5.94536
5.92423
5.90481
5.89531
5.89921
5.91761
5.95151
5.98885
6.01696
6.03497
6.0453
6.05105
6.04982
6.04211
6.03657
33.9537
7.0825
5.42361
5.51308
5.58297
5.66494
5.71825
5.74166
5.75041
5.77236
5.82396
5.89339
5.95645
5.99875
6.01944
6.0296
6.03245
6.02867
6.01934
6.00501
5.98976
5.97853
5.97309
5.97274
5.96737
5.95275
5.93193
5.91189
5.90051
5.90022
5.91217
5.94032
5.9749
6.00322
6.02198
6.03325
6.03929
6.03827
6.03086
6.02644
33.9831
7.07771
5.4229
5.50351
5.56302
5.63778
5.68986
5.71936
5.74036
5.77875
5.84379
5.91797
5.97709
6.01235
6.02809
6.03414
6.03397
6.02751
6.01582
5.99968
5.98462
5.97545
5.97245
5.97408
5.97186
5.96038
5.94115
5.92086
5.90712
5.90236
5.90795
5.9293
5.96042
5.98969
6.01026
6.02299
6.02905
6.02805
6.02166
6.01829
34.0059
7.07373
5.4227
5.49797
5.5505
5.61712
5.66404
5.69687
5.73024
5.78551
5.86291
5.93968
5.99442
6.02343
6.03483
6.03813
6.03558
6.02665
6.01291
5.99528
5.98042
5.97294
5.97153
5.97404
5.9757
5.96868
5.9524
5.93288
5.91602
5.90511
5.90428
5.91967
5.9471
5.97709
5.99991
6.01464
6.02117
6.02054
6.01598
6.01342
34.0238
7.07104
5.42338
5.49501
5.54286
5.60243
5.64323
5.67665
5.72075
5.79128
5.87898
5.957
6.00819
6.03256
6.04093
6.04211
6.03771
6.02645
6.01081
5.992
5.97693
5.9704
5.97002
5.97327
5.97609
5.97424
5.963
5.94618
5.92666
5.90854
5.90194
5.91344
5.93654
5.96634
5.99115
6.00788
6.01549
6.01619
6.01416
6.01244
34.0379
7.07064
5.42557
5.49331
5.53676
5.59128
5.6276
5.66101
5.71323
5.79496
5.89004
5.96839
6.01721
6.04036
6.04784
6.04743
6.04086
6.02753
6.01022
5.98943
5.97333
5.96703
5.96746
5.97151
5.97526
5.97816
5.97109
5.95709
5.93673
5.91526
5.90425
5.91062
5.92934
5.9576
5.98337
6.00214
6.01168
6.01479
6.01469
6.01447
34.0517
7.07452
5.43003
5.49269
5.53
5.58065
5.61576
5.6517
5.70963
5.7983
5.89634
5.97384
6.02089
6.04402
6.05292
6.05229
6.04412
6.02924
6.01088
5.98916
5.97111
5.96368
5.96416
5.96873
5.97371
5.97941
5.97614
5.96439
5.94407
5.92411
5.91109
5.91234
5.92639
5.95127
5.97636
5.99691
6.00862
6.01435
6.01516
6.01715
34.0673
7.08291
5.43744
5.49269
5.52171
5.56855
5.60516
5.64778
5.71259
5.80346
5.89917
5.97379
6.02016
6.04444
6.05443
6.05487
6.04674
6.03091
6.01224
5.99076
5.97141
5.96208
5.96131
5.96543
5.97053
5.97593
5.97719
5.96863
5.95046
5.93347
5.92059
5.91818
5.92688
5.94733
5.97137
5.99191
6.00467
6.01049
6.01362
6.01973
34.0839
7.09472
5.4476
5.49328
5.51161
5.55401
5.59415
5.64665
5.72101
5.81227
5.90076
5.96924
6.01345
6.03941
6.05158
6.05435
6.04797
6.03308
6.01402
5.9929
5.97283
5.96138
5.95911
5.96195
5.96636
5.97018
5.97422
5.97183
5.9575
5.94291
5.93043
5.9254
5.92892
5.9454
5.96785
5.98726
6.00029
6.00703
6.01296
6.02447
34.1007
7.1087
5.45942
5.49361
5.49971
5.53687
5.5819
5.6473
5.73314
5.82537
5.90405
5.96221
6.0017
6.02905
6.04337
6.04921
6.04636
6.0345
6.01652
5.99567
5.97429
5.96063
5.95658
5.95762
5.96121
5.96533
5.97143
5.97552
5.96727
5.95469
5.94207
5.93301
5.93193
5.94474
5.96503
5.98286
5.99538
6.00369
6.01403
6.03286
34.118
7.12374
5.47177
5.49369
5.48699
5.51789
5.56819
5.64797
5.74699
5.84113
5.91026
5.95635
5.98682
6.01293
6.02951
6.03943
6.04182
6.03446
6.01839
5.99749
5.97453
5.95867
5.95285
5.95231
5.95581
5.96292
5.97251
5.98166
5.97956
5.96859
5.95359
5.93936
5.93567
5.9439
5.96152
5.97802
5.99032
6.00242
6.01865
6.04298
34.1351
7.13895
5.48388
5.49345
5.47485
5.49873
5.55402
5.64805
5.7609
5.85741
5.91782
5.95257
5.975
5.9959
6.01275
6.02667
6.03479
6.03304
6.01893
5.9976
5.97328
5.95479
5.94762
5.94657
5.95224
5.96389
5.9778
5.99152
5.99375
5.98298
5.9639
5.94418
5.93767
5.94296
5.9566
5.9731
5.98709
6.00401
6.02513
6.05149
34.1505
7.15358
5.4947
5.4933
5.4644
5.48093
5.54046
5.64775
5.77343
5.87223
5.92523
5.94984
5.96434
5.98138
5.99701
6.01317
6.02575
6.02895
6.01773
5.99673
5.97101
5.94999
5.94167
5.94254
5.95226
5.96829
5.98645
6.00359
6.0078
5.99528
5.97181
5.94775
5.93738
5.94129
5.95031
5.96841
5.98649
6.00786
6.03056
6.0555
34.1628
7.16616
5.5041
5.4936
5.4565
5.46626
5.52898
5.64714
5.78302
5.88323
5.93097
5.9489
5.95777
5.97006
5.9847
6.00173
6.01607
6.02191
6.0133
5.99328
5.96602
5.94327
5.93685
5.94106
5.95514
5.97539
5.99725
6.01572
6.01967
6.005
5.97813
5.95052
5.93602
5.93917
5.94479
5.96545
5.988
6.01257
6.03417
6.05524
34.1712
7.17587
5.51086
5.49388
5.45121
5.45623
5.52084
5.64646
5.78916
5.89067
5.93461
5.94901
5.95494
5.96366
5.97696
5.9941
6.00872
6.01595
6.00802
5.98797
5.96014
5.93908
5.9352
5.94267
5.96003
5.98304
6.00678
6.0245
6.02645
6.00947
5.98061
5.95165
5.93445
5.93697
5.94001
5.9628
5.98915
6.01626
6.03601
6.05229
34.1775
7.18062
5.51631
5.49579
5.44802
5.45091
5.51503
5.64357
5.79028
5.89448
5.93755
5.95047
5.95511
5.96192
5.97413
5.99043
6.00437
6.01115
6.00223
5.98137
5.95418
5.93581
5.93381
5.94395
5.96348
5.98824
6.01342
6.03098
6.03217
6.01422
5.98494
5.95521
5.93529
5.93627
5.93974
5.96128
5.98857
6.01692
6.03565
6.04925
6.17822
6.17718
6.18682
6.17662
6.14902
6.11474
6.08988
6.08292
6.08353
6.08635
6.07565
6.0443
5.99974
5.97056
5.95192
5.94192
5.93158
5.92639
5.92175
5.93401
5.96385
5.99558
6.02119
6.03533
6.03804
6.03728
6.04071
6.05616
6.07779
6.11057
6.13823
6.15285
6.15824
6.16774
6.17885
6.19126
6.19253
6.19259
6.19328
6.19417
6.20506
6.22112
6.22977
6.23198
6.22519
6.2098
6.20289
6.20635
6.22307
6.24344
6.25162
6.24215
6.22195
6.20597
6.20232
6.21946
6.25838
6.31108
6.36509
6.40365
6.42236
6.42972
6.41221
6.37175
6.3178
6.26686
6.23243
6.21868
6.23834
6.31676
6.43354
6.54089
6.60313
6.61017
6.57557
6.50586
6.42404
6.37108
6.34763
6.35879
6.16231
6.1665
6.17197
6.15853
6.13365
6.10414
6.08435
6.0786
6.07623
6.07505
6.0616
6.03236
5.9908
5.96268
5.94556
5.93714
5.92839
5.92649
5.92896
5.94714
5.97625
6.00602
6.02691
6.03634
6.03643
6.03763
6.04159
6.05951
6.08666
6.11959
6.14446
6.1582
6.16493
6.17463
6.18514
6.19371
6.19383
6.19247
6.19277
6.19405
6.20666
6.22291
6.22954
6.2319
6.22518
6.21272
6.20773
6.21289
6.22824
6.2437
6.24714
6.23987
6.22598
6.21491
6.21688
6.23856
6.27499
6.31168
6.35451
6.38807
6.40356
6.40187
6.3911
6.36568
6.32354
6.28144
6.25557
6.2578
6.2902
6.35633
6.44729
6.53289
6.57986
6.57851
6.53469
6.46942
6.41311
6.37558
6.36347
6.38147
6.15394
6.15926
6.1639
6.1535
6.13049
6.10518
6.08669
6.08013
6.07476
6.07005
6.05419
6.02274
5.98094
5.95492
5.94335
5.93683
5.93495
5.93712
5.94108
5.95506
5.9781
6.00683
6.02712
6.03524
6.03449
6.03689
6.04517
6.06761
6.09642
6.12376
6.14478
6.15846
6.16926
6.17888
6.19031
6.19539
6.19235
6.1882
6.18783
6.19184
6.20797
6.22529
6.23298
6.2344
6.22654
6.21738
6.21252
6.21695
6.22873
6.24068
6.24381
6.23994
6.23454
6.23232
6.24155
6.25975
6.28234
6.2985
6.32238
6.34854
6.36491
6.37209
6.37463
6.3743
6.35197
6.32283
6.30834
6.3129
6.34086
6.38575
6.43638
6.49426
6.52609
6.52541
6.49224
6.44573
6.41338
6.39496
6.39597
6.42234
6.14157
6.14681
6.15072
6.14493
6.12755
6.10693
6.08883
6.07875
6.06965
6.05846
6.04068
6.00938
5.97003
5.94784
5.94106
5.941
5.9466
5.95176
5.95417
5.96095
5.97954
6.0056
6.02525
6.03315
6.03479
6.04
6.05454
6.07895
6.10424
6.12451
6.14463
6.1587
6.17209
6.18324
6.19383
6.19503
6.18853
6.1831
6.18385
6.19207
6.20881
6.22749
6.23699
6.23643
6.22906
6.22396
6.21842
6.22156
6.23058
6.23823
6.24024
6.24146
6.24807
6.25714
6.26605
6.27587
6.28793
6.2911
6.29011
6.29623
6.31155
6.33266
6.35409
6.37386
6.3793
6.37984
6.38195
6.38055
6.38571
6.407
6.43021
6.45021
6.45462
6.4529
6.44238
6.42191
6.41281
6.4172
6.43519
6.47741
6.12857
6.13353
6.13991
6.13923
6.12803
6.11032
6.09071
6.07629
6.06388
6.04827
6.02649
5.99516
5.95958
5.94237
5.94263
5.95062
5.96235
5.96781
5.96549
5.96454
5.97691
5.99985
6.01928
6.03049
6.03748
6.04983
6.06938
6.0902
6.10906
6.12306
6.1412
6.15653
6.17213
6.18514
6.19365
6.19182
6.18396
6.17827
6.18092
6.19375
6.21221
6.23012
6.23911
6.2382
6.23307
6.22897
6.22519
6.22716
6.23281
6.23823
6.24078
6.24812
6.26109
6.27381
6.28123
6.28713
6.28585
6.27507
6.25625
6.24878
6.25813
6.29137
6.33972
6.38583
6.42564
6.45137
6.45549
6.44321
6.42644
6.41269
6.40539
6.38507
6.37839
6.38653
6.40115
6.41437
6.42914
6.46378
6.50235
6.54989
6.1159
6.12112
6.13112
6.13513
6.12821
6.11177
6.09059
6.07205
6.05602
6.03712
6.01286
5.98198
5.95058
5.93942
5.9468
5.96352
5.97838
5.98162
5.97383
5.96584
5.9713
5.99044
6.01123
6.02879
6.04563
6.06731
6.08572
6.09928
6.11086
6.12149
6.13459
6.15082
6.16857
6.1835
6.19105
6.18862
6.1804
6.17574
6.18114
6.19718
6.2157
6.23121
6.23863
6.2395
6.23738
6.2353
6.23562
6.23709
6.23681
6.23894
6.24166
6.25103
6.2649
6.27855
6.28626
6.29153
6.28123
6.25981
6.23574
6.22104
6.22235
6.25416
6.32311
6.39932
6.46443
6.50224
6.50735
6.48483
6.44429
6.40431
6.36341
6.33344
6.32924
6.34525
6.37705
6.41945
6.47159
6.52347
6.55659
6.59969
6.10544
6.11082
6.12357
6.12973
6.12487
6.10944
6.08798
6.06713
6.04872
6.02842
6.00336
5.97271
5.94559
5.94046
5.95538
5.97748
5.99195
5.99246
5.98002
5.96608
5.96577
5.98093
6.00502
6.03192
6.06228
6.08628
6.10046
6.10662
6.11108
6.11723
6.12542
6.14179
6.16209
6.1797
6.1877
6.18525
6.17891
6.17589
6.18183
6.19841
6.21578
6.22894
6.23571
6.23786
6.2393
6.24283
6.24654
6.24749
6.24283
6.24218
6.24263
6.24575
6.25624
6.27016
6.27871
6.2862
6.27727
6.25485
6.2312
6.21693
6.21293
6.24032
6.3109
6.40569
6.48447
6.52688
6.53075
6.50709
6.44664
6.38098
6.32986
6.30856
6.31069
6.33462
6.37948
6.45265
6.51881
6.56349
6.58569
6.62412
6.09817
6.103
6.1159
6.12205
6.11771
6.1029
6.08263
6.06199
6.04332
6.02322
5.99858
5.96878
5.94461
5.94692
5.96622
5.98913
6.00166
6.00087
5.98427
5.9662
5.96301
5.97722
6.00673
6.045
6.07972
6.10101
6.11201
6.1125
6.11063
6.11043
6.11619
6.13237
6.15442
6.17306
6.18208
6.18317
6.17915
6.17703
6.18156
6.19475
6.21001
6.22248
6.22841
6.2315
6.23674
6.24449
6.25238
6.2557
6.25091
6.24499
6.2375
6.2322
6.23808
6.25052
6.26272
6.27733
6.27916
6.26413
6.24297
6.23182
6.23445
6.25993
6.31826
6.39201
6.46973
6.51491
6.52114
6.48991
6.42676
6.35979
6.32014
6.31061
6.32516
6.36476
6.43596
6.49804
6.54401
6.57658
6.59653
6.62939
6.09237
6.09618
6.10763
6.11225
6.10784
6.09386
6.07547
6.05679
6.03945
6.02088
5.9985
5.97037
5.95056
5.95735
5.97583
5.99607
6.007
6.00428
5.98715
5.96887
5.96597
5.98379
6.01997
6.06013
6.09179
6.10901
6.11736
6.11421
6.10813
6.10417
6.10803
6.1225
6.14456
6.16493
6.17767
6.18286
6.18184
6.17979
6.18036
6.18591
6.19768
6.21016
6.218
6.22359
6.23081
6.24135
6.25233
6.25914
6.25686
6.24723
6.23354
6.22294
6.21969
6.22797
6.24654
6.26958
6.28132
6.27781
6.27002
6.26715
6.27236
6.29153
6.32692
6.37355
6.42454
6.46525
6.47334
6.44784
6.40157
6.36043
6.33871
6.34032
6.37325
6.43736
6.49501
6.52634
6.54833
6.56966
6.58923
6.61694
6.08732
6.08991
6.09894
6.10146
6.09684
6.084
6.06748
6.05113
6.03598
6.0202
6.00219
5.97886
5.96446
5.96784
5.98179
5.99916
6.00763
6.00435
5.99062
5.97696
5.9798
6.0014
6.03491
6.06973
6.09683
6.11103
6.1172
6.11283
6.10533
6.10054
6.10194
6.11295
6.13319
6.1567
6.17573
6.18569
6.18667
6.18276
6.17737
6.17602
6.18128
6.19176
6.20173
6.21034
6.22016
6.23377
6.24805
6.25807
6.25962
6.2473
6.2276
6.21288
6.20543
6.21378
6.23597
6.26494
6.2847
6.29405
6.30334
6.31419
6.3201
6.33089
6.34862
6.36903
6.37647
6.38733
6.39701
6.3909
6.37621
6.37126
6.37287
6.40355
6.46349
6.51334
6.53452
6.5466
6.55304
6.56221
6.57546
6.59402
6.08217
6.08358
6.09037
6.09113
6.08644
6.07444
6.05918
6.04485
6.03239
6.0206
6.00942
5.99445
5.98247
5.9782
5.98457
5.99745
6.00489
6.00411
5.99738
5.99341
6.00169
6.02087
6.04601
6.07338
6.09468
6.10695
6.11253
6.11022
6.10487
6.09987
6.09898
6.10572
6.12286
6.14946
6.17533
6.19088
6.19179
6.18818
6.17863
6.16986
6.16739
6.17268
6.18103
6.19224
6.20552
6.22035
6.23923
6.25415
6.25909
6.24884
6.22778
6.2121
6.20662
6.2129
6.23384
6.26209
6.28611
6.30814
6.3336
6.35482
6.36495
6.36606
6.36552
6.36097
6.33662
6.31383
6.31675
6.33392
6.3568
6.39084
6.44669
6.50808
6.55055
6.56533
6.56915
6.55733
6.55011
6.55116
6.55541
6.56161
6.07758
6.07775
6.0827
6.0824
6.07731
6.06544
6.05066
6.03772
6.02921
6.02348
6.02031
6.01149
5.99876
5.98739
5.98514
5.9938
6.00236
6.00648
6.01048
6.01567
6.02348
6.03626
6.05262
6.071
6.08715
6.09786
6.10459
6.10797
6.10823
6.10346
6.1007
6.10399
6.1183
6.14503
6.17644
6.19489
6.19962
6.19454
6.17939
6.16485
6.15838
6.16035
6.1643
6.1732
6.18815
6.20663
6.22883
6.24878
6.25966
6.25683
6.24075
6.2255
6.21959
6.22442
6.23974
6.26193
6.2834
6.31139
6.34874
6.37779
6.39843
6.39767
6.38401
6.35187
6.3043
6.26656
6.25865
6.28967
6.35136
6.43805
6.53421
6.58874
6.60264
6.59813
6.58165
6.56381
6.54636
6.54093
6.53796
6.53638
6.07468
6.07365
6.07655
6.0752
6.0687
6.05622
6.04209
6.03114
6.02823
6.02991
6.03224
6.02565
6.01011
5.99388
5.98573
5.99173
6.00223
6.01523
6.02709
6.03395
6.03915
6.04581
6.05363
6.06339
6.07411
6.08584
6.0973
6.10775
6.11413
6.11127
6.10737
6.1074
6.119
6.1429
6.17714
6.2003
6.20537
6.19934
6.18121
6.16469
6.15679
6.15635
6.15599
6.15949
6.17173
6.19291
6.21995
6.24722
6.26563
6.27254
6.2689
6.25521
6.2458
6.24385
6.2508
6.26388
6.27839
6.30169
6.34261
6.38237
6.40893
6.41653
6.40002
6.35313
6.29325
6.25327
6.24354
6.27558
6.37
6.49286
6.5814
6.62429
6.62231
6.60516
6.5798
6.55778
6.54078
6.53561
6.53337
6.52964
6.07286
6.07103
6.07142
6.0683
6.05952
6.04641
6.03389
6.027
6.03061
6.03911
6.04339
6.03608
6.01782
5.99807
5.98703
5.99294
6.00869
6.02707
6.03954
6.0457
6.04742
6.04836
6.04855
6.0506
6.0585
6.07475
6.09408
6.11069
6.12095
6.1216
6.11527
6.11192
6.11989
6.14028
6.17403
6.19965
6.20568
6.19988
6.18672
6.17162
6.16338
6.16072
6.15673
6.1562
6.16398
6.18413
6.21466
6.25017
6.27858
6.29364
6.29842
6.29158
6.27849
6.26755
6.26323
6.26468
6.27191
6.28454
6.31931
6.36425
6.39865
6.41532
6.40349
6.36734
6.30854
6.27296
6.27329
6.32297
6.4149
6.51401
6.58401
6.61306
6.61009
6.5864
6.55727
6.53809
6.53281
6.53848
6.54371
6.54053
6.07247
6.06935
6.06694
6.06102
6.04924
6.03621
6.02718
6.02686
6.03669
6.04908
6.05271
6.04344
6.02325
6.00237
5.99289
6.00094
6.01963
6.03666
6.0473
6.05094
6.04916
6.04388
6.03745
6.03557
6.04539
6.06754
6.09469
6.11686
6.13004
6.13129
6.12275
6.11671
6.12191
6.13886
6.1656
6.19137
6.20067
6.19866
6.19491
6.18559
6.17692
6.17333
6.1686
6.1647
6.16799
6.1853
6.21545
6.25665
6.29401
6.31729
6.32493
6.3218
6.30731
6.28779
6.27466
6.27014
6.27074
6.27289
6.28966
6.33221
6.37323
6.39703
6.40014
6.38701
6.34998
6.32739
6.34412
6.39117
6.44689
6.5005
6.5499
6.57064
6.56438
6.54558
6.52817
6.52391
6.52947
6.53985
6.54751
6.55227
6.07319
6.06754
6.06154
6.05257
6.03874
6.02687
6.02354
6.03037
6.04481
6.05841
6.06041
6.04957
6.03027
6.01095
6.00286
6.01191
6.0287
6.04232
6.05044
6.05161
6.045
6.03353
6.02374
6.02326
6.03734
6.06541
6.0983
6.12597
6.13897
6.13885
6.12958
6.1231
6.12406
6.13538
6.15374
6.17758
6.19481
6.20128
6.2055
6.20378
6.19865
6.19283
6.18606
6.17982
6.18104
6.19542
6.22089
6.26054
6.30139
6.32908
6.33895
6.33854
6.32518
6.30527
6.28808
6.27956
6.2749
6.27344
6.27766
6.29299
6.3253
6.35787
6.38141
6.39965
6.40582
6.41594
6.439
6.45785
6.47476
6.49058
6.50034
6.50513
6.50204
6.50094
6.50151
6.50744
6.52898
6.55338
6.57256
6.5847
6.07306
6.06483
6.05546
6.04274
6.02872
6.0196
6.02314
6.03602
6.05289
6.06611
6.06741
6.05719
6.04058
6.0231
6.01394
6.01904
6.03343
6.04536
6.0504
6.04785
6.03688
6.02313
6.01321
6.01473
6.03272
6.06536
6.10396
6.13412
6.14688
6.14552
6.13548
6.12943
6.12625
6.13223
6.14252
6.15932
6.18325
6.20223
6.21682
6.22384
6.22303
6.21547
6.20529
6.19638
6.19513
6.20534
6.22353
6.25667
6.29544
6.32471
6.33776
6.33759
6.3304
6.32082
6.31081
6.30445
6.29657
6.28644
6.27711
6.26685
6.26975
6.3023
6.35389
6.40277
6.46478
6.51506
6.52768
6.5175
6.49405
6.46578
6.44105
6.43304
6.44102
6.45715
6.47904
6.50914
6.54195
6.57776
6.60355
6.61685
6.07117
6.06109
6.04878
6.03419
6.02103
6.01514
6.02486
6.04118
6.05901
6.07218
6.07516
6.06807
6.05377
6.0349
6.02124
6.02304
6.03445
6.04459
6.04728
6.04337
6.03151
6.01723
6.00798
6.0114
6.03184
6.06614
6.10683
6.13849
6.15215
6.15174
6.14254
6.13645
6.13032
6.13055
6.13568
6.14448
6.1698
6.20238
6.2242
6.23846
6.24116
6.23455
6.22275
6.21082
6.20735
6.2126
6.22313
6.24796
6.27685
6.30286
6.31884
6.3238
6.32415
6.33222
6.34259
6.34559
6.33536
6.31351
6.28583
6.25162
6.23007
6.24637
6.31332
6.41379
6.52008
6.58452
6.59106
6.55407
6.49846
6.44178
6.39994
6.3872
6.39896
6.42786
6.46758
6.516
6.56501
6.60193
6.62205
6.63273
6.06797
6.05696
6.04318
6.02953
6.01782
6.01467
6.02663
6.04309
6.06147
6.07653
6.08394
6.0812
6.0671
6.04416
6.02448
6.02348
6.03146
6.04091
6.04296
6.04012
6.02966
6.0167
6.00994
6.01645
6.03601
6.06717
6.10346
6.13664
6.15416
6.15657
6.14975
6.14481
6.13617
6.13081
6.1328
6.13668
6.15429
6.19004
6.21899
6.24123
6.2491
6.24621
6.23586
6.22339
6.21771
6.21905
6.22522
6.23877
6.25051
6.26485
6.28492
6.302
6.31778
6.34272
6.37627
6.39393
6.38461
6.3494
6.29286
6.23982
6.2133
6.2198
6.27983
6.4144
6.54287
6.6084
6.62124
6.57576
6.50038
6.43133
6.38515
6.37003
6.38169
6.40986
6.46481
6.52929
6.57923
6.60822
6.61669
6.62129
6.06395
6.05271
6.03973
6.02819
6.0193
6.0181
6.02754
6.04199
6.06051
6.07876
6.09168
6.09265
6.07793
6.0508
6.02597
6.02092
6.02523
6.03634
6.03991
6.03891
6.0318
6.0231
6.02027
6.02608
6.03968
6.06469
6.09394
6.12876
6.15208
6.15965
6.15619
6.15215
6.14403
6.13548
6.13404
6.13465
6.14323
6.16811
6.2011
6.23062
6.24613
6.25154
6.24452
6.23164
6.22364
6.22006
6.22317
6.22572
6.22423
6.22587
6.24261
6.27331
6.31194
6.35895
6.40754
6.43258
6.42714
6.38469
6.30674
6.24351
6.21926
6.23014
6.28767
6.39983
6.52163
6.59116
6.60074
6.5653
6.50187
6.43708
6.3939
6.38208
6.39121
6.42633
6.48125
6.5335
6.56971
6.58886
6.59048
6.59036
6.0595
6.04897
6.03903
6.03176
6.02605
6.02479
6.02943
6.03961
6.05782
6.07932
6.09682
6.10033
6.08545
6.05491
6.02551
6.01621
6.01824
6.03082
6.03818
6.04182
6.04136
6.03711
6.03386
6.03702
6.04516
6.06088
6.08288
6.11414
6.14393
6.15855
6.15964
6.15808
6.15222
6.14427
6.14059
6.13752
6.13764
6.1465
6.17341
6.20922
6.23602
6.24962
6.24837
6.23654
6.22614
6.22061
6.21781
6.21082
6.20409
6.20301
6.21153
6.24703
6.31368
6.38287
6.43397
6.45526
6.44923
6.40917
6.3372
6.27396
6.25134
6.27059
6.3224
6.38721
6.46833
6.53413
6.55027
6.53924
6.50825
6.45862
6.42325
6.41336
6.43197
6.46494
6.49491
6.52132
6.54294
6.55304
6.54743
6.54358
6.05484
6.04658
6.04145
6.03954
6.03681
6.03347
6.03261
6.03787
6.05491
6.07827
6.09834
6.10344
6.08926
6.05727
6.02412
6.01192
6.01318
6.02833
6.04012
6.05003
6.05306
6.04992
6.04534
6.04676
6.05005
6.0583
6.07278
6.09468
6.12704
6.14997
6.15865
6.16115
6.16001
6.15678
6.14992
6.14117
6.13397
6.13441
6.14957
6.18354
6.22085
6.24374
6.24821
6.24244
6.23056
6.22091
6.21224
6.20371
6.19799
6.19748
6.20206
6.23704
6.31511
6.39482
6.44416
6.45735
6.4425
6.40871
6.37141
6.331
6.31731
6.33614
6.36499
6.39092
6.41266
6.44584
6.47771
6.49078
6.49316
6.48169
6.46395
6.4668
6.48097
6.49087
6.49465
6.50436
6.51387
6.51802
6.50903
6.49884
6.04961
6.04529
6.04627
6.04872
6.04818
6.04274
6.03711
6.03782
6.053
6.07654
6.09748
6.10395
6.09131
6.05983
6.02531
6.01177
6.01274
6.02942
6.04529
6.05753
6.06017
6.05629
6.0512
6.05122
6.05262
6.05737
6.06639
6.07728
6.10057
6.12973
6.1498
6.16018
6.16548
6.16665
6.15987
6.14676
6.13322
6.12574
6.13367
6.16184
6.20431
6.23663
6.24964
6.25024
6.23946
6.22399
6.21034
6.2045
6.20439
6.2053
6.22242
6.26428
6.3188
6.38187
6.42706
6.4368
6.42135
6.40441
6.39727
6.3963
6.40601
6.41153
6.41015
6.40024
6.37503
6.36333
6.39282
6.43895
6.47786
6.50445
6.51677
6.52009
6.51127
6.50036
6.49295
6.48488
6.47649
6.47046
6.458
6.44609
6.04347
6.04458
6.05132
6.05754
6.05851
6.05128
6.04209
6.0393
6.05205
6.07494
6.09607
6.10405
6.09428
6.06525
6.03146
6.01613
6.01716
6.03344
6.05076
6.06101
6.06161
6.05622
6.05142
6.05158
6.05357
6.05783
6.06151
6.06506
6.07277
6.09896
6.13053
6.15373
6.16788
6.17259
6.16815
6.15242
6.13375
6.12215
6.12617
6.15064
6.19051
6.23176
6.25292
6.25732
6.24848
6.2305
6.21615
6.21222
6.21887
6.23829
6.27312
6.30191
6.32365
6.35038
6.38149
6.39678
6.39772
6.39787
6.4216
6.46447
6.48351
6.47253
6.44358
6.39523
6.34076
6.3116
6.3228
6.37699
6.45179
6.51155
6.54658
6.54849
6.52758
6.4973
6.47694
6.45682
6.44272
6.43726
6.42623
6.41442
6.03635
6.0429
6.05447
6.06434
6.06625
6.05818
6.0472
6.04247
6.05308
6.07511
6.09616
6.10606
6.09969
6.07429
6.04229
6.025
6.02518
6.0388
6.05371
6.06023
6.0581
6.05126
6.04742
6.0495
6.05444
6.05813
6.05742
6.05457
6.0555
6.06848
6.10086
6.13871
6.16424
6.17472
6.1731
6.15964
6.14041
6.12808
6.13041
6.15195
6.18539
6.23011
6.25797
6.26348
6.2543
6.2367
6.22598
6.23119
6.25196
6.29298
6.32094
6.32753
6.32649
6.31979
6.32135
6.34379
6.37137
6.40424
6.4663
6.5172
6.53239
6.51115
6.45943
6.3871
6.32022
6.28838
6.28083
6.31576
6.39999
6.48159
6.52685
6.53457
6.51748
6.48421
6.44832
6.43088
6.42462
6.42363
6.41383
6.40153
6.0288
6.03994
6.05489
6.06724
6.07078
6.06366
6.05286
6.04769
6.05632
6.07757
6.0987
6.11049
6.10721
6.08529
6.05631
6.03608
6.03432
6.04325
6.05433
6.05702
6.05218
6.04435
6.04161
6.0466
6.05436
6.05819
6.05506
6.04852
6.04444
6.05077
6.07353
6.11466
6.15266
6.17125
6.17378
6.16398
6.15014
6.14269
6.14643
6.16316
6.19317
6.22811
6.25555
6.26189
6.25429
6.24146
6.2401
6.25586
6.2959
6.33457
6.34686
6.34552
6.3251
6.29295
6.27783
6.29582
6.34085
6.41526
6.49377
6.5369
6.54538
6.52083
6.45583
6.37294
6.31038
6.27646
6.27458
6.3011
6.34563
6.4085
6.46165
6.4793
6.47034
6.44554
6.42184
6.41626
6.42035
6.42533
6.41761
6.40567
6.02244
6.03663
6.05418
6.06811
6.07353
6.06893
6.06011
6.05534
6.0618
6.08192
6.10248
6.11522
6.114
6.09556
6.06959
6.04695
6.04298
6.04676
6.05364
6.05302
6.04615
6.03774
6.03643
6.04449
6.05454
6.05927
6.05515
6.04679
6.03973
6.0422
6.05868
6.09051
6.13353
6.16144
6.17023
6.16579
6.15867
6.15831
6.16678
6.18339
6.20412
6.22463
6.24226
6.24803
6.24489
6.24187
6.25224
6.28203
6.32355
6.35047
6.35726
6.34585
6.31027
6.26953
6.2598
6.27026
6.32404
6.4168
6.48562
6.52036
6.52154
6.48811
6.42887
6.36328
6.30998
6.28409
6.28499
6.29736
6.31332
6.33475
6.36723
6.3973
6.40905
6.40812
6.40683
6.41426
6.42664
6.43456
6.42935
6.4184
6.01881
6.03451
6.05333
6.06928
6.07748
6.0764
6.07006
6.06499
6.06889
6.08585
6.10421
6.11704
6.11761
6.10314
6.08082
6.05748
6.05145
6.05022
6.05295
6.05
6.042
6.03385
6.03379
6.04395
6.05544
6.06117
6.05715
6.04886
6.04254
6.04274
6.05457
6.07878
6.11144
6.14486
6.16288
6.16768
6.16953
6.17776
6.1905
6.2033
6.21196
6.21803
6.21936
6.2214
6.22729
6.23943
6.26476
6.30149
6.33245
6.34625
6.34987
6.32536
6.28287
6.25928
6.26115
6.27839
6.33863
6.40174
6.44769
6.46859
6.46186
6.43385
6.40022
6.36224
6.3238
6.30543
6.30037
6.29937
6.29527
6.28734
6.29255
6.31289
6.33959
6.36657
6.39453
6.41589
6.43508
6.44781
6.44345
6.4325
6.0186
6.03504
6.05482
6.07343
6.08568
6.08788
6.08155
6.07391
6.07416
6.0857
6.10114
6.11396
6.11699
6.1067
6.08899
6.06753
6.05995
6.05491
6.05371
6.04926
6.04126
6.03403
6.0347
6.04528
6.05646
6.06278
6.06077
6.05358
6.05007
6.05097
6.05915
6.07608
6.0966
6.12392
6.1494
6.16651
6.18157
6.19627
6.20658
6.21229
6.21116
6.20702
6.19784
6.19376
6.20444
6.23115
6.27206
6.30534
6.3222
6.32724
6.31073
6.28246
6.26216
6.25904
6.272
6.31562
6.36103
6.38122
6.39562
6.39294
6.38124
6.374
6.37254
6.36487
6.34904
6.33387
6.31817
6.2968
6.27279
6.25228
6.24456
6.25647
6.2852
6.32663
6.3677
6.40849
6.44108
6.45658
6.45227
6.4404
6.02138
6.03834
6.06062
6.0833
6.09874
6.10136
6.09225
6.0802
6.07622
6.08142
6.09306
6.10584
6.11237
6.10694
6.09454
6.07625
6.06824
6.06131
6.05665
6.05076
6.0431
6.03708
6.038
6.04715
6.05681
6.06354
6.06444
6.06191
6.0626
6.06423
6.06881
6.07941
6.09248
6.10629
6.13258
6.16295
6.1888
6.2053
6.21186
6.21158
6.20374
6.1882
6.17618
6.17683
6.19063
6.22711
6.2687
6.29153
6.29793
6.28424
6.26141
6.25003
6.25579
6.27108
6.30919
6.35306
6.37281
6.37229
6.34692
6.3155
6.30946
6.32573
6.3477
6.3679
6.37913
6.3682
6.34126
6.30589
6.27241
6.24852
6.23825
6.2414
6.26202
6.30094
6.34894
6.39687
6.43196
6.45247
6.45375
6.44365
6.02593
6.04533
6.07182
6.0984
6.11451
6.11473
6.10179
6.0842
6.07605
6.07465
6.08159
6.09433
6.10484
6.10595
6.09867
6.08347
6.07574
6.06817
6.06139
6.0546
6.04713
6.0417
6.04208
6.04898
6.05694
6.0637
6.06918
6.07303
6.07742
6.07919
6.08139
6.08603
6.09283
6.09955
6.11977
6.15341
6.18352
6.20054
6.20524
6.20169
6.18712
6.16951
6.16292
6.1692
6.19355
6.23035
6.25825
6.2705
6.25889
6.23672
6.22545
6.23473
6.25948
6.30233
6.35133
6.37535
6.375
6.34454
6.29244
6.26233
6.26607
6.29375
6.33733
6.37734
6.40389
6.40739
6.37769
6.33866
6.30251
6.27899
6.26904
6.2698
6.28077
6.30481
6.34082
6.38246
6.42098
6.44149
6.44471
6.43593
6.03341
6.05746
6.08805
6.11567
6.12982
6.12697
6.11146
6.09019
6.0766
6.07005
6.07199
6.0826
6.09636
6.10423
6.1013
6.08886
6.08166
6.07372
6.06648
6.06044
6.05351
6.04763
6.04629
6.05036
6.05663
6.06516
6.07401
6.08156
6.08825
6.09037
6.09145
6.09363
6.0945
6.10015
6.11725
6.14234
6.16771
6.18409
6.1888
6.18227
6.1679
6.15872
6.1613
6.17678
6.208
6.23486
6.249
6.24356
6.22038
6.20366
6.20795
6.23111
6.2805
6.34587
6.38301
6.38702
6.3642
6.3066
6.25974
6.24013
6.24849
6.27754
6.33334
6.39173
6.4272
6.43902
6.42817
6.4025
6.37085
6.34554
6.33063
6.32619
6.32676
6.33167
6.3507
6.37756
6.41068
6.43516
6.44833
6.4448
6.04508
6.07372
6.10489
6.13003
6.14154
6.13721
6.11988
6.09618
6.07853
6.06939
6.06819
6.07556
6.08875
6.10043
6.10244
6.09306
6.08588
6.07773
6.07096
6.06553
6.05938
6.05263
6.04948
6.05138
6.05755
6.06647
6.07647
6.08573
6.09356
6.09609
6.09655
6.09667
6.09582
6.10199
6.11693
6.13277
6.14797
6.16064
6.16348
6.15944
6.15592
6.15951
6.17231
6.19978
6.22653
6.24116
6.24032
6.21913
6.19565
6.18622
6.20075
6.24553
6.32296
6.38273
6.40355
6.39132
6.3379
6.27908
6.24696
6.24316
6.2569
6.28992
6.35031
6.41282
6.45185
6.4653
6.4678
6.47113
6.46643
6.44549
6.4211
6.40072
6.38424
6.37358
6.37271
6.38936
6.41807
6.44964
6.47388
6.47653
6.05905
6.08927
6.11764
6.13884
6.14864
6.1438
6.12717
6.1045
6.08487
6.07619
6.07355
6.08012
6.09012
6.09882
6.10068
6.0938
6.08645
6.08017
6.07553
6.07161
6.0655
6.05828
6.05479
6.05565
6.05916
6.06623
6.07593
6.08737
6.09404
6.09695
6.09656
6.09491
6.09575
6.10319
6.11515
6.12476
6.13208
6.13549
6.13712
6.14058
6.14958
6.16353
6.19354
6.22824
6.24835
6.25288
6.23781
6.20624
6.18628
6.18377
6.20981
6.28342
6.36417
6.40683
6.41462
6.38368
6.31443
6.26737
6.25263
6.2628
6.29487
6.34774
6.39343
6.43204
6.46406
6.48799
6.51268
6.53376
6.54621
6.54033
6.51254
6.47301
6.43528
6.40967
6.40465
6.41807
6.45719
6.50352
6.53324
6.53691
6.07162
6.10061
6.12512
6.14286
6.15066
6.14666
6.13354
6.11408
6.09716
6.09006
6.08955
6.09438
6.0986
6.10006
6.09674
6.08931
6.08335
6.08083
6.07919
6.07723
6.07207
6.06503
6.06009
6.05775
6.05783
6.06221
6.07134
6.08097
6.08799
6.09133
6.09168
6.09025
6.09374
6.10095
6.10873
6.11429
6.11535
6.11583
6.11883
6.12807
6.14716
6.17772
6.21953
6.25161
6.26958
6.26693
6.24378
6.21454
6.19931
6.20423
6.25035
6.32688
6.38746
6.41957
6.41366
6.36637
6.30482
6.2734
6.27306
6.30486
6.36609
6.41174
6.42925
6.4361
6.45505
6.49116
6.53568
6.57548
6.60165
6.60328
6.57567
6.53065
6.48366
6.45165
6.4451
6.46693
6.5135
6.55827
6.58057
6.58
6.07992
6.10653
6.12735
6.14237
6.1496
6.14747
6.13755
6.1239
6.11342
6.11027
6.11163
6.11305
6.10983
6.10181
6.09099
6.08133
6.07681
6.07796
6.081
6.08272
6.079
6.07214
6.06408
6.05654
6.05244
6.05439
6.0599
6.06783
6.07642
6.08223
6.08333
6.08544
6.08893
6.09407
6.09847
6.10336
6.10409
6.10759
6.11539
6.12793
6.15338
6.1963
6.23577
6.26266
6.27757
6.27411
6.25948
6.24099
6.23694
6.2593
6.3032
6.35253
6.39437
6.40985
6.39011
6.34834
6.31019
6.29258
6.31263
6.37306
6.43252
6.45768
6.45268
6.44012
6.44081
6.4726
6.52755
6.58214
6.61688
6.62494
6.6091
6.57492
6.53025
6.5046
6.50308
6.52998
6.56983
6.60076
6.61286
6.61035
6.08225
6.10705
6.12599
6.13928
6.14568
6.14525
6.13997
6.13313
6.13109
6.13352
6.1352
6.13089
6.11929
6.10292
6.08339
6.07256
6.06928
6.07317
6.08179
6.08794
6.08591
6.0773
6.06454
6.05227
6.04456
6.04095
6.04289
6.04997
6.0609
6.06936
6.07399
6.0793
6.08182
6.0845
6.08945
6.09471
6.10143
6.11306
6.12718
6.14669
6.17842
6.20914
6.23785
6.26058
6.27235
6.27523
6.27954
6.27984
6.29733
6.31906
6.33977
6.36198
6.37396
6.37454
6.36146
6.34088
6.32782
6.33051
6.3733
6.42926
6.468
6.48237
6.47058
6.44679
6.43073
6.44516
6.49111
6.54782
6.59386
6.61429
6.60798
6.58943
6.57169
6.56369
6.57425
6.59477
6.6183
6.6401
6.64569
6.64473
6.07874
6.10208
6.12058
6.13273
6.13928
6.14103
6.14118
6.14188
6.14897
6.15415
6.15507
6.14619
6.12862
6.1061
6.0803
6.06599
6.06324
6.06964
6.08315
6.09206
6.09232
6.08142
6.06335
6.04553
6.033
6.02476
6.02304
6.03011
6.04284
6.05502
6.06614
6.07294
6.07406
6.07621
6.08078
6.08975
6.10539
6.12686
6.15045
6.18123
6.2042
6.21478
6.22756
6.2426
6.25725
6.27378
6.29752
6.33514
6.36562
6.37138
6.36745
6.35978
6.33965
6.32808
6.32975
6.33133
6.34429
6.39084
6.43476
6.46374
6.48432
6.49118
6.47566
6.45003
6.42969
6.42355
6.43823
6.48248
6.53859
6.57719
6.59176
6.5899
6.60351
6.62423
6.64391
6.6551
6.66106
6.67114
6.67114
6.67016
6.07215
6.09454
6.11326
6.12534
6.13208
6.13642
6.14106
6.15119
6.16295
6.16733
6.16676
6.1556
6.13536
6.1084
6.0794
6.06072
6.05777
6.06748
6.08394
6.09596
6.09637
6.08316
6.06307
6.04215
6.0221
6.00902
6.00727
6.01587
6.02859
6.04388
6.0591
6.06751
6.06791
6.07142
6.07469
6.08749
6.11315
6.14621
6.1817
6.2097
6.22179
6.21884
6.21601
6.2188
6.23865
6.27364
6.32431
6.38312
6.41179
6.41173
6.39036
6.34744
6.30139
6.28583
6.29713
6.32533
6.38479
6.4445
6.47427
6.48552
6.49129
6.48535
6.47102
6.44965
6.42386
6.40586
6.4012
6.42049
6.47093
6.52877
6.57971
6.61742
6.65502
6.67748
6.69126
6.69755
6.70008
6.70352
6.69636
6.695
6.06716
6.08895
6.10823
6.11998
6.12549
6.13154
6.14004
6.15614
6.17013
6.17544
6.17491
6.16275
6.1394
6.10927
6.07882
6.0587
6.05562
6.06685
6.08473
6.09938
6.09964
6.08526
6.06538
6.03898
6.01424
5.99926
5.99743
6.00602
6.01712
6.03248
6.05053
6.06227
6.06387
6.06903
6.07194
6.08783
6.11989
6.16013
6.20364
6.23093
6.2381
6.2289
6.2142
6.20381
6.21903
6.26742
6.34297
6.41313
6.44436
6.44561
6.4107
6.34007
6.27896
6.25699
6.26481
6.32111
6.41092
6.47564
6.50805
6.50355
6.49258
6.47839
6.46357
6.44666
6.42279
6.39166
6.37416
6.3817
6.41256
6.47027
6.5577
6.63985
6.69047
6.71379
6.72505
6.72779
6.73405
6.73469
6.72226
6.72105
)
;

boundaryField
{
    inlet
    {
        type            fixedValue;
        value           uniform 1;
    }
    outlet
    {
        type            zeroGradient;
    }
    bottom
    {
        type            symmetryPlane;
    }
    top
    {
        type            symmetryPlane;
    }
    obstacle
    {
        type            zeroGradient;
    }
    defaultFaces
    {
        type            empty;
    }
}


// ************************************************************************* //
