/*--------------------------------*- C++ -*----------------------------------*\
| =========                 |                                                 |
| \\      /  F ield         | OpenFOAM: The Open Source CFD Toolbox           |
|  \\    /   O peration     | Version:  v1912                                 |
|   \\  /    A nd           | Website:  www.openfoam.com                      |
|    \\/     M anipulation  |                                                 |
\*---------------------------------------------------------------------------*/
FoamFile
{
    version     2.0;
    format      ascii;
    class       volScalarField;
    location    "0.72";
    object      rho;
}
// * * * * * * * * * * * * * * * * * * * * * * * * * * * * * * * * * * * * * //

dimensions      [1 -3 0 0 0 0 0];


internalField   nonuniform List<scalar> 
4800
(
51.7121
4.85183
1.11342
0.964942
0.869099
0.853292
0.8745
0.923475
0.98128
1.03826
1.08654
1.11791
1.13476
1.13785
1.13371
1.1216
1.0422
0.860128
0.750314
0.743436
0.751168
0.765867
0.778451
0.785068
0.78738
0.787164
0.785352
0.782686
0.780003
0.778704
0.780293
0.787368
0.786165
0.780269
0.744959
0.648789
0.555224
0.527438
0.51994
0.526364
51.7093
4.84953
1.11601
0.968635
0.871763
0.854722
0.874143
0.920807
0.977224
1.03457
1.08497
1.11929
1.13876
1.14306
1.13741
1.12328
1.04515
0.863402
0.750506
0.742439
0.747842
0.761457
0.774252
0.781713
0.784645
0.784799
0.783259
0.7811
0.77961
0.779135
0.781091
0.78555
0.782571
0.774655
0.74119
0.649111
0.557551
0.53089
0.52424
0.530733
51.7162
4.84612
1.11967
0.975045
0.876476
0.857741
0.87421
0.917547
0.972034
1.03004
1.08345
1.12248
1.14517
1.14981
1.14096
1.12306
1.04911
0.869909
0.751598
0.741056
0.743473
0.75613
0.769137
0.777401
0.781006
0.781683
0.781022
0.780367
0.780573
0.780468
0.780367
0.780556
0.776826
0.765028
0.737372
0.652038
0.562133
0.537381
0.530909
0.535528
51.7216
4.84204
1.12407
0.982759
0.881907
0.861409
0.874241
0.914026
0.966314
1.02465
1.08089
1.1253
1.15184
1.15623
1.14501
1.12361
1.05426
0.877993
0.752847
0.738928
0.737841
0.74864
0.76136
0.770212
0.775093
0.77722
0.778826
0.780686
0.782356
0.78221
0.779082
0.773431
0.768878
0.755911
0.734786
0.657721
0.569643
0.545384
0.537885
0.53982
51.7271
4.83699
1.12759
0.990085
0.887306
0.865441
0.874606
0.911227
0.961666
1.02021
1.07853
1.12708
1.15644
1.16014
1.14873
1.12396
1.05835
0.885876
0.753923
0.736259
0.732051
0.740383
0.751521
0.760219
0.76628
0.771463
0.77712
0.782136
0.784947
0.783219
0.776128
0.766871
0.763265
0.750062
0.733952
0.666242
0.579324
0.552533
0.542639
0.542388
51.7249
4.82999
1.12912
0.995408
0.891283
0.869104
0.875158
0.909829
0.959066
1.01774
1.07728
1.12777
1.15779
1.16099
1.15025
1.12466
1.06014
0.891265
0.754127
0.732881
0.726557
0.732128
0.740519
0.748252
0.75586
0.764601
0.774491
0.78358
0.787272
0.783521
0.773863
0.764112
0.761427
0.74919
0.737325
0.674527
0.586266
0.556601
0.544651
0.542938
51.7232
4.82178
1.12895
0.997953
0.893286
0.871478
0.875962
0.909869
0.959065
1.01803
1.07717
1.12758
1.15628
1.15895
1.14935
1.12302
1.05926
0.893335
0.753274
0.729271
0.721883
0.725364
0.731079
0.737002
0.745201
0.757354
0.772089
0.78418
0.78829
0.784053
0.774213
0.766186
0.764393
0.753514
0.741481
0.678331
0.58875
0.557983
0.544756
0.54243
51.7255
4.81139
1.12679
0.99751
0.893353
0.872419
0.876976
0.911579
0.961183
1.01981
1.07769
1.12658
1.15282
1.15467
1.14562
1.11884
1.05454
0.891832
0.750986
0.725265
0.717482
0.719923
0.724284
0.728997
0.737137
0.751079
0.768861
0.783551
0.7884
0.784871
0.777228
0.772361
0.771306
0.758924
0.74267
0.678152
0.587585
0.556189
0.543611
0.542028
51.725
4.79827
1.12252
0.994474
0.891978
0.87237
0.878135
0.914011
0.964441
1.02247
1.07855
1.12506
1.14865
1.14947
1.13944
1.112
1.04602
0.885818
0.746982
0.720542
0.712817
0.715199
0.719516
0.72433
0.732697
0.747043
0.765438
0.782154
0.789642
0.78963
0.785192
0.780414
0.775987
0.76089
0.73944
0.673008
0.582129
0.551615
0.541215
0.541355
51.7214
4.78311
1.11687
0.988801
0.888782
0.871177
0.878968
0.916889
0.968967
1.02639
1.08016
1.12376
1.1449
1.14438
1.13215
1.10301
1.03402
0.874605
0.740659
0.714884
0.707731
0.711008
0.71653
0.722245
0.730474
0.744899
0.763317
0.781143
0.791881
0.794487
0.790537
0.783341
0.77486
0.757665
0.730934
0.663266
0.574464
0.546366
0.538952
0.540538
51.72
4.76997
1.10788
0.97962
0.883309
0.868325
0.879781
0.920912
0.974865
1.03164
1.08316
1.12298
1.14221
1.14002
1.12465
1.09378
1.02085
0.860498
0.732927
0.708408
0.702386
0.707099
0.714496
0.72209
0.731949
0.746197
0.763669
0.780546
0.791766
0.794689
0.789397
0.779655
0.769616
0.749815
0.719661
0.651097
0.564749
0.539058
0.536319
0.539644
51.7246
4.76159
1.09677
0.967095
0.876627
0.864671
0.88081
0.925719
0.981516
1.03778
1.08745
1.12347
1.13947
1.13553
1.11723
1.08576
1.00799
0.845133
0.724534
0.701531
0.697027
0.70376
0.713904
0.72416
0.73623
0.750257
0.764644
0.778069
0.786231
0.788232
0.782814
0.771789
0.760604
0.7402
0.707653
0.637937
0.553335
0.529717
0.53235
0.53867
51.7349
4.75676
1.08445
0.952389
0.869657
0.860678
0.881813
0.93091
0.988803
1.04495
1.09324
1.12475
1.13672
1.13065
1.11076
1.07941
0.995702
0.829447
0.716095
0.694365
0.692089
0.701664
0.715251
0.729205
0.743123
0.755043
0.764049
0.771854
0.776153
0.776857
0.771765
0.761099
0.750328
0.72927
0.695104
0.623884
0.540858
0.52076
0.526053
0.537192
51.7504
4.75192
1.07345
0.938725
0.863717
0.856508
0.882672
0.936709
0.997228
1.05406
1.10069
1.1262
1.13422
1.12571
1.10565
1.07418
0.984358
0.814394
0.708028
0.687328
0.688004
0.701441
0.719093
0.736748
0.750402
0.757134
0.760351
0.763627
0.765849
0.765112
0.759699
0.749616
0.739917
0.718427
0.682971
0.610607
0.528889
0.511884
0.519374
0.535038
51.771
4.74272
1.06537
0.928698
0.859733
0.852575
0.882968
0.942267
1.00648
1.06518
1.10908
1.12804
1.13167
1.12046
1.10021
1.06962
0.974785
0.800828
0.700697
0.681118
0.685673
0.703438
0.725505
0.745113
0.754877
0.755889
0.753781
0.752561
0.753294
0.752703
0.748147
0.739183
0.730181
0.70858
0.672444
0.599696
0.518927
0.503925
0.512677
0.530626
51.8031
4.73134
1.06079
0.922807
0.857681
0.849672
0.883109
0.947352
1.0165
1.07683
1.11713
1.1304
1.12933
1.11526
1.09393
1.064
0.966875
0.789163
0.69425
0.676881
0.685535
0.707993
0.733555
0.751462
0.755517
0.751726
0.744243
0.740818
0.741144
0.741537
0.738845
0.730809
0.721849
0.700731
0.664888
0.592589
0.512541
0.498303
0.506781
0.523209
51.8382
4.71972
1.05844
0.920037
0.857283
0.848475
0.884384
0.952122
1.02429
1.08636
1.1238
1.13268
1.12705
1.1111
1.08628
1.05699
0.957783
0.779067
0.689085
0.675309
0.687889
0.714505
0.741232
0.75372
0.75314
0.744973
0.735147
0.73061
0.730455
0.731505
0.730404
0.723731
0.714992
0.695404
0.660803
0.589229
0.510534
0.496375
0.503508
0.515495
51.8562
4.70455
1.05617
0.919328
0.858639
0.849113
0.886638
0.955903
1.02961
1.09222
1.12804
1.13445
1.12505
1.10816
1.07832
1.04745
0.948528
0.769181
0.684712
0.676531
0.692414
0.721278
0.74516
0.752488
0.748677
0.738271
0.728446
0.722742
0.721442
0.722197
0.721776
0.717543
0.7103
0.693088
0.660413
0.590236
0.511542
0.495263
0.500742
0.509195
51.8611
4.68504
1.05177
0.919456
0.861333
0.853158
0.891718
0.960463
1.03299
1.09461
1.12965
1.13532
1.12435
1.10545
1.07163
1.03625
0.937865
0.760018
0.680562
0.679704
0.698186
0.726214
0.744647
0.748611
0.74349
0.733644
0.724379
0.717537
0.714244
0.713345
0.712353
0.710341
0.706944
0.693015
0.664024
0.594686
0.513287
0.494504
0.496516
0.502416
51.8462
4.6618
1.0435
0.919562
0.865881
0.861028
0.899668
0.966467
1.0356
1.09481
1.12877
1.13534
1.12431
1.10401
1.0679
1.02563
0.926142
0.751712
0.679806
0.681934
0.703945
0.727581
0.740585
0.743257
0.73924
0.730893
0.722233
0.71438
0.708555
0.705041
0.702941
0.70285
0.70378
0.694592
0.670648
0.600888
0.514736
0.493063
0.490829
0.496513
51.8187
4.63576
1.03132
0.916308
0.870191
0.872647
0.910449
0.974056
1.03789
1.09393
1.12772
1.13578
1.12516
1.10264
1.06583
1.0168
0.915834
0.745504
0.680015
0.683737
0.70857
0.72555
0.734827
0.737483
0.735162
0.729117
0.721311
0.712575
0.704251
0.697937
0.694507
0.695975
0.7002
0.697507
0.678654
0.607536
0.516475
0.490529
0.485947
0.492737
51.7887
4.60929
1.01509
0.910622
0.872049
0.888548
0.923379
0.982534
1.04028
1.09303
1.12769
1.13774
1.12767
1.10303
1.06491
1.01088
0.908782
0.742025
0.680671
0.685587
0.710716
0.722448
0.729022
0.731644
0.731242
0.727904
0.721154
0.711825
0.7014
0.692519
0.687713
0.689855
0.696699
0.70085
0.68528
0.612793
0.518306
0.48823
0.482905
0.491563
51.7609
4.58539
0.996322
0.902541
0.876714
0.901783
0.938137
0.991647
1.04351
1.09281
1.12812
1.14025
1.13136
1.10507
1.06521
1.00836
0.905599
0.742157
0.682434
0.687275
0.710002
0.718366
0.72342
0.726117
0.727288
0.72639
0.721372
0.711913
0.700231
0.689477
0.683337
0.685684
0.694049
0.702009
0.689127
0.615541
0.520109
0.48735
0.482825
0.493825
51.7629
4.56884
0.977986
0.895421
0.880503
0.910919
0.954181
1.00146
1.04835
1.09385
1.12927
1.1431
1.13514
1.10829
1.06697
1.00878
0.907337
0.745251
0.684996
0.688822
0.707338
0.714063
0.718403
0.721119
0.723408
0.724163
0.72118
0.712402
0.700274
0.68887
0.681914
0.684176
0.693097
0.701359
0.690425
0.618082
0.52229
0.489124
0.48615
0.499148
51.782
4.5627
0.961618
0.888444
0.880252
0.917417
0.967804
1.01045
1.05449
1.09676
1.13157
1.14646
1.13969
1.11248
1.06965
1.01206
0.910797
0.749426
0.687731
0.690172
0.703849
0.710345
0.714074
0.716567
0.719458
0.721317
0.719859
0.713332
0.701806
0.69109
0.684281
0.685505
0.693231
0.698262
0.687092
0.619007
0.525305
0.494246
0.493873
0.508425
51.8088
4.56475
0.95094
0.884027
0.878705
0.920467
0.974533
1.01656
1.06038
1.10153
1.13487
1.15026
1.1448
1.11723
1.07338
1.01803
0.91582
0.753944
0.691069
0.692371
0.701419
0.707842
0.711357
0.713382
0.715685
0.717591
0.717519
0.713276
0.705073
0.6964
0.689957
0.689354
0.694568
0.693237
0.680457
0.619269
0.530307
0.502683
0.506247
0.520904
51.8453
4.57447
0.948134
0.883938
0.877468
0.919713
0.972696
1.01825
1.06414
1.10669
1.13929
1.15476
1.14986
1.12123
1.07847
1.02643
0.922131
0.758605
0.694473
0.695403
0.700643
0.707357
0.71106
0.712408
0.713365
0.714156
0.714135
0.712832
0.709007
0.703993
0.698769
0.696216
0.696653
0.689987
0.672859
0.618762
0.538058
0.515003
0.521424
0.533069
51.8912
4.59204
0.95348
0.889791
0.877108
0.915777
0.962359
1.01375
1.06459
1.11137
1.14417
1.15969
1.15456
1.12507
1.0854
1.03654
0.930064
0.764227
0.698213
0.698039
0.700651
0.708498
0.713415
0.71421
0.713298
0.712343
0.711732
0.712257
0.713283
0.712778
0.709865
0.705732
0.699679
0.688501
0.668008
0.617766
0.548753
0.529082
0.535377
0.542063
51.9351
4.61534
0.965871
0.902458
0.876732
0.910094
0.946979
1.00345
1.0607
1.11425
1.14916
1.16453
1.15863
1.12882
1.09321
1.0485
0.940424
0.771482
0.703585
0.698349
0.701197
0.711096
0.717886
0.719043
0.716721
0.713356
0.712231
0.713777
0.718338
0.722293
0.721497
0.714931
0.705059
0.690734
0.668674
0.620254
0.558929
0.5393
0.54599
0.548886
51.9542
4.64402
0.986431
0.917967
0.875364
0.90114
0.930299
0.990677
1.05473
1.1138
1.15213
1.16696
1.16141
1.13244
1.10169
1.06326
0.954115
0.780063
0.710293
0.69736
0.702263
0.714804
0.724564
0.727115
0.72398
0.718982
0.717007
0.718981
0.724783
0.73089
0.731961
0.72518
0.715116
0.6984
0.675927
0.625268
0.563002
0.543599
0.550135
0.552143
51.9506
4.6753
1.01227
0.931638
0.878507
0.884532
0.915001
0.977412
1.0464
1.10989
1.15195
1.16738
1.16288
1.13563
1.11048
1.07929
0.969903
0.79056
0.717276
0.697932
0.703677
0.718831
0.732816
0.738282
0.735586
0.72995
0.727261
0.728782
0.733853
0.739479
0.741117
0.736308
0.72908
0.7119
0.691962
0.630996
0.561652
0.543727
0.549069
0.552363
51.8996
4.70578
1.0393
0.941615
0.88132
0.870712
0.901318
0.963957
1.03637
1.10285
1.14924
1.16583
1.16252
1.13859
1.1196
1.09515
0.987674
0.80346
0.724739
0.700724
0.705805
0.722366
0.740696
0.750686
0.750605
0.745832
0.742527
0.743831
0.747226
0.750483
0.751382
0.749781
0.745184
0.734387
0.71281
0.636465
0.559094
0.542057
0.545151
0.553383
51.8197
4.73757
1.0659
0.950178
0.882734
0.862451
0.891168
0.951576
1.02422
1.0924
1.1428
1.16094
1.16024
1.14166
1.12915
1.11057
1.00737
0.819743
0.732956
0.705885
0.709154
0.725271
0.746078
0.761814
0.766639
0.764557
0.761993
0.762616
0.764305
0.765
0.764978
0.766751
0.764189
0.761363
0.734681
0.642844
0.559696
0.541016
0.541121
0.552163
51.7391
4.77194
1.09179
0.959724
0.885647
0.859379
0.884148
0.939509
1.01085
1.07891
1.1314
1.15275
1.15628
1.14588
1.1398
1.12556
1.02768
0.83924
0.742153
0.71326
0.714163
0.728091
0.74863
0.768451
0.781126
0.784468
0.784324
0.783636
0.783548
0.782607
0.783066
0.788511
0.78716
0.787873
0.753404
0.65024
0.564229
0.541516
0.538106
0.548095
51.6659
4.80168
1.11524
0.971784
0.889297
0.859689
0.879296
0.929501
0.996118
1.06244
1.11532
1.14322
1.1538
1.15218
1.15138
1.14009
1.04746
0.860443
0.751989
0.722967
0.721698
0.732439
0.75007
0.770109
0.788653
0.80218
0.806352
0.805483
0.803007
0.801894
0.804667
0.81405
0.814176
0.810375
0.766361
0.657007
0.571027
0.545375
0.538842
0.545485
51.6228
4.81971
1.1361
0.986414
0.893209
0.861527
0.876459
0.920005
0.979951
1.0434
1.09718
1.13425
1.15469
1.16124
1.16261
1.15164
1.06568
0.882211
0.761241
0.734448
0.731203
0.738789
0.75236
0.769782
0.790115
0.809722
0.822278
0.825599
0.821821
0.8208
0.827493
0.840003
0.840292
0.827584
0.774939
0.662718
0.577984
0.55287
0.544096
0.546488
51.6015
4.82004
1.15413
1.00247
0.897673
0.864856
0.874531
0.911142
0.963735
1.02347
1.08002
1.12727
1.15969
1.17288
1.17342
1.15846
1.0813
0.903122
0.768542
0.743473
0.739964
0.746428
0.756558
0.769229
0.787483
0.809268
0.827675
0.837203
0.839008
0.839376
0.848143
0.859827
0.858343
0.8391
0.780435
0.666792
0.583638
0.560686
0.551472
0.551521
51.6151
4.80791
1.16908
1.01766
0.902202
0.868538
0.872529
0.90247
0.948658
1.00498
1.06501
1.12294
1.16695
1.18324
1.18452
1.16126
1.09348
0.921864
0.775933
0.750431
0.745978
0.752255
0.761381
0.770434
0.782822
0.800984
0.821248
0.83853
0.85095
0.859208
0.867995
0.874503
0.871341
0.842098
0.782172
0.669576
0.587382
0.566209
0.55767
0.55668
51.6345
4.79302
1.17985
1.03009
0.906591
0.87201
0.871203
0.895578
0.936641
0.990269
1.05401
1.12105
1.17317
1.19076
1.19107
1.162
1.10023
0.935716
0.78236
0.755434
0.750751
0.757675
0.766802
0.77366
0.780215
0.79026
0.807857
0.833281
0.859232
0.877847
0.884549
0.883095
0.874521
0.839747
0.780844
0.671735
0.590586
0.570207
0.562123
0.56062
51.6425
4.78622
1.18827
1.03676
0.909137
0.872871
0.869433
0.890312
0.927375
0.978615
1.04416
1.11736
1.17586
1.19877
1.19579
1.16592
1.10419
0.941944
0.785286
0.757229
0.752778
0.760456
0.769855
0.775816
0.779388
0.783309
0.795206
0.823293
0.860144
0.887312
0.895104
0.887909
0.875423
0.837226
0.777826
0.671081
0.590615
0.570803
0.563468
0.562467
0.535389
0.546755
0.553507
0.556657
0.557088
0.556624
0.55808
0.563475
0.573205
0.585526
0.597766
0.609828
0.626397
0.647389
0.66191
0.656367
0.625751
0.542504
0.498034
0.497865
0.503137
0.515821
0.531283
0.547586
0.562496
0.57515
0.584222
0.590083
0.592373
0.591681
0.590869
0.595403
0.608405
0.628036
0.649057
0.657835
0.652606
0.6203
0.563601
0.542295
0.544884
0.553693
0.565402
0.573942
0.57729
0.578633
0.583416
0.594151
0.610951
0.629676
0.644358
0.657988
0.671585
0.680122
0.680831
0.674351
0.64162
0.584307
0.551861
0.546159
0.548854
0.558103
0.5705
0.582176
0.592006
0.600638
0.608734
0.616104
0.623864
0.635142
0.654243
0.679792
0.700079
0.702673
0.689756
0.645262
0.574944
0.54377
0.538224
0.545285
0.541312
0.551995
0.557209
0.559016
0.559284
0.559993
0.563556
0.570948
0.581874
0.594901
0.607282
0.618484
0.633583
0.648026
0.653339
0.644556
0.605699
0.530187
0.500965
0.50384
0.511845
0.526247
0.541279
0.554849
0.566998
0.577809
0.586135
0.591127
0.593857
0.595346
0.597463
0.603483
0.617081
0.636227
0.652346
0.657708
0.645425
0.607351
0.556414
0.544475
0.548102
0.556646
0.567113
0.574908
0.579279
0.582578
0.588441
0.599656
0.615128
0.63046
0.643768
0.657061
0.671741
0.680741
0.678741
0.66855
0.631355
0.577256
0.553755
0.550084
0.554926
0.564756
0.577561
0.589671
0.599638
0.608072
0.615816
0.623282
0.631722
0.643524
0.660498
0.681798
0.697767
0.697091
0.681133
0.635332
0.571186
0.547057
0.546099
0.554946
0.543757
0.551538
0.55542
0.557853
0.559846
0.563349
0.56925
0.577993
0.589029
0.600737
0.611971
0.623259
0.638265
0.652348
0.654373
0.645748
0.597056
0.52391
0.505128
0.511275
0.522652
0.537464
0.550185
0.559622
0.568019
0.57705
0.58599
0.592681
0.597921
0.602045
0.605648
0.612026
0.625545
0.644579
0.655463
0.658229
0.644197
0.599774
0.552381
0.544615
0.547104
0.554722
0.565221
0.574266
0.581026
0.58696
0.59433
0.60463
0.61563
0.626559
0.638892
0.654483
0.671869
0.681395
0.678153
0.666215
0.626849
0.575366
0.558287
0.555206
0.561042
0.572009
0.585052
0.596338
0.605131
0.612814
0.620526
0.62874
0.638319
0.649817
0.663699
0.680505
0.692615
0.689823
0.67718
0.634435
0.574034
0.557781
0.559353
0.569789
0.545198
0.550138
0.553713
0.55826
0.563322
0.569516
0.577746
0.587323
0.597354
0.607086
0.617007
0.628902
0.643774
0.656892
0.655326
0.642506
0.586688
0.523733
0.514935
0.523258
0.534986
0.547654
0.557329
0.563583
0.569289
0.576687
0.586475
0.596504
0.605554
0.612742
0.618523
0.625034
0.637884
0.655017
0.66044
0.660469
0.643104
0.591651
0.550708
0.545171
0.545956
0.553219
0.56438
0.575551
0.585303
0.593877
0.601992
0.608749
0.61363
0.621677
0.634642
0.653197
0.672789
0.682771
0.678827
0.665116
0.624023
0.57574
0.563647
0.562708
0.569069
0.580975
0.593503
0.603397
0.610841
0.617659
0.625015
0.633564
0.643199
0.653628
0.665205
0.679339
0.68793
0.684673
0.67451
0.635437
0.585531
0.574737
0.575693
0.585234
0.545186
0.548424
0.552378
0.55886
0.567457
0.577123
0.587334
0.596931
0.605298
0.612946
0.621576
0.633935
0.649562
0.659441
0.658197
0.640176
0.582383
0.529488
0.524899
0.533318
0.543795
0.554709
0.56275
0.567335
0.570871
0.576564
0.586409
0.599169
0.612535
0.624082
0.631967
0.638976
0.651437
0.664346
0.666539
0.664206
0.641138
0.584404
0.550195
0.544376
0.544953
0.552098
0.563726
0.577134
0.590164
0.600778
0.607505
0.609419
0.612212
0.618968
0.632605
0.653583
0.675145
0.685314
0.682155
0.666006
0.623023
0.577819
0.569365
0.570175
0.576922
0.588851
0.600631
0.608936
0.61502
0.621005
0.627728
0.635789
0.644902
0.654321
0.664468
0.676113
0.68208
0.681314
0.67612
0.642012
0.595633
0.583756
0.584047
0.593244
0.544656
0.547182
0.551868
0.560108
0.572113
0.585146
0.595955
0.604892
0.611707
0.617526
0.625383
0.637676
0.652804
0.659546
0.657918
0.638014
0.582425
0.53612
0.531296
0.538344
0.548369
0.558923
0.565873
0.569579
0.572596
0.577461
0.586439
0.600812
0.617694
0.632871
0.64293
0.652548
0.664831
0.673111
0.672909
0.668022
0.636457
0.576969
0.549721
0.543944
0.544894
0.55292
0.565733
0.57998
0.594087
0.606133
0.610192
0.610705
0.613031
0.620146
0.634217
0.656406
0.67905
0.688153
0.686484
0.667441
0.622251
0.580428
0.574396
0.575877
0.583063
0.594228
0.604898
0.612803
0.618575
0.623806
0.629319
0.635921
0.642965
0.650647
0.660665
0.673908
0.68133
0.683352
0.680405
0.64555
0.599669
0.58747
0.588009
0.597636
0.54412
0.546893
0.552154
0.562065
0.575853
0.589996
0.601157
0.609216
0.615057
0.620083
0.627345
0.639098
0.653025
0.659653
0.656998
0.637376
0.585263
0.540282
0.534649
0.539949
0.549707
0.56053
0.568031
0.571847
0.574473
0.57868
0.586967
0.600982
0.619774
0.638074
0.651968
0.663156
0.675428
0.680968
0.678744
0.670128
0.628975
0.569391
0.548756
0.543681
0.546882
0.557164
0.570505
0.584763
0.59847
0.608018
0.611611
0.613331
0.616747
0.625262
0.64018
0.660576
0.681603
0.68937
0.688945
0.667759
0.620439
0.582252
0.578123
0.579797
0.586688
0.597456
0.607669
0.61538
0.621012
0.624923
0.628517
0.631851
0.637202
0.645707
0.657856
0.673628
0.684185
0.689186
0.682024
0.64419
0.600027
0.589219
0.589263
0.598786
0.544129
0.547855
0.55398
0.563935
0.57746
0.591153
0.602212
0.609691
0.61528
0.620563
0.627623
0.637982
0.650363
0.657793
0.654714
0.636699
0.589273
0.543133
0.534843
0.53853
0.548473
0.560702
0.569705
0.57415
0.576723
0.580269
0.587705
0.60112
0.619738
0.640198
0.657624
0.671106
0.6839
0.688546
0.682364
0.668429
0.618228
0.561725
0.547793
0.545104
0.552654
0.56487
0.579198
0.59302
0.603304
0.609237
0.613678
0.618126
0.624105
0.633649
0.645445
0.661063
0.679965
0.687357
0.68821
0.666585
0.617353
0.582609
0.580115
0.582155
0.589378
0.59989
0.609486
0.616629
0.621181
0.623542
0.624869
0.626582
0.630809
0.639113
0.655508
0.6761
0.690423
0.694048
0.681408
0.641697
0.598842
0.588563
0.588024
0.597234
0.544855
0.550138
0.557135
0.566542
0.577111
0.588484
0.598395
0.606364
0.613198
0.620021
0.626972
0.636201
0.647865
0.655682
0.652633
0.636631
0.590174
0.542829
0.532977
0.535939
0.546426
0.559982
0.570582
0.576123
0.579019
0.582516
0.589142
0.601166
0.618514
0.639302
0.659285
0.675813
0.690604
0.694694
0.683358
0.662666
0.606071
0.555459
0.548243
0.551407
0.562683
0.578877
0.594244
0.604322
0.609272
0.612759
0.618553
0.626465
0.635491
0.64283
0.649618
0.66116
0.675832
0.681932
0.685037
0.663841
0.613966
0.582152
0.581241
0.584411
0.592176
0.602379
0.611005
0.61655
0.619157
0.620445
0.621051
0.62227
0.626089
0.636238
0.656214
0.679779
0.694394
0.697079
0.679139
0.637024
0.594556
0.585458
0.584891
0.593642
0.546085
0.55342
0.560994
0.568469
0.575902
0.583387
0.591474
0.60012
0.608856
0.617607
0.625342
0.634821
0.6464
0.654329
0.651758
0.63458
0.589277
0.541973
0.530987
0.533648
0.544472
0.558592
0.570366
0.577442
0.581494
0.585864
0.592446
0.602649
0.617443
0.636235
0.657449
0.677036
0.694166
0.697406
0.682252
0.655057
0.59562
0.554409
0.553782
0.563951
0.581989
0.600313
0.611528
0.615875
0.617967
0.622215
0.631228
0.641602
0.648671
0.650929
0.652332
0.659262
0.669422
0.675092
0.678966
0.659615
0.611191
0.583047
0.582763
0.586902
0.595451
0.605137
0.612036
0.615098
0.616086
0.616883
0.617772
0.61984
0.624624
0.636793
0.659467
0.682158
0.6937
0.694743
0.674769
0.630895
0.589102
0.581274
0.582077
0.59102
0.54755
0.556627
0.563993
0.56926
0.573396
0.577132
0.582871
0.591727
0.603091
0.613648
0.624377
0.635287
0.647234
0.654616
0.649202
0.632749
0.587763
0.540802
0.529805
0.532263
0.542847
0.556992
0.569712
0.57865
0.584481
0.590637
0.597947
0.606657
0.617897
0.633417
0.653561
0.675929
0.694371
0.69735
0.680876
0.649746
0.59024
0.560321
0.566903
0.587142
0.607662
0.619797
0.624522
0.626064
0.628388
0.634897
0.645439
0.655342
0.659167
0.657283
0.655067
0.658625
0.664914
0.668743
0.671637
0.653833
0.609186
0.585365
0.58548
0.58977
0.598577
0.606955
0.611687
0.612508
0.612412
0.613215
0.615936
0.62021
0.628067
0.643177
0.664045
0.682408
0.689304
0.686698
0.666703
0.624051
0.585389
0.579001
0.580879
0.590016
0.54923
0.558953
0.56517
0.567843
0.568869
0.570531
0.574429
0.583204
0.595426
0.610046
0.624645
0.637521
0.650012
0.654621
0.647437
0.631023
0.586171
0.539883
0.52942
0.531873
0.54186
0.555543
0.568724
0.579506
0.588588
0.597281
0.605482
0.613108
0.621006
0.63216
0.649126
0.671286
0.690224
0.695191
0.680381
0.64817
0.592572
0.578251
0.590169
0.610118
0.624603
0.633584
0.636805
0.637758
0.639858
0.646774
0.656105
0.662422
0.665015
0.662301
0.658787
0.660763
0.66438
0.665118
0.665094
0.647128
0.606239
0.586142
0.587377
0.591301
0.599424
0.606627
0.609858
0.609971
0.6094
0.611202
0.616518
0.625469
0.637532
0.650477
0.665146
0.679988
0.681558
0.675157
0.657666
0.619011
0.584121
0.578832
0.581342
0.590377
0.550431
0.559772
0.563728
0.563963
0.563725
0.564097
0.567722
0.576169
0.59013
0.607893
0.62531
0.640313
0.652554
0.655188
0.646793
0.630363
0.585221
0.539833
0.530179
0.532402
0.541807
0.555113
0.568838
0.581639
0.594005
0.605467
0.614375
0.620878
0.626009
0.633151
0.645766
0.663946
0.682191
0.68976
0.683598
0.656227
0.610113
0.60014
0.607896
0.622377
0.633145
0.640405
0.644887
0.647524
0.652143
0.657837
0.662985
0.665229
0.666169
0.665492
0.663761
0.665974
0.668666
0.666284
0.661762
0.640552
0.602098
0.585289
0.586532
0.590158
0.597704
0.604718
0.608357
0.608432
0.608725
0.612323
0.621479
0.634499
0.646403
0.656128
0.66687
0.674506
0.671899
0.664531
0.649291
0.614154
0.583806
0.579261
0.582083
0.591292
0.549825
0.557627
0.559748
0.559065
0.558146
0.559364
0.564119
0.574299
0.589707
0.607655
0.624456
0.639787
0.653177
0.657209
0.648405
0.631814
0.585804
0.541163
0.53199
0.533623
0.542652
0.556078
0.570871
0.585835
0.600565
0.614031
0.623031
0.628369
0.631798
0.636623
0.644502
0.657051
0.674813
0.689912
0.695519
0.672098
0.627896
0.610529
0.612632
0.620381
0.630866
0.640464
0.6488
0.656195
0.661332
0.664545
0.665237
0.664948
0.664918
0.66694
0.670256
0.674534
0.677208
0.671367
0.661727
0.633077
0.593262
0.580679
0.582706
0.587366
0.594828
0.602212
0.607313
0.609487
0.612334
0.618691
0.629391
0.641908
0.652269
0.659799
0.666196
0.667361
0.664248
0.657489
0.642348
0.608933
0.582197
0.579001
0.582126
0.59167
0.545528
0.551693
0.553078
0.552933
0.553718
0.557629
0.565162
0.576796
0.591714
0.607595
0.621578
0.637079
0.652828
0.660054
0.652699
0.63556
0.587938
0.543657
0.534264
0.535386
0.54457
0.558849
0.575244
0.591797
0.607847
0.620823
0.628564
0.633402
0.636292
0.639877
0.644828
0.655381
0.672054
0.69395
0.70685
0.682311
0.634231
0.609281
0.60503
0.608839
0.619288
0.633518
0.648281
0.660152
0.666476
0.667186
0.665019
0.663328
0.663364
0.667442
0.676291
0.684379
0.686769
0.679013
0.663374
0.625343
0.580984
0.571472
0.575361
0.582458
0.590895
0.600528
0.608247
0.614234
0.619905
0.627217
0.636253
0.645936
0.65437
0.660711
0.663338
0.662935
0.659766
0.653606
0.637633
0.604858
0.58047
0.578235
0.58176
0.591591
0.536705
0.54219
0.544493
0.546844
0.551885
0.559838
0.570841
0.583273
0.595326
0.605985
0.616393
0.632416
0.651837
0.66248
0.660653
0.640908
0.590972
0.546554
0.536817
0.53785
0.547719
0.563462
0.581106
0.59898
0.614046
0.624121
0.630587
0.634737
0.6383
0.641692
0.648596
0.660496
0.676741
0.694884
0.702702
0.676992
0.628318
0.599544
0.587861
0.590511
0.6035
0.622661
0.642291
0.656772
0.664363
0.664742
0.662123
0.660577
0.662103
0.668012
0.680749
0.694482
0.696698
0.687118
0.664935
0.61866
0.571703
0.560555
0.565716
0.576825
0.588949
0.600867
0.611588
0.621161
0.628912
0.636088
0.642968
0.64785
0.653187
0.656799
0.65994
0.661235
0.658184
0.652286
0.635296
0.603097
0.579837
0.577539
0.580484
0.59
0.526514
0.532145
0.536418
0.542807
0.552667
0.56549
0.579575
0.590997
0.59839
0.603548
0.611119
0.627067
0.648199
0.663217
0.669803
0.647168
0.594664
0.549505
0.539642
0.541242
0.552136
0.569058
0.588162
0.604528
0.616455
0.623807
0.629099
0.633996
0.638791
0.645816
0.655005
0.667544
0.680547
0.687184
0.68752
0.663428
0.613651
0.581916
0.568263
0.568582
0.58143
0.602812
0.626445
0.64556
0.654157
0.65657
0.657686
0.658363
0.660359
0.667337
0.68267
0.699953
0.702719
0.6919
0.665441
0.61348
0.565806
0.553498
0.557959
0.571377
0.588473
0.60371
0.616129
0.626981
0.636428
0.642845
0.64573
0.647591
0.649956
0.652534
0.658099
0.66092
0.657522
0.651665
0.634852
0.603352
0.580566
0.577815
0.579742
0.588831
0.518165
0.524068
0.531058
0.541411
0.555476
0.57275
0.587977
0.596454
0.600224
0.602163
0.607441
0.621327
0.64292
0.661998
0.673696
0.652719
0.598606
0.55261
0.542668
0.545027
0.557828
0.575904
0.592562
0.605221
0.613702
0.619466
0.625309
0.632705
0.641431
0.64996
0.658394
0.667175
0.674697
0.674668
0.671148
0.648817
0.598482
0.564667
0.553851
0.554428
0.564484
0.580975
0.601436
0.619819
0.634139
0.643267
0.648972
0.653136
0.658508
0.666763
0.681716
0.698478
0.702767
0.693339
0.665287
0.611684
0.563532
0.551448
0.55522
0.569241
0.589094
0.607031
0.619972
0.630952
0.640791
0.647033
0.648198
0.646943
0.646585
0.649729
0.656387
0.660503
0.657515
0.65165
0.635892
0.604701
0.581328
0.577794
0.578616
0.586996
0.511442
0.519427
0.528946
0.54224
0.559653
0.579142
0.592481
0.599369
0.601908
0.602688
0.606559
0.617321
0.637623
0.658113
0.673776
0.654866
0.600755
0.555274
0.545876
0.550331
0.564063
0.579541
0.591846
0.600663
0.606905
0.613393
0.621487
0.631105
0.640706
0.648023
0.653617
0.659153
0.665059
0.663254
0.657009
0.635069
0.586883
0.554273
0.547958
0.55061
0.561217
0.575238
0.587447
0.597003
0.607908
0.621257
0.634573
0.646084
0.656212
0.666172
0.678472
0.692403
0.697279
0.690552
0.666563
0.614791
0.565836
0.554407
0.557925
0.571016
0.589658
0.60874
0.623017
0.633185
0.642266
0.647949
0.648613
0.646238
0.644816
0.648064
0.654233
0.659257
0.657661
0.652246
0.637451
0.606255
0.581932
0.57789
0.577692
0.585382
0.50711
0.518126
0.530043
0.545406
0.564484
0.581518
0.591964
0.598487
0.60219
0.604368
0.608431
0.617252
0.635113
0.651317
0.668809
0.654378
0.601379
0.557216
0.550536
0.555554
0.566954
0.578396
0.587379
0.593229
0.599425
0.607558
0.617193
0.626841
0.6347
0.640242
0.644833
0.651351
0.655205
0.651497
0.643013
0.624466
0.581836
0.552907
0.549548
0.553888
0.564115
0.575789
0.58322
0.587602
0.59259
0.601115
0.615198
0.632906
0.65053
0.663042
0.673533
0.684706
0.688453
0.683744
0.66836
0.622949
0.574238
0.56201
0.563746
0.573583
0.588865
0.607477
0.623566
0.634108
0.641196
0.644939
0.646149
0.645736
0.645249
0.647197
0.652764
0.657398
0.657384
0.652904
0.638463
0.607063
0.581713
0.577516
0.577305
0.584485
0.505474
0.519705
0.53457
0.551618
0.568178
0.579771
0.589132
0.596443
0.602318
0.606671
0.611788
0.620391
0.634108
0.645617
0.658609
0.650298
0.601097
0.55973
0.554917
0.557829
0.566472
0.575078
0.580942
0.586251
0.593092
0.602402
0.612424
0.62089
0.626889
0.632044
0.638275
0.64376
0.644841
0.643088
0.633006
0.616865
0.57933
0.556139
0.554424
0.561018
0.568576
0.575772
0.58028
0.582942
0.586832
0.593431
0.603422
0.618513
0.638777
0.655575
0.666345
0.675214
0.677776
0.677153
0.67121
0.635527
0.589161
0.573392
0.570985
0.575799
0.587196
0.604291
0.621284
0.633134
0.637818
0.639995
0.642432
0.645625
0.646511
0.648359
0.65229
0.655961
0.656278
0.652883
0.638291
0.607291
0.581689
0.577031
0.577569
0.584866
0.507239
0.524673
0.542424
0.558604
0.568983
0.576499
0.584828
0.594118
0.603061
0.610254
0.616823
0.625556
0.635516
0.642026
0.646593
0.64191
0.599334
0.562799
0.557769
0.558652
0.564292
0.570318
0.575464
0.581136
0.588835
0.598287
0.607753
0.615082
0.620581
0.626026
0.631452
0.637229
0.638214
0.637074
0.626873
0.611587
0.578295
0.55892
0.559356
0.568995
0.573924
0.57782
0.580201
0.582276
0.585851
0.591566
0.600572
0.613451
0.628648
0.643923
0.655611
0.665994
0.670889
0.672575
0.675399
0.651419
0.607084
0.585723
0.577788
0.577567
0.585846
0.600959
0.617714
0.629225
0.633452
0.634417
0.636969
0.642448
0.647716
0.651261
0.653904
0.656128
0.655268
0.651559
0.636603
0.607354
0.582879
0.578558
0.579987
0.587305
0.512379
0.53279
0.551655
0.563505
0.568546
0.573618
0.580881
0.591458
0.603174
0.614398
0.622529
0.631236
0.637618
0.641109
0.637391
0.632397
0.595472
0.56366
0.559166
0.559416
0.563256
0.568108
0.572798
0.578468
0.586067
0.594821
0.602849
0.610031
0.614986
0.619979
0.626223
0.632056
0.634214
0.63349
0.6246
0.609939
0.57889
0.560498
0.562574
0.574879
0.579419
0.580721
0.581298
0.583502
0.588003
0.594194
0.601789
0.611505
0.622359
0.632619
0.644162
0.65617
0.665395
0.673624
0.680601
0.661889
0.621176
0.595501
0.583456
0.580484
0.587039
0.599014
0.612302
0.62248
0.627167
0.628998
0.632592
0.639678
0.647888
0.654487
0.657545
0.657158
0.654604
0.649226
0.635142
0.608343
0.585409
0.581657
0.583691
0.591135
0.520706
0.54265
0.558738
0.565517
0.568955
0.572455
0.578679
0.589199
0.602756
0.6171
0.627471
0.636294
0.639001
0.640966
0.633825
0.62533
0.590134
0.562496
0.55858
0.561115
0.564804
0.568786
0.573061
0.578874
0.585212
0.591539
0.597908
0.60347
0.60971
0.616078
0.621976
0.627868
0.631643
0.632149
0.625054
0.611811
0.582006
0.561986
0.564116
0.575766
0.581443
0.583162
0.584009
0.586288
0.591473
0.598408
0.604913
0.611174
0.617272
0.624633
0.635584
0.649942
0.663748
0.674441
0.680766
0.66588
0.628877
0.601624
0.590436
0.586082
0.589904
0.598533
0.607155
0.614683
0.620858
0.625257
0.629782
0.637109
0.647073
0.656029
0.661167
0.65846
0.653847
0.648215
0.635353
0.61035
0.589572
0.586944
0.589345
0.596761
0.530998
0.550962
0.561652
0.566654
0.569667
0.573118
0.578995
0.588807
0.602601
0.618565
0.630194
0.639188
0.641318
0.642675
0.634517
0.622205
0.583725
0.558608
0.556448
0.564219
0.568687
0.573225
0.577152
0.580473
0.583679
0.587661
0.592137
0.598642
0.606583
0.613461
0.618576
0.624147
0.629523
0.632437
0.627159
0.61658
0.587847
0.563294
0.563064
0.57285
0.579706
0.584466
0.587588
0.590424
0.595347
0.602074
0.607968
0.611823
0.615212
0.621234
0.631386
0.646707
0.662874
0.671096
0.672816
0.66067
0.630155
0.604493
0.598245
0.594563
0.595122
0.599282
0.604105
0.608499
0.615268
0.622428
0.629162
0.636202
0.645192
0.655131
0.661946
0.660609
0.655562
0.649171
0.637786
0.615125
0.595594
0.592947
0.594634
0.601635
0.54031
0.555384
0.562509
0.566875
0.570402
0.574698
0.581139
0.5907
0.603284
0.61767
0.629626
0.639091
0.644094
0.646462
0.638164
0.621835
0.577184
0.551542
0.552914
0.565758
0.574734
0.580574
0.581956
0.581491
0.581626
0.582984
0.588073
0.596203
0.605053
0.611841
0.615976
0.62092
0.627634
0.633547
0.631299
0.624609
0.596023
0.564942
0.560081
0.566783
0.57641
0.585672
0.59118
0.594665
0.59861
0.603833
0.608972
0.612709
0.616228
0.622274
0.63217
0.647783
0.661023
0.664985
0.660136
0.648536
0.624567
0.605564
0.602042
0.604039
0.602683
0.602189
0.603004
0.605459
0.611201
0.620418
0.629555
0.636359
0.643301
0.652332
0.66044
0.662768
0.659642
0.653524
0.642625
0.620859
0.600757
0.597094
0.597795
0.604303
0.546614
0.556736
0.562049
0.566558
0.571348
0.577217
0.584547
0.593393
0.603805
0.615002
0.625749
0.636469
0.646781
0.651114
0.64423
0.624214
0.573539
0.54253
0.548714
0.566104
0.581388
0.588062
0.586921
0.582887
0.579884
0.581058
0.586901
0.596308
0.605157
0.610711
0.613554
0.618042
0.626171
0.635288
0.63823
0.633993
0.603845
0.565657
0.556505
0.560513
0.571929
0.586106
0.594655
0.598105
0.600668
0.603816
0.608414
0.613896
0.619804
0.626976
0.637691
0.649435
0.658526
0.659692
0.649799
0.636343
0.615348
0.603935
0.604061
0.609892
0.610282
0.607772
0.605119
0.605776
0.61026
0.61901
0.628811
0.635889
0.641774
0.649256
0.657972
0.663185
0.664588
0.660144
0.648524
0.626229
0.604878
0.600045
0.599895
0.606025
0.550394
0.556034
0.560636
0.565897
0.572464
0.580031
0.588214
0.596323
0.604121
0.611679
0.620229
0.632631
0.648859
0.655479
0.651837
0.629353
0.574315
0.536428
0.54212
0.562281
0.582948
0.591694
0.591954
0.585697
0.581695
0.582773
0.588906
0.598322
0.606128
0.609853
0.611353
0.615772
0.625789
0.637986
0.646216
0.642457
0.609556
0.566996
0.553875
0.554876
0.566845
0.584257
0.597013
0.600685
0.601548
0.603107
0.607586
0.61564
0.623739
0.634302
0.642661
0.648848
0.654458
0.650855
0.641019
0.629892
0.608672
0.596041
0.602308
0.610731
0.612876
0.612878
0.61031
0.609115
0.611676
0.61777
0.626082
0.633734
0.638649
0.646704
0.656565
0.66423
0.668234
0.665947
0.653482
0.63024
0.607533
0.600781
0.599874
0.6061
0.552633
0.555847
0.559555
0.565494
0.573702
0.582661
0.591289
0.598429
0.60394
0.608374
0.615306
0.629225
0.649022
0.659492
0.660564
0.636086
0.578389
0.535662
0.535462
0.553292
0.576263
0.59102
0.594347
0.590591
0.587173
0.587926
0.593428
0.601544
0.607223
0.609568
0.610175
0.614946
0.627371
0.641949
0.65331
0.648817
0.614194
0.56911
0.552539
0.55053
0.561905
0.58017
0.596035
0.601867
0.601942
0.602799
0.607387
0.616311
0.62884
0.639496
0.643986
0.645834
0.64505
0.643059
0.637003
0.628709
0.608703
0.589327
0.593578
0.604262
0.611058
0.614821
0.616182
0.614351
0.613964
0.61666
0.621674
0.628899
0.636203
0.645649
0.656513
0.664876
0.668892
0.66798
0.656049
0.633027
0.610399
0.602809
0.601248
0.607548
0.554877
0.556944
0.56005
0.565873
0.574559
0.584318
0.592871
0.599023
0.602785
0.60542
0.612273
0.627985
0.649856
0.66468
0.669439
0.64274
0.582916
0.537336
0.531516
0.542505
0.562689
0.582619
0.593482
0.597052
0.596013
0.596402
0.599858
0.604747
0.607855
0.609785
0.610968
0.617322
0.631823
0.647313
0.659145
0.652631
0.618
0.571624
0.552488
0.548231
0.557968
0.574891
0.591707
0.601198
0.60219
0.604353
0.609382
0.619503
0.632423
0.640279
0.641475
0.638266
0.636516
0.63765
0.636737
0.63104
0.611227
0.588573
0.585132
0.592967
0.605551
0.614815
0.61943
0.619398
0.616384
0.614922
0.616701
0.623175
0.632958
0.645153
0.657143
0.664949
0.667549
0.666372
0.656269
0.635791
0.614469
0.607176
0.605537
0.61183
0.556991
0.559507
0.561943
0.566727
0.57463
0.584225
0.592532
0.59787
0.600799
0.603585
0.61163
0.628653
0.652101
0.669359
0.675315
0.648304
0.587263
0.540175
0.529557
0.533382
0.547791
0.569242
0.58899
0.600981
0.605379
0.605789
0.606372
0.60728
0.608037
0.610503
0.614424
0.623488
0.638792
0.653532
0.663466
0.653598
0.620047
0.573962
0.553642
0.548094
0.555338
0.569635
0.585561
0.59785
0.604852
0.608788
0.61532
0.624331
0.632473
0.636723
0.633666
0.630635
0.631818
0.635542
0.638607
0.635911
0.615262
0.588808
0.581836
0.583454
0.595788
0.611611
0.620547
0.621791
0.61822
0.613755
0.613218
0.61871
0.629868
0.643773
0.655847
0.662818
0.664129
0.662752
0.654411
0.637461
0.618238
0.612441
0.612252
0.61844
0.561152
0.564047
0.565768
0.569237
0.575349
0.583209
0.590432
0.595138
0.598227
0.602978
0.61232
0.631064
0.655036
0.671143
0.676881
0.652075
0.59104
0.54266
0.528945
0.527316
0.53679
0.555749
0.580841
0.6012
0.611813
0.612995
0.611077
0.608843
0.608399
0.612051
0.620362
0.63299
0.648545
0.660801
0.6663
0.652593
0.6209
0.575736
0.555702
0.549281
0.554146
0.565543
0.580031
0.593955
0.605465
0.616108
0.624048
0.628002
0.629741
0.62968
0.627239
0.626671
0.630528
0.636518
0.641952
0.642127
0.621242
0.592315
0.582944
0.581517
0.590428
0.605696
0.618257
0.621374
0.618844
0.614552
0.612983
0.616327
0.625824
0.639232
0.650476
0.658017
0.660337
0.659703
0.652778
0.638476
0.621338
0.616954
0.618575
0.625381
0.563757
0.569262
0.571605
0.572794
0.576046
0.580848
0.586274
0.591526
0.596757
0.604355
0.615393
0.634158
0.656462
0.669634
0.674984
0.654449
0.594053
0.544041
0.528349
0.52403
0.531492
0.547776
0.569839
0.596541
0.612487
0.615774
0.612266
0.608148
0.607525
0.61377
0.626083
0.644311
0.660472
0.669381
0.667739
0.651214
0.620593
0.577312
0.558039
0.551489
0.554013
0.563431
0.576985
0.592257
0.611179
0.626956
0.632376
0.630433
0.626875
0.623772
0.623484
0.627249
0.633705
0.640795
0.648714
0.648441
0.628117
0.599425
0.588398
0.585275
0.591842
0.603149
0.613652
0.618798
0.618122
0.616343
0.614991
0.617052
0.62265
0.631063
0.641119
0.64955
0.65469
0.657397
0.652763
0.639827
0.624611
0.620199
0.622347
0.629665
0.562307
0.572738
0.576599
0.576689
0.576271
0.577172
0.580628
0.587341
0.595717
0.606377
0.619422
0.635984
0.655197
0.666062
0.670754
0.654444
0.595429
0.544866
0.529188
0.524523
0.531009
0.54572
0.563831
0.588307
0.607036
0.612885
0.609531
0.605852
0.606352
0.615427
0.633082
0.655283
0.671003
0.677357
0.671511
0.652195
0.620902
0.577625
0.559014
0.554365
0.555936
0.564719
0.578091
0.59659
0.620303
0.63479
0.637818
0.632325
0.625032
0.620568
0.622064
0.629446
0.640861
0.651496
0.65799
0.653884
0.633504
0.606038
0.596872
0.593462
0.596231
0.603386
0.610869
0.61584
0.618527
0.619048
0.619022
0.620207
0.621979
0.624035
0.630477
0.639492
0.647878
0.652712
0.651674
0.640852
0.627366
0.622762
0.624352
0.632008
0.55717
0.570229
0.578994
0.579374
0.576315
0.574017
0.576085
0.583473
0.595534
0.60937
0.622946
0.636251
0.651678
0.660771
0.664949
0.652296
0.595559
0.544449
0.531301
0.527514
0.533559
0.546704
0.563062
0.579931
0.596442
0.604308
0.603994
0.6035
0.605917
0.618293
0.638052
0.66086
0.676401
0.682842
0.6777
0.657161
0.624443
0.578915
0.560187
0.558415
0.56173
0.573082
0.590517
0.609803
0.62676
0.637132
0.639264
0.633436
0.625827
0.621522
0.624579
0.638062
0.653818
0.663778
0.665285
0.656433
0.636859
0.611881
0.604639
0.602494
0.602238
0.605994
0.610887
0.61588
0.620718
0.624761
0.626148
0.624668
0.622736
0.621664
0.623822
0.629796
0.638993
0.648319
0.650992
0.642194
0.628938
0.623606
0.624602
0.63213
0.553225
0.562885
0.573935
0.578678
0.576062
0.572957
0.573977
0.58174
0.595983
0.611501
0.624096
0.634573
0.645692
0.654703
0.6578
0.64799
0.594664
0.543485
0.533705
0.532342
0.538858
0.550416
0.563653
0.574847
0.583749
0.591675
0.596949
0.601417
0.60844
0.621604
0.639572
0.658114
0.674388
0.684353
0.682642
0.66426
0.630755
0.583301
0.563281
0.564795
0.575939
0.593436
0.608887
0.619422
0.627278
0.633675
0.636081
0.633094
0.628241
0.626471
0.633032
0.648829
0.664926
0.672366
0.670401
0.657889
0.63782
0.614225
0.609103
0.608616
0.606484
0.608567
0.61373
0.620282
0.62751
0.632885
0.634108
0.631078
0.626264
0.62371
0.624128
0.627953
0.633356
0.639947
0.644048
0.638308
0.626592
0.621213
0.62213
0.629394
0.553496
0.557198
0.563656
0.571333
0.574214
0.573771
0.575756
0.583635
0.59737
0.611368
0.621587
0.630243
0.640009
0.649452
0.650024
0.641654
0.592545
0.543498
0.536445
0.538173
0.54577
0.555782
0.564178
0.569584
0.573782
0.580768
0.590939
0.601474
0.611941
0.623661
0.636526
0.649235
0.664526
0.679573
0.68378
0.671852
0.639789
0.592272
0.574181
0.582702
0.599474
0.613018
0.619655
0.621926
0.623185
0.625896
0.629025
0.630481
0.63134
0.633867
0.641894
0.656377
0.670643
0.676996
0.672556
0.659766
0.637742
0.612586
0.607874
0.609399
0.609193
0.613146
0.619309
0.625831
0.633082
0.638102
0.639699
0.637178
0.632806
0.629752
0.629707
0.631722
0.633842
0.635704
0.633745
0.626756
0.61742
0.614467
0.616156
0.622868
0.555994
0.555222
0.555797
0.56035
0.568359
0.575638
0.580989
0.589118
0.599181
0.608476
0.616363
0.624243
0.635821
0.645431
0.643717
0.634118
0.588653
0.54327
0.537985
0.54483
0.553243
0.560949
0.564399
0.564986
0.566686
0.573938
0.587285
0.603009
0.615802
0.625089
0.631507
0.638326
0.650358
0.66817
0.67874
0.676432
0.650326
0.610229
0.597919
0.605938
0.617782
0.625226
0.626827
0.62422
0.620643
0.619039
0.620366
0.625613
0.633675
0.641622
0.649956
0.661617
0.673993
0.677505
0.672833
0.661226
0.637451
0.610074
0.603233
0.60437
0.608807
0.618103
0.626454
0.633736
0.639672
0.642254
0.643428
0.642907
0.640685
0.638279
0.637473
0.637795
0.637435
0.635154
0.629949
0.616951
0.602123
0.598709
0.601817
0.608437
0.557866
0.553557
0.550632
0.552203
0.561644
0.574993
0.587888
0.596274
0.601096
0.605222
0.610423
0.620106
0.634117
0.64272
0.640075
0.628633
0.584576
0.542226
0.539206
0.550844
0.560177
0.564871
0.564127
0.561858
0.562239
0.570976
0.586201
0.605448
0.620187
0.626575
0.627885
0.629505
0.636109
0.652329
0.668171
0.678637
0.667721
0.635403
0.617798
0.619175
0.624047
0.629545
0.630156
0.623339
0.615826
0.611753
0.612516
0.620493
0.633352
0.646942
0.656631
0.663583
0.672155
0.67558
0.672436
0.662671
0.635967
0.605886
0.596405
0.597717
0.607251
0.621184
0.632998
0.639923
0.644069
0.645587
0.646162
0.646891
0.646611
0.645615
0.644858
0.644157
0.641781
0.636234
0.629112
0.614018
0.595928
0.587628
0.587819
0.592691
0.5591
0.5527
0.547511
0.547498
0.555491
0.573398
0.590583
0.601425
0.603176
0.603384
0.606981
0.616974
0.631549
0.640123
0.637808
0.625285
0.580576
0.539773
0.539552
0.55368
0.564998
0.568979
0.565071
0.560448
0.560193
0.568785
0.585783
0.607178
0.623342
0.627472
0.625678
0.623871
0.627185
0.640067
0.656277
0.68
0.681616
0.656342
0.635214
0.634426
0.632982
0.633552
0.629753
0.622298
0.613196
0.607422
0.60785
0.616977
0.633386
0.649981
0.660658
0.664745
0.669922
0.673613
0.672184
0.664073
0.63499
0.602908
0.59149
0.592637
0.604425
0.621807
0.638207
0.646221
0.648363
0.648156
0.648609
0.650114
0.65133
0.651406
0.650506
0.6493
0.645313
0.63727
0.628132
0.612103
0.593166
0.583605
0.581687
0.585481
)
;

boundaryField
{
    inlet
    {
        type            calculated;
        value           uniform 0.140001;
    }
    outlet
    {
        type            calculated;
        value           nonuniform List<scalar> 
40
(
0.545285
0.554946
0.569789
0.585234
0.593244
0.597636
0.598786
0.597234
0.593642
0.59102
0.590016
0.590377
0.591292
0.59167
0.591591
0.59
0.588831
0.586996
0.585382
0.584485
0.584866
0.587305
0.591135
0.596761
0.601635
0.604303
0.606025
0.6061
0.607548
0.61183
0.61844
0.625381
0.629665
0.632008
0.63213
0.629394
0.622868
0.608437
0.592691
0.585481
)
;
    }
    bottom
    {
        type            symmetryPlane;
    }
    top
    {
        type            symmetryPlane;
    }
    obstacle
    {
        type            calculated;
        value           nonuniform List<scalar> 
80
(
0.535389
0.546755
0.553507
0.556657
0.557088
0.556624
0.55808
0.563475
0.573205
0.585526
0.597766
0.609828
0.626397
0.647389
0.66191
0.656367
0.625751
0.542504
0.498034
0.497865
0.503137
0.515821
0.531283
0.547586
0.562496
0.57515
0.584222
0.590083
0.592373
0.591681
0.590869
0.595403
0.608405
0.628036
0.649057
0.657835
0.652606
0.6203
0.563601
0.542295
0.544884
0.553693
0.565402
0.573942
0.57729
0.578633
0.583416
0.594151
0.610951
0.629676
0.644358
0.657988
0.671585
0.680122
0.680831
0.674351
0.64162
0.584307
0.551861
0.546159
0.548854
0.558103
0.5705
0.582176
0.592006
0.600638
0.608734
0.616104
0.623864
0.635142
0.654243
0.679792
0.700079
0.702673
0.689756
0.645262
0.574944
0.54377
0.538224
0.545285
)
;
    }
    defaultFaces
    {
        type            empty;
    }
}


// ************************************************************************* //
