/*--------------------------------*- C++ -*----------------------------------*\
| =========                 |                                                 |
| \\      /  F ield         | OpenFOAM: The Open Source CFD Toolbox           |
|  \\    /   O peration     | Version:  v1912                                 |
|   \\  /    A nd           | Website:  www.openfoam.com                      |
|    \\/     M anipulation  |                                                 |
\*---------------------------------------------------------------------------*/
FoamFile
{
    version     2.0;
    format      ascii;
    class       volScalarField;
    location    "0.06";
    object      p;
}
// * * * * * * * * * * * * * * * * * * * * * * * * * * * * * * * * * * * * * //

dimensions      [1 -1 -2 0 0 0 0];


internalField   nonuniform List<scalar> 
4800
(
1
1
1
1
1
1.00128
1.57077
2.26127
2.27743
2.27815
2.27942
2.28202
2.28719
2.29273
2.29395
2.29356
2.29074
2.2836
2.2772
2.2755
2.27612
2.28174
2.29611
2.31602
2.33402
2.34745
2.35875
2.36987
2.37777
2.38259
2.39578
2.47931
2.66151
2.79014
2.84888
2.89922
2.95477
3.02112
3.09628
3.16049
1
1
1
1
1
1.00128
1.57077
2.26127
2.27743
2.27815
2.27942
2.28202
2.28719
2.29273
2.29395
2.29355
2.29074
2.28361
2.27722
2.27552
2.27609
2.28159
2.2958
2.31564
2.33368
2.34722
2.35862
2.3698
2.37774
2.38258
2.39508
2.4747
2.6537
2.78364
2.844
2.89272
2.94725
3.00444
3.06975
3.12329
1
1
1
1
1
1.00128
1.57077
2.26127
2.27743
2.27815
2.27942
2.28202
2.28719
2.29273
2.29395
2.29355
2.29075
2.28362
2.27724
2.27553
2.27602
2.28129
2.29522
2.31497
2.33315
2.34685
2.35837
2.36967
2.37768
2.3825
2.39346
2.46555
2.63944
2.77318
2.83568
2.88142
2.93266
2.98152
3.03393
3.07701
1
1
1
1
1
1.00128
1.57077
2.26127
2.27742
2.27815
2.27942
2.28202
2.28719
2.29272
2.29395
2.29355
2.29075
2.28365
2.27728
2.27555
2.27592
2.28085
2.29436
2.31399
2.33238
2.34632
2.35803
2.36949
2.37761
2.38236
2.39135
2.45297
2.61864
2.75792
2.8239
2.86666
2.91349
2.95655
2.99677
3.02838
1
1
1
1
1
1.00128
1.57077
2.26127
2.27742
2.27815
2.27942
2.28202
2.28719
2.29272
2.29394
2.29354
2.29076
2.28368
2.27733
2.27558
2.27578
2.28029
2.29322
2.31271
2.33135
2.34561
2.35755
2.36921
2.37748
2.38214
2.38919
2.43837
2.5912
2.7374
2.80901
2.8497
2.8915
2.92999
2.96233
2.98738
1
1
1
1
1
1.00128
1.57077
2.26127
2.27742
2.27815
2.27942
2.28202
2.28719
2.29272
2.29394
2.29354
2.29077
2.28372
2.27739
2.27564
2.27563
2.27963
2.29184
2.31109
2.33004
2.3447
2.35695
2.3688
2.37724
2.38187
2.38731
2.42351
2.55793
2.71115
2.79118
2.8314
2.86826
2.90285
2.93075
2.95265
1
1
1
1
1
1.00128
1.57077
2.26127
2.27742
2.27815
2.27942
2.28202
2.28719
2.29272
2.29393
2.29353
2.29077
2.28376
2.27746
2.27569
2.2755
2.27893
2.29026
2.30911
2.32842
2.34361
2.35621
2.36826
2.37687
2.38157
2.3859
2.41005
2.52087
2.67826
2.77017
2.81231
2.84507
2.87601
2.90125
2.9223
1
1
1
1
1
1.00128
1.57077
2.26127
2.27742
2.27815
2.27942
2.28202
2.28719
2.29272
2.29393
2.29352
2.29078
2.28381
2.27754
2.27573
2.2754
2.27822
2.28849
2.30675
2.32645
2.34233
2.35531
2.36758
2.37638
2.38124
2.38497
2.39918
2.48317
2.6378
2.7449
2.79243
2.82259
2.85011
2.8737
2.89438
1
1
1
1
1
1.00128
1.57077
2.26127
2.27742
2.27815
2.27942
2.28202
2.28719
2.29272
2.29393
2.29351
2.29078
2.28386
2.27763
2.27579
2.27534
2.27754
2.28661
2.30405
2.32413
2.3408
2.35424
2.36674
2.37576
2.38086
2.38438
2.39147
2.44862
2.59003
2.7133
2.77115
2.80112
2.82576
2.84793
2.86809
1
1
1
1
1
1.00128
1.57077
2.26127
2.27742
2.27815
2.27942
2.28202
2.2872
2.29272
2.29392
2.2935
2.29077
2.28391
2.27772
2.27587
2.27533
2.27691
2.28468
2.30106
2.32141
2.33897
2.35298
2.36574
2.37501
2.38039
2.38384
2.38678
2.42053
2.53747
2.6732
2.74685
2.78048
2.80335
2.82377
2.8433
1
1
1
1
1
1.00128
1.57077
2.26127
2.27742
2.27815
2.27942
2.28203
2.2872
2.29272
2.29392
2.29349
2.29077
2.28395
2.27781
2.27597
2.27535
2.27637
2.28278
2.29785
2.31825
2.33679
2.35151
2.36457
2.37409
2.37975
2.38333
2.38432
2.40064
2.48549
2.62347
2.71695
2.75934
2.78229
2.80091
2.82035
1
1
1
1
1
1.00128
1.57077
2.26127
2.27742
2.27815
2.27942
2.28203
2.2872
2.29272
2.29392
2.29347
2.29075
2.28398
2.27789
2.27611
2.27542
2.2759
2.281
2.29451
2.31464
2.33419
2.34978
2.36319
2.37298
2.37893
2.3828
2.38326
2.38858
2.44097
2.5655
2.67847
2.73524
2.76166
2.77935
2.79928
1
1
1
1
1
1.00128
1.57077
2.26127
2.27742
2.27815
2.27942
2.28203
2.2872
2.29272
2.29391
2.29346
2.29074
2.284
2.27798
2.27627
2.2755
2.27555
2.27942
2.29113
2.31056
2.3311
2.34775
2.36162
2.37167
2.37794
2.38215
2.38271
2.38264
2.40897
2.50472
2.62874
2.70525
2.74033
2.75907
2.77926
1
1
1
1
1
1.00128
1.57077
2.26127
2.27742
2.27815
2.27942
2.28203
2.2872
2.29272
2.29391
2.29345
2.29072
2.28401
2.27806
2.27645
2.27557
2.27538
2.27808
2.28784
2.3061
2.32747
2.34537
2.35987
2.37019
2.37676
2.38123
2.38217
2.38013
2.38974
2.45037
2.56849
2.666
2.71579
2.7394
2.75935
1
1
1
1
1
1.00128
1.57077
2.26127
2.27742
2.27815
2.27942
2.28203
2.2872
2.29272
2.29392
2.29344
2.2907
2.28401
2.27812
2.27661
2.27569
2.27535
2.277
2.28478
2.30141
2.32324
2.34255
2.35791
2.36853
2.37531
2.38002
2.38152
2.37917
2.3804
2.41125
2.50399
2.61403
2.68451
2.71863
2.73891
1
1
1
1
1
1.00128
1.57077
2.26127
2.27742
2.27815
2.27942
2.28203
2.2872
2.29272
2.29392
2.29344
2.29068
2.284
2.27817
2.27676
2.27588
2.27537
2.27619
2.28209
2.29667
2.31838
2.33915
2.35562
2.36669
2.3736
2.37856
2.38064
2.37852
2.377
2.38893
2.44633
2.55069
2.64246
2.69281
2.71789
1
1
1
1
1
1.00128
1.57077
2.26127
2.27742
2.27815
2.27942
2.28203
2.2872
2.29272
2.29392
2.29343
2.29066
2.28398
2.2782
2.27689
2.27613
2.27544
2.27565
2.27986
2.29208
2.3129
2.33505
2.3529
2.36467
2.37172
2.37687
2.37935
2.37789
2.37575
2.379
2.40664
2.48478
2.58556
2.65677
2.69536
1
1
1
1
1
1.00128
1.57077
2.26127
2.27742
2.27815
2.27942
2.28203
2.2872
2.29272
2.29392
2.29343
2.29065
2.28396
2.27821
2.27698
2.27639
2.27553
2.27542
2.27811
2.28783
2.30701
2.3302
2.34963
2.36244
2.36974
2.37498
2.37771
2.377
2.37517
2.37569
2.38616
2.43018
2.51879
2.60694
2.66524
1
1
1
1
1
1.00128
1.57077
2.26127
2.27742
2.27815
2.27942
2.28203
2.2872
2.29273
2.29392
2.29343
2.29064
2.28394
2.27821
2.27704
2.27662
2.27573
2.27539
2.27686
2.28417
2.30103
2.32455
2.34565
2.35986
2.36767
2.37291
2.37575
2.37563
2.37452
2.37454
2.37851
2.3973
2.45523
2.54263
2.6217
1
1
1
1
1
1.00128
1.57077
2.26127
2.27742
2.27815
2.27942
2.28203
2.2872
2.29273
2.29392
2.29344
2.29063
2.28391
2.27819
2.27706
2.27681
2.276
2.27549
2.27606
2.28122
2.29528
2.31814
2.34077
2.3567
2.36542
2.37075
2.37359
2.37378
2.3735
2.37411
2.37594
2.38308
2.4104
2.47533
2.56125
1
1
1
1
1
1.00128
1.57077
2.26127
2.27742
2.27815
2.27942
2.28202
2.2872
2.29273
2.29392
2.29344
2.29063
2.28389
2.27817
2.27707
2.27693
2.27631
2.27562
2.2757
2.27901
2.29011
2.31124
2.33494
2.35279
2.36289
2.36853
2.37137
2.3716
2.37193
2.37353
2.37486
2.37906
2.38878
2.42242
2.49216
1
1
1
1
1
1.00128
1.57077
2.26127
2.27742
2.27815
2.27942
2.28202
2.2872
2.29273
2.29392
2.29344
2.29063
2.28388
2.27815
2.27706
2.277
2.2766
2.27586
2.27564
2.27755
2.28581
2.30434
2.32818
2.34786
2.35982
2.36618
2.36912
2.36928
2.3699
2.37235
2.37421
2.37742
2.38208
2.39441
2.43389
1
1
1
1
1
1.00128
1.57077
2.26127
2.27742
2.27815
2.27942
2.28202
2.2872
2.29273
2.29392
2.29344
2.29063
2.28388
2.27812
2.27703
2.27702
2.27682
2.27616
2.27578
2.2767
2.28251
2.29791
2.32063
2.34175
2.35598
2.36352
2.36681
2.36695
2.36759
2.37053
2.3732
2.37652
2.37992
2.38504
2.40073
1
1
1
1
1
1.00128
1.57077
2.26127
2.27742
2.27815
2.27942
2.28202
2.2872
2.29273
2.29392
2.29345
2.29064
2.28388
2.27811
2.277
2.27701
2.27697
2.27648
2.27602
2.27641
2.28024
2.2924
2.31282
2.33447
2.35104
2.36034
2.36436
2.36467
2.36519
2.3683
2.37154
2.37543
2.37897
2.38268
2.38913
1
1
1
1
1
1.00128
1.57077
2.26127
2.27742
2.27815
2.27942
2.28202
2.2872
2.29273
2.29392
2.29345
2.29064
2.28388
2.27811
2.27697
2.27699
2.27703
2.27676
2.27634
2.27645
2.27891
2.28813
2.30548
2.32618
2.34473
2.35635
2.36155
2.36235
2.36281
2.36591
2.36941
2.37376
2.37797
2.38167
2.38655
1
1
1
1
1
1.00128
1.57077
2.26127
2.27742
2.27815
2.27942
2.28202
2.2872
2.29273
2.29392
2.29345
2.29064
2.28388
2.2781
2.27694
2.27697
2.27703
2.27696
2.2767
2.27669
2.27838
2.28513
2.29915
2.31743
2.33695
2.35117
2.35815
2.35983
2.36045
2.36349
2.36705
2.37159
2.37644
2.38063
2.38539
1
1
1
1
1
1.00128
1.57077
2.26127
2.27742
2.27815
2.27942
2.28202
2.2872
2.29273
2.29392
2.29345
2.29064
2.28388
2.2781
2.27693
2.27693
2.277
2.27706
2.27702
2.27704
2.27832
2.28331
2.29431
2.30912
2.32788
2.34444
2.35382
2.35689
2.358
2.36109
2.36465
2.36918
2.37437
2.37906
2.3842
1
1
1
1
1
1.00128
1.57077
2.26127
2.27742
2.27815
2.27942
2.28202
2.2872
2.29273
2.29392
2.29345
2.29064
2.28388
2.27811
2.27693
2.27691
2.27697
2.27709
2.27725
2.27742
2.27854
2.28254
2.29107
2.30206
2.31817
2.33604
2.34818
2.35317
2.35527
2.35864
2.36229
2.3667
2.37196
2.37699
2.38255
1
1
1
1
1
1.00128
1.57077
2.26127
2.27742
2.27815
2.27942
2.28202
2.2872
2.29273
2.29392
2.29344
2.29064
2.28388
2.27811
2.27694
2.27689
2.27694
2.27707
2.27737
2.27777
2.27888
2.28241
2.28913
2.29686
2.30904
2.32619
2.34078
2.34829
2.35197
2.35601
2.35996
2.36423
2.36945
2.37463
2.38049
1
1
1
1
1
1.00128
1.57077
2.26127
2.27742
2.27815
2.27942
2.28202
2.2872
2.29273
2.29392
2.29344
2.29064
2.28388
2.27811
2.27694
2.27689
2.27691
2.27703
2.27739
2.27803
2.27928
2.28264
2.28828
2.29363
2.30146
2.31577
2.33153
2.34181
2.34768
2.35294
2.35752
2.36181
2.36697
2.37216
2.37816
1
1
1
1
1
1.00128
1.57077
2.26127
2.27742
2.27815
2.27942
2.28202
2.2872
2.29273
2.29392
2.29344
2.29064
2.28388
2.27811
2.27694
2.27689
2.2769
2.27699
2.27738
2.27814
2.27966
2.28299
2.28813
2.29193
2.29615
2.30622
2.32083
2.33329
2.34188
2.34904
2.35474
2.35938
2.36452
2.36969
2.37567
1
1
1
1
1
1.00128
1.57077
2.26127
2.27742
2.27815
2.27942
2.28202
2.2872
2.29273
2.29392
2.29344
2.29064
2.28388
2.27811
2.27695
2.27689
2.27689
2.27696
2.27734
2.27816
2.27992
2.2834
2.28829
2.29144
2.29302
2.29877
2.31001
2.32287
2.33404
2.34377
2.35125
2.35677
2.36199
2.36725
2.3731
1
1
1
1
1
1.00128
1.57077
2.26127
2.27742
2.27815
2.27942
2.28202
2.2872
2.29273
2.29392
2.29344
2.29064
2.28388
2.27811
2.27695
2.27689
2.27689
2.27695
2.2773
2.27814
2.28001
2.28377
2.28859
2.29144
2.29174
2.29396
2.30067
2.31134
2.32388
2.33651
2.3465
2.35361
2.35922
2.36468
2.3703
1
1
1
1
1
1.00128
1.57077
2.26127
2.27742
2.27815
2.27942
2.28202
2.2872
2.29273
2.29392
2.29344
2.29064
2.28388
2.27811
2.27695
2.27689
2.2769
2.27694
2.27727
2.2781
2.28002
2.284
2.28898
2.29163
2.29163
2.29147
2.29409
2.30049
2.31206
2.3268
2.33983
2.34932
2.35599
2.36164
2.36713
1
1
1
1
1
1.00128
1.57077
2.26127
2.27742
2.27815
2.27942
2.28202
2.2872
2.29273
2.29392
2.29344
2.29064
2.28388
2.27811
2.27695
2.27689
2.2769
2.27694
2.27726
2.27806
2.27999
2.28406
2.2893
2.29193
2.29181
2.29086
2.29029
2.29187
2.29989
2.3148
2.33058
2.34306
2.35169
2.35777
2.36385
1
1
1
1
1
1.00128
1.57077
2.26127
2.27742
2.27815
2.27942
2.28202
2.2872
2.29273
2.29392
2.29344
2.29064
2.28388
2.27811
2.27695
2.27689
2.2769
2.27695
2.27726
2.27804
2.27995
2.28404
2.28948
2.29225
2.29209
2.29099
2.28903
2.28682
2.28956
2.3018
2.31861
2.33401
2.34543
2.35328
2.36198
1
1
1
1
1
1.00128
1.57077
2.26127
2.27742
2.27815
2.27942
2.28202
2.2872
2.29273
2.29392
2.29344
2.29064
2.28388
2.27811
2.27695
2.27689
2.2769
2.27695
2.27726
2.27803
2.27993
2.28401
2.2895
2.29246
2.29241
2.29126
2.28889
2.2846
2.28271
2.28989
2.30491
2.32196
2.33666
2.34875
2.36252
1
1
1
1
1
1.00128
1.57077
2.26127
2.27742
2.27815
2.27942
2.28202
2.2872
2.29273
2.29392
2.29344
2.29064
2.28388
2.27811
2.27695
2.27689
2.2769
2.27695
2.27726
2.27803
2.27991
2.28398
2.28949
2.29255
2.29265
2.29157
2.28913
2.28412
2.27917
2.28117
2.29177
2.308
2.32607
2.34487
2.36596
1
1
1
1
1
1.00128
1.57077
2.26127
2.27742
2.27815
2.27942
2.28202
2.2872
2.29273
2.29392
2.29344
2.29064
2.28388
2.27811
2.27695
2.27689
2.2769
2.27695
2.27727
2.27803
2.27991
2.28396
2.28946
2.29256
2.29277
2.29186
2.28937
2.2841
2.27838
2.27662
2.28197
2.29507
2.31551
2.34166
2.37079
1
1
1
1
1
1.00128
1.57077
2.26127
2.27742
2.27815
2.27942
2.28202
2.2872
2.29273
2.29392
2.29344
2.29064
2.28388
2.27811
2.27695
2.27689
2.2769
2.27695
2.27727
2.27804
2.27991
2.28395
2.28944
2.29256
2.2928
2.29203
2.28957
2.2842
2.2781
2.2751
2.27698
2.2867
2.30742
2.33808
2.37352
3.34216
3.20301
3.12764
3.06729
3.01725
2.97579
2.94241
2.9167
2.89683
2.87972
2.86548
2.85548
2.85011
2.84869
2.85076
2.85493
2.8593
2.86222
2.85706
2.84392
2.82981
2.81658
2.80626
2.79837
2.79489
2.79551
2.79969
2.80641
2.81436
2.82321
2.83385
2.84709
2.86111
2.8701
2.86869
2.86259
2.8566
2.85243
2.85051
2.85112
2.85505
2.86273
2.87342
2.88835
2.92519
3.00234
3.04565
3.02169
2.68257
1.66083
1.12898
1.10093
1.10063
1.10114
1.10203
1.10615
1.12484
1.17084
1.23579
1.29699
1.34465
1.37321
1.38476
1.38585
1.38303
1.37749
1.37049
1.36328
1.35723
1.35279
1.34966
1.34743
1.34588
1.34481
1.34409
1.34376
1.34353
1.3441
1.34421
1.34582
3.16246
3.05467
3.02827
2.9987
2.97177
2.9447
2.92
2.89846
2.8806
2.86522
2.85334
2.84702
2.8442
2.84373
2.84492
2.8467
2.84943
2.85199
2.84697
2.83464
2.82191
2.81021
2.80031
2.79421
2.79279
2.79508
2.80005
2.80674
2.81524
2.82603
2.83841
2.85072
2.86125
2.86734
2.86648
2.86095
2.85465
2.84965
2.84686
2.84807
2.85433
2.86413
2.87789
2.90108
2.94981
3.00697
2.99928
2.91452
2.45929
1.49294
1.11474
1.10073
1.1007
1.10202
1.10761
1.12605
1.15932
1.19953
1.24134
1.28822
1.33121
1.36195
1.37646
1.38017
1.37939
1.37521
1.36888
1.36218
1.35637
1.35186
1.34866
1.34652
1.34512
1.34413
1.34353
1.34325
1.34321
1.34387
1.34412
1.34584
3.10421
3.04161
3.02393
2.99389
2.96784
2.94296
2.91874
2.89681
2.87998
2.86871
2.86
2.85278
2.84729
2.84447
2.84597
2.85119
2.85546
2.85609
2.84674
2.83358
2.82137
2.81086
2.80275
2.79737
2.79559
2.797
2.80099
2.80711
2.81553
2.82626
2.83849
2.85056
2.86031
2.86524
2.86473
2.86015
2.85427
2.84936
2.84663
2.84767
2.85442
2.86499
2.87839
2.90404
2.96353
3.00677
2.98784
2.9016
2.36015
1.37597
1.10655
1.10061
1.10189
1.11032
1.13327
1.16733
1.1978
1.21807
1.23506
1.2628
1.3011
1.34027
1.36738
1.3775
1.37797
1.37413
1.36822
1.36236
1.35679
1.35206
1.3487
1.3465
1.34504
1.34406
1.34341
1.34313
1.34314
1.34382
1.34414
1.34584
3.045
3.01148
3.00118
2.97685
2.95378
2.93001
2.90703
2.88732
2.87347
2.86507
2.85741
2.84913
2.8417
2.83735
2.83956
2.84832
2.85514
2.85217
2.83901
2.82583
2.81493
2.80651
2.80033
2.79651
2.79536
2.79683
2.80072
2.80721
2.81613
2.82697
2.83887
2.85016
2.85896
2.86306
2.86235
2.85836
2.85332
2.84919
2.84748
2.84906
2.85571
2.86604
2.88085
2.91153
2.97107
3.00188
2.98371
2.86066
2.18854
1.27247
1.10304
1.10301
1.11471
1.14185
1.1765
1.20509
1.22173
1.22881
1.23342
1.24364
1.26979
1.3104
1.34812
1.36821
1.37297
1.37167
1.36763
1.36247
1.35687
1.35201
1.34845
1.34606
1.34453
1.34358
1.343
1.34278
1.34286
1.34357
1.34394
1.34561
3.00193
2.98437
2.9803
2.96077
2.93831
2.91667
2.89716
2.88054
2.86879
2.86113
2.85356
2.84515
2.83823
2.83455
2.8372
2.84641
2.85267
2.84764
2.8365
2.82532
2.81526
2.80665
2.80016
2.79629
2.79515
2.79684
2.80098
2.80774
2.81692
2.82723
2.8378
2.84789
2.85597
2.85988
2.85915
2.85549
2.8514
2.84868
2.84842
2.85076
2.85714
2.86719
2.88269
2.91571
2.97627
2.99625
2.97937
2.81534
2.0202
1.20614
1.10709
1.12139
1.15163
1.18517
1.21022
1.2244
1.23088
1.23291
1.23388
1.2371
1.2474
1.27554
1.31774
1.35174
1.36666
1.36981
1.36775
1.36232
1.3569
1.35215
1.3483
1.34567
1.34406
1.34309
1.34254
1.34237
1.34246
1.34318
1.34364
1.34533
2.96628
2.95757
2.95642
2.94268
2.9229
2.90438
2.88821
2.87406
2.86325
2.85517
2.84757
2.83954
2.83331
2.83033
2.83351
2.84277
2.84747
2.84152
2.8315
2.82118
2.81187
2.80427
2.79893
2.79575
2.79515
2.79715
2.80137
2.80787
2.81626
2.82585
2.83581
2.84554
2.8531
2.85676
2.85646
2.85337
2.84938
2.84695
2.84797
2.85193
2.85843
2.86772
2.88334
2.91766
2.97733
2.99163
2.96617
2.73505
1.84869
1.17194
1.13381
1.16185
1.19332
1.21479
1.22656
1.23249
1.23522
1.23588
1.2359
1.2368
1.23986
1.25012
1.2805
1.32337
1.35293
1.36399
1.36557
1.36223
1.35711
1.35219
1.34809
1.34521
1.34342
1.34241
1.3419
1.34175
1.34189
1.34265
1.34318
1.34493
2.93667
2.93437
2.93515
2.92592
2.90834
2.89181
2.878
2.86591
2.85624
2.84826
2.84131
2.83411
2.82854
2.826
2.82918
2.83789
2.84151
2.83623
2.82721
2.8176
2.80902
2.80228
2.79769
2.79515
2.79501
2.79696
2.8007
2.80652
2.81433
2.82343
2.83318
2.84293
2.85019
2.85348
2.85329
2.85138
2.84824
2.84497
2.84463
2.84898
2.85755
2.86848
2.8849
2.92112
2.97707
2.98699
2.95344
2.65832
1.71213
1.18328
1.17479
1.1999
1.21814
1.2272
1.23136
1.23405
1.23602
1.23732
1.23772
1.23769
1.23894
1.24128
1.25164
1.28561
1.32814
1.35355
1.3618
1.36216
1.35744
1.35201
1.34776
1.34469
1.34269
1.34159
1.34109
1.34097
1.34117
1.34199
1.3426
1.34441
2.90969
2.91237
2.9145
2.90838
2.89332
2.87855
2.86668
2.85639
2.84814
2.8409
2.83435
2.82766
2.82255
2.82019
2.82321
2.83163
2.83523
2.83062
2.82257
2.81384
2.80609
2.80013
2.79613
2.79399
2.79397
2.79578
2.79929
2.80465
2.81155
2.82017
2.82954
2.83729
2.84399
2.84819
2.84882
2.84785
2.84617
2.84383
2.8426
2.84606
2.85407
2.86421
2.8806
2.92164
2.97951
2.98189
2.94481
2.58375
1.61478
1.20947
1.20592
1.22034
1.22881
1.23255
1.23419
1.23519
1.2362
1.23751
1.23856
1.23914
1.23945
1.23981
1.24101
1.25333
1.29161
1.3326
1.35351
1.35904
1.35735
1.35222
1.34748
1.34411
1.34191
1.34066
1.3401
1.34
1.34029
1.3412
1.34188
1.34376
2.88435
2.8915
2.89467
2.89047
2.87849
2.8652
2.85512
2.84651
2.83953
2.83311
2.82656
2.81979
2.81492
2.81281
2.81585
2.82466
2.82907
2.825
2.81789
2.81015
2.80325
2.79799
2.79446
2.79259
2.79266
2.79436
2.79757
2.80231
2.80856
2.81648
2.82504
2.83428
2.84276
2.84592
2.84526
2.84339
2.84182
2.84046
2.84063
2.84398
2.84898
2.85583
2.87401
2.92489
2.98975
3.00204
2.96976
2.52578
1.53932
1.22452
1.22096
1.22743
1.23144
1.23352
1.23502
1.23603
1.23665
1.23737
1.23855
1.23981
1.24048
1.23995
1.23925
1.23999
1.2563
1.29865
1.33649
1.35281
1.35608
1.35233
1.34724
1.3434
1.34102
1.33962
1.33898
1.33886
1.33923
1.34025
1.34098
1.34296
2.86049
2.87087
2.87475
2.87186
2.86351
2.85187
2.84329
2.83598
2.82974
2.82378
2.81729
2.81056
2.80632
2.80492
2.80819
2.81741
2.82301
2.81956
2.81332
2.80654
2.80045
2.79578
2.79264
2.79091
2.7908
2.79217
2.7949
2.79903
2.80495
2.81234
2.82088
2.82985
2.83786
2.84112
2.83921
2.83687
2.83488
2.83441
2.83637
2.84096
2.84507
2.85071
2.87607
2.94977
3.02656
3.05309
3.00569
2.44297
1.46492
1.22887
1.22783
1.23109
1.23318
1.23404
1.23511
1.2363
1.23703
1.23751
1.23842
1.23992
1.24117
1.2408
1.23909
1.23782
1.23931
1.26107
1.30602
1.33931
1.35111
1.35185
1.34708
1.34264
1.33997
1.33844
1.33771
1.33757
1.33795
1.3391
1.33989
1.342
2.8383
2.85031
2.85489
2.85321
2.84839
2.83852
2.83107
2.82449
2.81858
2.8128
2.80653
2.80076
2.79781
2.79748
2.80079
2.80974
2.81681
2.8143
2.80889
2.80302
2.79762
2.79335
2.79036
2.78858
2.78802
2.78907
2.79141
2.79519
2.80091
2.80819
2.81679
2.82582
2.83229
2.83479
2.83399
2.83041
2.82706
2.82649
2.82983
2.83667
2.84724
2.8646
2.90864
3.00749
3.09907
3.12908
3.03363
2.32507
1.39497
1.22935
1.22953
1.23204
1.23401
1.23479
1.23538
1.23613
1.23696
1.23769
1.23853
1.24003
1.24141
1.24147
1.23983
1.23763
1.2364
1.23985
1.26782
1.31306
1.34071
1.34854
1.34687
1.34217
1.33874
1.33707
1.33629
1.3361
1.33646
1.33773
1.33861
1.34089
2.81764
2.82984
2.83549
2.83514
2.83316
2.82484
2.81819
2.81204
2.80641
2.80104
2.79577
2.79157
2.79001
2.79051
2.79346
2.80168
2.81039
2.80933
2.80469
2.79955
2.79465
2.79056
2.78749
2.78547
2.78448
2.7852
2.78722
2.79083
2.79616
2.80324
2.81169
2.82001
2.82553
2.82746
2.82655
2.82391
2.82264
2.82304
2.82769
2.83897
2.8644
2.90738
2.9786
3.09456
3.17436
3.18548
3.01499
2.18574
1.34065
1.23087
1.23064
1.23245
1.23424
1.23526
1.23582
1.23622
1.23678
1.23765
1.23875
1.24029
1.24152
1.24166
1.24061
1.23815
1.23621
1.23548
1.24196
1.27598
1.3189
1.34046
1.34492
1.34145
1.33757
1.3355
1.33462
1.33441
1.33474
1.33613
1.33713
1.33961
2.79781
2.80987
2.81711
2.81809
2.81809
2.81107
2.80491
2.79933
2.79433
2.78987
2.7859
2.78297
2.78231
2.78327
2.786
2.79371
2.80399
2.8047
2.80057
2.79592
2.79132
2.78721
2.78392
2.78155
2.78017
2.7805
2.78229
2.7857
2.79049
2.79665
2.80394
2.81154
2.81732
2.81999
2.82031
2.81995
2.82177
2.8279
2.84197
2.8704
2.91719
2.97984
3.05934
3.16069
3.21694
3.19537
2.9581
2.04783
1.30349
1.23146
1.23148
1.23298
1.23424
1.23516
1.23596
1.2365
1.2369
1.23761
1.23893
1.24062
1.24168
1.24168
1.24083
1.23899
1.23657
1.23505
1.23506
1.24573
1.28448
1.32294
1.33861
1.34021
1.33653
1.33369
1.33264
1.33242
1.33279
1.33431
1.33544
1.33813
2.77824
2.79053
2.79969
2.80196
2.80333
2.79761
2.7917
2.78693
2.7829
2.77964
2.77682
2.77459
2.77431
2.77569
2.77864
2.78619
2.79758
2.80018
2.79624
2.7918
2.78731
2.78309
2.77952
2.77681
2.77509
2.77495
2.77634
2.77903
2.78284
2.78782
2.79402
2.8017
2.80974
2.81539
2.81824
2.82285
2.83351
2.85598
2.89092
2.94013
2.99616
3.05606
3.12231
3.20353
3.22581
3.17377
2.87278
1.9214
1.28
1.23153
1.23184
1.23342
1.23456
1.23519
1.23589
1.23663
1.23711
1.23777
1.23918
1.2409
1.2418
1.24167
1.24084
1.23941
1.23735
1.23534
1.23432
1.23517
1.25105
1.29225
1.32474
1.3355
1.33515
1.332
1.33035
1.33011
1.33054
1.3322
1.33344
1.33637
2.75845
2.77141
2.78232
2.78611
2.78879
2.78469
2.779
2.77496
2.77188
2.76965
2.76779
2.76605
2.76611
2.76803
2.77156
2.7791
2.79095
2.79536
2.79143
2.78691
2.78241
2.77805
2.77421
2.77113
2.76897
2.76806
2.76853
2.77015
2.77301
2.7779
2.7852
2.79515
2.80634
2.81693
2.8282
2.84663
2.87687
2.91859
2.96612
3.01172
3.05692
3.10262
3.15634
3.20858
3.20077
3.13464
2.78314
1.81445
1.26564
1.23173
1.23185
1.23348
1.23489
1.23555
1.23603
1.23658
1.23719
1.23806
1.23963
1.24122
1.24184
1.2416
1.24072
1.23955
1.23806
1.23605
1.23442
1.23384
1.23595
1.25742
1.29831
1.32458
1.33146
1.33004
1.32806
1.32748
1.32783
1.3296
1.33102
1.33423
2.73834
2.75243
2.76454
2.77013
2.77416
2.77193
2.76655
2.76303
2.76064
2.75919
2.75828
2.75733
2.75801
2.76054
2.76453
2.77198
2.78372
2.78977
2.786
2.78113
2.77651
2.77193
2.76765
2.76391
2.76099
2.75918
2.75888
2.76032
2.76389
2.77069
2.78114
2.7959
2.8151
2.8393
2.87059
2.90869
2.95104
2.99224
3.0259
3.05404
3.08766
3.12739
3.15845
3.18044
3.16443
3.08381
2.68987
1.73167
1.25764
1.2321
1.23215
1.23354
1.23501
1.23589
1.23632
1.23662
1.23721
1.23838
1.24019
1.24162
1.24195
1.24152
1.24056
1.2395
1.2384
1.23695
1.23508
1.23376
1.23352
1.23755
1.26395
1.3022
1.32249
1.32682
1.32563
1.32462
1.32464
1.32636
1.32802
1.33161
2.71803
2.73308
2.74623
2.75355
2.75891
2.7585
2.75363
2.75059
2.74878
2.74803
2.74816
2.74833
2.74982
2.75282
2.75697
2.76427
2.77578
2.78309
2.77985
2.77442
2.76931
2.7642
2.75914
2.75458
2.7511
2.74926
2.75001
2.75348
2.75963
2.77016
2.78818
2.81665
2.85573
2.89902
2.94185
2.98202
3.01524
3.04053
3.05287
3.06826
3.09417
3.12196
3.13467
3.13522
3.11631
3.01968
2.59924
1.681
1.25455
1.23242
1.23265
1.23389
1.23516
1.236
1.2365
1.2368
1.2374
1.2388
1.24075
1.242
1.24213
1.24149
1.24041
1.23936
1.23847
1.23749
1.23603
1.23433
1.23328
1.23334
1.23993
1.26952
1.30353
1.31934
1.32235
1.32149
1.32112
1.32259
1.32434
1.32834
2.69644
2.71298
2.72765
2.73618
2.74269
2.74376
2.73955
2.73733
2.73625
2.7362
2.73731
2.7387
2.74104
2.74439
2.74849
2.75561
2.76706
2.77518
2.77257
2.76654
2.76025
2.7543
2.74867
2.74424
2.74175
2.74216
2.7458
2.75315
2.76597
2.78806
2.82335
2.87018
2.92165
2.96874
3.00372
3.02833
3.04512
3.05425
3.05913
3.07314
3.08775
3.0988
3.09517
3.08437
3.05005
2.93282
2.51711
1.66763
1.25696
1.23273
1.23308
1.23432
1.23545
1.23608
1.23653
1.23696
1.23779
1.23943
1.24131
1.24229
1.24225
1.24147
1.24033
1.23925
1.23841
1.23773
1.23678
1.23526
1.23374
1.23294
1.23334
1.24255
1.27333
1.30295
1.31536
1.31767
1.31752
1.31846
1.31997
1.32429
2.67009
2.69063
2.70783
2.71871
2.72594
2.72787
2.72397
2.72278
2.72284
2.72384
2.72594
2.72827
2.73123
2.73482
2.73885
2.74584
2.75747
2.76591
2.76344
2.75685
2.74937
2.74329
2.73871
2.73652
2.73715
2.74139
2.75115
2.76886
2.79776
2.83705
2.8823
2.93267
2.9808
3.0132
3.0338
3.04568
3.0489
3.04828
3.05547
3.06633
3.07138
3.06744
3.05509
3.02538
2.96374
2.82606
2.45443
1.69222
1.26515
1.23328
1.23342
1.23458
1.23575
1.2363
1.23662
1.23711
1.23826
1.24018
1.24191
1.24254
1.24231
1.24145
1.2403
1.23922
1.23835
1.23773
1.23716
1.23617
1.23462
1.23331
1.23268
1.23347
1.24499
1.27488
1.30025
1.31072
1.31324
1.314
1.31506
1.31945
2.63054
2.66372
2.68589
2.70088
2.70866
2.7113
2.70756
2.70726
2.70854
2.71077
2.71386
2.71684
2.72018
2.72404
2.7281
2.73502
2.74666
2.75486
2.75206
2.74551
2.73899
2.73508
2.73337
2.73491
2.74138
2.75514
2.77885
2.81197
2.85154
2.89315
2.93641
2.97707
3.0092
3.0302
3.04305
3.04031
3.03745
3.03462
3.04545
3.05496
3.05299
3.04127
3.00982
2.95015
2.8564
2.71851
2.42344
1.74064
1.27785
1.23396
1.23378
1.23473
1.2359
1.23651
1.23681
1.2374
1.23884
1.24094
1.24246
1.24279
1.24234
1.24139
1.24029
1.23924
1.23836
1.2377
1.23723
1.23665
1.23562
1.23411
1.23296
1.23258
1.23373
1.24614
1.27386
1.29617
1.30566
1.30847
1.30963
1.31382
2.57229
2.62594
2.65901
2.67972
2.69066
2.6941
2.6913
2.69139
2.6936
2.69697
2.7011
2.70451
2.70796
2.7121
2.71626
2.72297
2.73412
2.74209
2.74021
2.73563
2.73371
2.73277
2.73598
2.74552
2.76458
2.79293
2.82667
2.86295
2.89874
2.93189
2.96505
2.99563
3.02186
3.03299
3.03136
3.0233
3.02006
3.02159
3.0306
3.03374
3.02765
3.00175
2.9419
2.84525
2.74239
2.64813
2.42681
1.79708
1.29132
1.23456
1.23424
1.23502
1.23604
1.23663
1.23703
1.23787
1.2396
1.2417
1.24289
1.24298
1.24235
1.24132
1.24026
1.23929
1.23842
1.23771
1.23719
1.23682
1.23621
1.23514
1.2337
1.2328
1.23247
1.23382
1.24598
1.27054
1.29021
1.29937
1.30271
1.30702
2.50119
2.57015
2.61992
2.65168
2.66918
2.67512
2.67539
2.67597
2.67865
2.68255
2.6875
2.69133
2.69475
2.69907
2.7033
2.70941
2.72005
2.73004
2.73236
2.73248
2.73495
2.74058
2.7539
2.77638
2.80522
2.83756
2.86919
2.89696
2.92219
2.94731
2.97814
3.00459
3.01629
3.01545
3.00765
3.00424
3.00367
3.01004
3.01617
3.00773
2.98174
2.92185
2.82283
2.72612
2.67347
2.62885
2.45331
1.84593
1.3024
1.23505
1.23462
1.23533
1.23624
1.2368
1.23732
1.2385
1.24054
1.24247
1.24325
1.24309
1.24232
1.24126
1.24025
1.23935
1.23853
1.23778
1.23719
1.23678
1.23645
1.23584
1.23474
1.23343
1.23263
1.23248
1.23377
1.24391
1.26449
1.2822
1.2913
1.29736
2.43934
2.50016
2.56248
2.6102
2.63894
2.65267
2.65757
2.66009
2.66361
2.66789
2.67327
2.67735
2.68061
2.68493
2.68937
2.69566
2.70791
2.72293
2.73155
2.73918
2.74919
2.76595
2.78851
2.81491
2.8418
2.86718
2.89017
2.90975
2.93023
2.9526
2.97561
2.99179
2.99398
2.98921
2.9838
2.98637
2.98932
2.99509
2.99021
2.96676
2.90283
2.79259
2.7021
2.67101
2.66036
2.63452
2.48235
1.88125
1.31066
1.23555
1.23492
1.23556
1.23646
1.23706
1.23775
1.23928
1.24152
1.24315
1.24354
1.24314
1.24226
1.24122
1.24025
1.2394
1.23864
1.23791
1.23725
1.23675
1.23643
1.23613
1.23551
1.23442
1.23322
1.23265
1.23246
1.23339
1.24066
1.25642
1.27115
1.28054
2.40511
2.43969
2.49282
2.54902
2.59402
2.62004
2.63373
2.64119
2.6469
2.65226
2.65817
2.66245
2.66561
2.67016
2.67606
2.68624
2.70311
2.72306
2.74127
2.75942
2.77871
2.79995
2.82151
2.84299
2.86378
2.88025
2.89384
2.90626
2.92126
2.9412
2.95906
2.96724
2.96526
2.96525
2.96641
2.96819
2.97181
2.9635
2.93646
2.86948
2.75827
2.67601
2.66097
2.66421
2.66222
2.64877
2.50512
1.90588
1.31683
1.23604
1.23522
1.23576
1.23667
1.23742
1.23841
1.24025
1.24246
1.24368
1.24376
1.24315
1.24218
1.24117
1.24025
1.23945
1.23873
1.23805
1.23738
1.2368
1.23639
1.23615
1.23583
1.23523
1.23418
1.23315
1.23263
1.23251
1.23304
1.23703
1.24624
1.2547
2.39488
2.40898
2.43605
2.47987
2.53007
2.57094
2.59684
2.61335
2.6247
2.63334
2.64087
2.64604
2.65019
2.657
2.66779
2.68467
2.70822
2.73459
2.76165
2.78536
2.80658
2.82508
2.84059
2.85494
2.86846
2.87651
2.8837
2.89286
2.905
2.92163
2.93327
2.94077
2.94386
2.94396
2.94616
2.94472
2.93324
2.90179
2.82847
2.72161
2.65455
2.64557
2.65113
2.66367
2.66951
2.66014
2.52021
1.92346
1.32199
1.2365
1.23557
1.23599
1.23691
1.23786
1.23924
1.24137
1.24332
1.24408
1.24389
1.24312
1.24211
1.24113
1.24027
1.2395
1.23881
1.23816
1.23752
1.23692
1.23642
1.23611
1.23587
1.23555
1.23499
1.23403
1.23311
1.2327
1.23263
1.23275
1.234
1.23603
2.39256
2.40158
2.41061
2.42978
2.46412
2.50539
2.54127
2.5692
2.59015
2.60578
2.61797
2.62726
2.63614
2.6492
2.6677
2.69273
2.72348
2.75501
2.78237
2.80388
2.82106
2.83553
2.84549
2.85228
2.85919
2.86442
2.86886
2.87385
2.88224
2.89813
2.91081
2.91479
2.92003
2.92057
2.91325
2.89858
2.85896
2.77982
2.68528
2.63716
2.63165
2.63534
2.64725
2.66777
2.67669
2.66687
2.52849
1.93753
1.32712
1.23694
1.23589
1.23628
1.23728
1.23848
1.24025
1.24253
1.24406
1.24438
1.24394
1.24305
1.24205
1.24111
1.24029
1.23955
1.23888
1.23825
1.23765
1.23707
1.23653
1.23612
1.23584
1.23564
1.23531
1.2348
1.23396
1.23317
1.23279
1.23267
1.23275
1.23271
2.39148
2.39984
2.40575
2.41189
2.42357
2.44612
2.47506
2.50666
2.53735
2.56268
2.58449
2.6044
2.62457
2.64765
2.67451
2.70699
2.74072
2.77176
2.79621
2.81284
2.82329
2.83084
2.83715
2.84045
2.84163
2.8432
2.84755
2.85331
2.862
2.87102
2.88478
2.88933
2.8851
2.87946
2.86015
2.81109
2.73028
2.65414
2.62396
2.62165
2.62415
2.63008
2.64757
2.67167
2.67744
2.66624
2.5313
1.95074
1.33283
1.23741
1.2362
1.23658
1.23775
1.23931
1.24144
1.2436
1.24464
1.24459
1.24392
1.24296
1.24199
1.2411
1.24031
1.2396
1.23895
1.23833
1.23776
1.23721
1.23667
1.23621
1.23585
1.23563
1.2354
1.23511
1.23468
1.23395
1.23326
1.23286
1.2328
1.23264
2.39022
2.39877
2.40443
2.40897
2.41258
2.41809
2.4269
2.44468
2.47247
2.50445
2.53821
2.57353
2.60902
2.64438
2.67908
2.7139
2.7463
2.77322
2.79335
2.80696
2.8139
2.81652
2.81736
2.81603
2.81524
2.81778
2.82224
2.8313
2.83892
2.84342
2.84407
2.84352
2.8346
2.80835
2.75662
2.68659
2.63365
2.61648
2.61533
2.61797
2.62198
2.62978
2.64776
2.66857
2.67335
2.66214
2.53199
1.96347
1.33885
1.23798
1.23658
1.23698
1.23839
1.24039
1.24277
1.24452
1.24504
1.2447
1.24387
1.24287
1.24193
1.2411
1.24035
1.23965
1.23901
1.2384
1.23784
1.23732
1.23681
1.23635
1.23592
1.23563
1.2354
1.2352
1.23495
1.23459
1.234
1.23339
1.23305
1.23279
2.38855
2.39751
2.40329
2.40745
2.41007
2.41249
2.41105
2.41154
2.42476
2.44984
2.48584
2.52991
2.57685
2.62147
2.66165
2.69752
2.7287
2.75321
2.76984
2.78062
2.7859
2.78712
2.78729
2.78891
2.79312
2.79479
2.79436
2.79319
2.79026
2.79149
2.78723
2.77062
2.74135
2.69931
2.65479
2.62739
2.6168
2.61228
2.61469
2.61854
2.62371
2.63146
2.64511
2.66224
2.66681
2.65614
2.5312
1.97517
1.34491
1.2386
1.23703
1.23748
1.23922
1.24167
1.24405
1.24524
1.2453
1.24471
1.24378
1.24279
1.2419
1.2411
1.24038
1.2397
1.23906
1.23847
1.23791
1.2374
1.23692
1.23648
1.23604
1.23569
1.2354
1.23521
1.23502
1.23481
1.23455
1.2341
1.23361
1.23322
2.38646
2.3957
2.40159
2.40571
2.40873
2.41127
2.41001
2.40863
2.41794
2.43669
2.4655
2.50141
2.54
2.57887
2.61579
2.65113
2.68298
2.70929
2.72786
2.73882
2.74396
2.74437
2.74284
2.74338
2.74485
2.74296
2.73992
2.73312
2.72113
2.70824
2.69368
2.67457
2.65276
2.63581
2.62735
2.62166
2.61606
2.61394
2.61703
2.6211
2.62552
2.63048
2.64025
2.65536
2.65982
2.64959
2.52926
1.98526
1.35074
1.23931
1.23758
1.23819
1.24034
1.24313
1.24515
1.24575
1.24545
1.24465
1.24367
1.24273
1.24188
1.24111
1.24041
1.23975
1.23912
1.23853
1.23798
1.23748
1.23701
1.23659
1.23617
1.23579
1.23546
1.23522
1.23503
1.23486
1.2347
1.2345
1.23422
1.2339
2.38396
2.39323
2.39923
2.40397
2.40813
2.41173
2.41291
2.41827
2.43141
2.45012
2.47263
2.49749
2.52134
2.54424
2.56811
2.59482
2.62337
2.64801
2.66478
2.67471
2.67945
2.68013
2.67844
2.67744
2.67479
2.66899
2.65905
2.64604
2.63456
2.6274
2.62515
2.62645
2.62667
2.62611
2.62422
2.62217
2.61917
2.61693
2.6198
2.62268
2.62483
2.62783
2.63597
2.64938
2.65341
2.64336
2.52661
1.99329
1.35607
1.2401
1.23824
1.2391
1.24175
1.2446
1.24598
1.24606
1.24547
1.24455
1.24357
1.24268
1.24187
1.24113
1.24044
1.23979
1.23917
1.23859
1.23805
1.23755
1.23708
1.23667
1.23627
1.2359
1.23555
1.23527
1.23505
1.23487
1.23474
1.2346
1.2345
1.23435
2.38101
2.39017
2.39674
2.40313
2.40901
2.4163
2.42432
2.43675
2.45371
2.47109
2.48758
2.50221
2.5165
2.52954
2.54221
2.55767
2.57698
2.5938
2.60464
2.61126
2.61439
2.61383
2.61019
2.60709
2.60389
2.59993
2.59567
2.59324
2.59464
2.59994
2.60944
2.62001
2.62401
2.62467
2.62521
2.62521
2.62171
2.6177
2.61891
2.62066
2.62218
2.62496
2.63245
2.64442
2.64794
2.63788
2.52371
1.99924
1.36066
1.24107
1.23913
1.24032
1.2434
1.24587
1.24655
1.24621
1.24542
1.24444
1.24349
1.24264
1.24188
1.24116
1.24047
1.23983
1.23922
1.23864
1.23811
1.23761
1.23715
1.23674
1.23634
1.23599
1.23565
1.23535
1.23511
1.2349
1.23476
1.23464
1.23456
1.23445
2.37762
2.38743
2.39549
2.40388
2.41457
2.42835
2.44208
2.45831
2.47441
2.489
2.5013
2.51106
2.5187
2.52723
2.53643
2.54771
2.56108
2.57174
2.57785
2.58186
2.58296
2.58011
2.57514
2.57379
2.57495
2.57654
2.57917
2.58297
2.58841
2.59639
2.60753
2.61922
2.6241
2.62596
2.62759
2.62706
2.6227
2.6174
2.6173
2.6185
2.6198
2.6226
2.62987
2.6405
2.64357
2.63336
2.52088
2.00322
1.3644
1.24223
1.2403
1.24186
1.24507
1.24682
1.24688
1.24623
1.2453
1.24433
1.24344
1.24263
1.24188
1.24118
1.2405
1.23986
1.23926
1.23869
1.23816
1.23767
1.23721
1.2368
1.23641
1.23607
1.23573
1.23543
1.23518
1.23495
1.2348
1.23465
1.23457
1.23446
2.37468
2.38642
2.39641
2.40931
2.42734
2.44555
2.46138
2.47624
2.48899
2.50012
2.50938
2.51714
2.52307
2.52936
2.53682
2.54609
2.55777
2.56716
2.57268
2.57648
2.57796
2.57526
2.57075
2.57076
2.57304
2.57518
2.57776
2.58143
2.58715
2.596
2.60845
2.6206
2.62475
2.62678
2.62788
2.62667
2.62191
2.6162
2.61578
2.61687
2.6182
2.62095
2.62781
2.63718
2.63988
2.62952
2.51812
2.00558
1.36739
1.24365
1.24181
1.24366
1.2465
1.24742
1.24704
1.24617
1.24517
1.24424
1.2434
1.24262
1.24189
1.24119
1.24053
1.23989
1.23929
1.23873
1.2382
1.23771
1.23726
1.23685
1.23646
1.23612
1.23579
1.2355
1.23525
1.23501
1.23484
1.23468
1.23458
1.23446
2.37352
2.38788
2.40272
2.42177
2.44391
2.46348
2.47725
2.48814
2.49763
2.50577
2.51299
2.51921
2.52439
2.53033
2.53731
2.5463
2.55766
2.56671
2.57217
2.5759
2.57755
2.57542
2.57101
2.57067
2.57308
2.57546
2.57828
2.5823
2.58838
2.59742
2.61056
2.62164
2.62479
2.62673
2.62746
2.62579
2.62086
2.61532
2.61455
2.61551
2.61689
2.61962
2.6262
2.63461
2.63703
2.6265
2.51566
2.00663
1.36972
1.24533
1.24362
1.24549
1.24754
1.24774
1.24705
1.24606
1.24507
1.24418
1.24338
1.24262
1.2419
1.2412
1.24054
1.23992
1.23932
1.23876
1.23824
1.23776
1.2373
1.2369
1.23651
1.23617
1.23584
1.23556
1.23531
1.23507
1.23488
1.23471
1.2346
1.23447
2.37522
2.39432
2.41554
2.43777
2.45968
2.4778
2.48828
2.49473
2.50192
2.50807
2.51419
2.51962
2.52417
2.53016
2.53764
2.54743
2.55913
2.56826
2.57369
2.57734
2.579
2.57731
2.57292
2.57167
2.57402
2.57652
2.57944
2.58349
2.58929
2.5979
2.61074
2.6204
2.62364
2.62572
2.62633
2.62442
2.61934
2.61425
2.61361
2.61444
2.61596
2.61882
2.62524
2.6327
2.63487
2.62404
2.51326
2.00664
1.37169
1.24723
1.2456
1.24703
1.24816
1.24787
1.24697
1.24594
1.245
1.24415
1.24336
1.24262
1.2419
1.24121
1.24056
1.23994
1.23935
1.23879
1.23827
1.23779
1.23734
1.23694
1.23654
1.23621
1.23588
1.2356
1.23535
1.23512
1.23493
1.23476
1.23463
1.2345
2.38161
2.40583
2.43086
2.45291
2.47197
2.48682
2.49431
2.49747
2.50363
2.50893
2.514
2.51891
2.52372
2.53011
2.53833
2.54855
2.55995
2.56888
2.57437
2.57822
2.58026
2.57907
2.57496
2.57256
2.57451
2.57693
2.57975
2.58362
2.58905
2.59766
2.61074
2.6192
2.62256
2.62482
2.6256
2.62362
2.61828
2.61322
2.61273
2.61357
2.61526
2.61829
2.62439
2.63118
2.63323
2.62223
2.51136
2.0062
1.37345
1.24918
1.24741
1.24812
1.24847
1.24787
1.24686
1.24585
1.24495
1.24413
1.24336
1.24261
1.2419
1.24122
1.24057
1.23996
1.23937
1.23882
1.2383
1.23782
1.23737
1.23697
1.23657
1.23624
1.23591
1.23563
1.23538
1.23515
1.23497
1.2348
1.23467
1.23454
2.39103
2.4193
2.44492
2.46439
2.48002
2.49173
2.49835
2.49896
2.50405
2.50854
2.51275
2.5176
2.5234
2.53086
2.53952
2.54967
2.56063
2.56907
2.57452
2.57834
2.58068
2.5799
2.57567
2.57252
2.5742
2.57665
2.57949
2.58328
2.58839
2.59701
2.61004
2.61814
2.62185
2.62435
2.62507
2.62284
2.61761
2.61301
2.6123
2.61303
2.61477
2.61779
2.62388
2.63016
2.63216
2.6209
2.50964
2.00551
1.37518
1.25091
1.24875
1.24879
1.2486
1.24779
1.24677
1.2458
1.24493
1.24412
1.24335
1.24261
1.2419
1.24123
1.24058
1.23997
1.23939
1.23884
1.23832
1.23784
1.23739
1.23699
1.2366
1.23626
1.23593
1.23565
1.23541
1.23518
1.235
1.23484
1.23469
1.23457
2.40056
2.43105
2.45484
2.47105
2.4835
2.49299
2.49894
2.49849
2.50278
2.50676
2.51107
2.51664
2.52358
2.5321
2.5409
2.55075
2.56105
2.56918
2.57457
2.57825
2.58078
2.58024
2.57577
2.5722
2.57376
2.57639
2.5793
2.58286
2.5879
2.59689
2.60963
2.61761
2.62156
2.62432
2.62508
2.62264
2.61733
2.61325
2.61241
2.61287
2.61488
2.6181
2.62415
2.62982
2.63176
2.62038
2.50874
2.0049
1.37657
1.25217
1.24957
1.2491
1.24859
1.24771
1.24671
1.24577
1.24491
1.24411
1.24334
1.24261
1.2419
1.24123
1.24059
1.23998
1.2394
1.23885
1.23833
1.23786
1.2374
1.237
1.23661
1.23627
1.23594
1.23566
1.23541
1.23519
1.23501
1.23485
1.2347
1.23459
2.40691
2.43864
2.46203
2.47707
2.48992
2.49717
2.50106
2.49915
2.5021
2.50576
2.51019
2.51606
2.52374
2.53294
2.54194
2.55166
2.56129
2.56919
2.57456
2.57816
2.5808
2.58041
2.57594
2.57196
2.57314
2.57581
2.57859
2.58201
2.58708
2.59638
2.60916
2.61667
2.62073
2.62359
2.62439
2.6222
2.61707
2.613
2.61197
2.61212
2.61368
2.61665
2.62252
2.62855
2.63075
2.61941
2.50762
2.00481
1.37785
1.25293
1.24999
1.2492
1.24856
1.24765
1.24668
1.24576
1.24491
1.24411
1.24334
1.24261
1.2419
1.24123
1.2406
1.23999
1.23941
1.23886
1.23834
1.23786
1.23741
1.23701
1.23662
1.23629
1.23596
1.23568
1.23543
1.23519
1.23501
1.23485
1.23471
1.23459
)
;

boundaryField
{
    inlet
    {
        type            fixedValue;
        value           uniform 1;
    }
    outlet
    {
        type            zeroGradient;
    }
    bottom
    {
        type            symmetryPlane;
    }
    top
    {
        type            symmetryPlane;
    }
    obstacle
    {
        type            zeroGradient;
    }
    defaultFaces
    {
        type            empty;
    }
}


// ************************************************************************* //
