/*--------------------------------*- C++ -*----------------------------------*\
| =========                 |                                                 |
| \\      /  F ield         | OpenFOAM: The Open Source CFD Toolbox           |
|  \\    /   O peration     | Version:  v1912                                 |
|   \\  /    A nd           | Website:  www.openfoam.com                      |
|    \\/     M anipulation  |                                                 |
\*---------------------------------------------------------------------------*/
FoamFile
{
    version     2.0;
    format      ascii;
    class       volScalarField;
    location    "0.12";
    object      rho;
}
// * * * * * * * * * * * * * * * * * * * * * * * * * * * * * * * * * * * * * //

dimensions      [1 -3 0 0 0 0 0];


internalField   nonuniform List<scalar> 
4800
(
0.140001
0.140001
0.140001
0.140001
0.140001
0.140001
0.140001
0.140001
0.140001
0.140001
0.140001
0.140001
0.146518
0.23113
0.252339
0.25262
0.253509
0.25988
0.272132
0.279316
0.281732
0.283284
0.284965
0.286779
0.288682
0.290666
0.292699
0.294762
0.296796
0.298661
0.300114
0.301101
0.301967
0.303507
0.306052
0.309628
0.313511
0.318031
0.323062
0.3263
0.140001
0.140001
0.140001
0.140001
0.140001
0.140001
0.140001
0.140001
0.140001
0.140001
0.140001
0.140001
0.146508
0.231111
0.252332
0.252614
0.253487
0.259757
0.271968
0.279218
0.281676
0.283241
0.284925
0.286726
0.288637
0.290632
0.29266
0.2947
0.296701
0.298527
0.299961
0.300968
0.301904
0.30349
0.306044
0.309474
0.31323
0.316995
0.321411
0.324624
0.140001
0.140001
0.140001
0.140001
0.140001
0.140001
0.140001
0.140001
0.140001
0.140001
0.140001
0.140001
0.146486
0.231078
0.252321
0.252606
0.253435
0.259509
0.271679
0.279081
0.281601
0.283169
0.284844
0.286627
0.288548
0.290556
0.292568
0.294567
0.296515
0.298291
0.299714
0.300773
0.301822
0.303457
0.305965
0.309134
0.31259
0.315707
0.319235
0.322247
0.140001
0.140001
0.140001
0.140001
0.140001
0.140001
0.140001
0.140001
0.140001
0.140001
0.140001
0.140001
0.146453
0.23103
0.252304
0.252595
0.253359
0.259141
0.271253
0.278882
0.281502
0.283074
0.284729
0.28649
0.288421
0.290439
0.292425
0.294367
0.296248
0.297966
0.29939
0.300534
0.30174
0.303427
0.30585
0.308696
0.31175
0.314394
0.317006
0.319499
0.140001
0.140001
0.140001
0.140001
0.140001
0.140001
0.140001
0.140001
0.140001
0.140001
0.140001
0.140001
0.146409
0.230966
0.252283
0.252584
0.253264
0.258661
0.270676
0.278613
0.281376
0.282952
0.284578
0.286319
0.288252
0.29027
0.292221
0.294097
0.295906
0.297574
0.29902
0.300283
0.301666
0.303404
0.305709
0.308218
0.310775
0.313028
0.315042
0.31708
0.140001
0.140001
0.140001
0.140001
0.140001
0.140001
0.140001
0.140001
0.140001
0.140001
0.140001
0.140001
0.146356
0.230887
0.252256
0.252572
0.253155
0.258087
0.269942
0.278264
0.281215
0.282801
0.284397
0.286118
0.288039
0.290042
0.291951
0.293762
0.295508
0.297145
0.298645
0.300052
0.3016
0.303378
0.305543
0.307715
0.309751
0.311639
0.313322
0.315049
0.140001
0.140001
0.140001
0.140001
0.140001
0.140001
0.140001
0.140001
0.140001
0.140001
0.140001
0.140001
0.146292
0.230795
0.252225
0.25256
0.253036
0.25744
0.269046
0.277826
0.281011
0.282616
0.284188
0.285891
0.287785
0.289755
0.291619
0.293373
0.295075
0.296718
0.298304
0.299864
0.301531
0.303331
0.305343
0.307181
0.30875
0.310283
0.311752
0.313311
0.140001
0.140001
0.140001
0.140001
0.140001
0.140001
0.140001
0.140001
0.140001
0.140001
0.140001
0.140001
0.146221
0.230691
0.252188
0.252543
0.252918
0.256747
0.267982
0.277281
0.280759
0.282399
0.283951
0.285636
0.287491
0.289414
0.291229
0.292942
0.294633
0.296327
0.298034
0.299726
0.301444
0.303232
0.305087
0.306615
0.307807
0.309025
0.310309
0.31174
0.140001
0.140001
0.140001
0.140001
0.140001
0.140001
0.140001
0.140001
0.140001
0.140001
0.140001
0.140001
0.146142
0.230579
0.252147
0.252514
0.252812
0.256039
0.266751
0.276609
0.280455
0.282154
0.283691
0.285349
0.287153
0.28902
0.290791
0.292486
0.294206
0.296004
0.297857
0.299631
0.301316
0.303048
0.304752
0.306022
0.306942
0.307901
0.308995
0.310275
0.140001
0.140001
0.140001
0.140001
0.140001
0.140001
0.140001
0.140001
0.140001
0.140001
0.140001
0.140001
0.146062
0.230453
0.252101
0.252482
0.25271
0.255344
0.265367
0.275786
0.280095
0.281885
0.283404
0.285021
0.286767
0.288579
0.29032
0.292027
0.293819
0.295771
0.297771
0.299559
0.301131
0.302756
0.304313
0.305406
0.306157
0.30692
0.307824
0.308913
0.140001
0.140001
0.140001
0.140001
0.140001
0.140001
0.140001
0.140001
0.140001
0.140001
0.140001
0.140001
0.145979
0.230317
0.252048
0.252449
0.252617
0.25469
0.263849
0.274779
0.279668
0.281597
0.283086
0.284642
0.286335
0.288101
0.289835
0.29159
0.2935
0.295636
0.297748
0.299488
0.30089
0.302358
0.303768
0.304756
0.305424
0.306056
0.306787
0.307672
0.140001
0.140001
0.140001
0.140001
0.140001
0.140001
0.140001
0.140001
0.140001
0.140001
0.140001
0.140001
0.145894
0.230171
0.251984
0.252412
0.252538
0.254105
0.262233
0.27355
0.279154
0.281283
0.282733
0.284221
0.285865
0.287598
0.289357
0.291201
0.293272
0.295586
0.297749
0.299389
0.300596
0.301882
0.303138
0.304052
0.304686
0.305243
0.305842
0.306562
0.140001
0.140001
0.140001
0.140001
0.140001
0.140001
0.140001
0.140001
0.140001
0.140001
0.140001
0.140001
0.145809
0.230015
0.251906
0.252369
0.25248
0.253603
0.260568
0.272074
0.278525
0.280929
0.282352
0.283772
0.285367
0.28708
0.288903
0.29088
0.293145
0.295582
0.297732
0.299237
0.300254
0.301365
0.302464
0.303291
0.303889
0.3044
0.304932
0.30559
0.140001
0.140001
0.140001
0.140001
0.140001
0.140001
0.140001
0.140001
0.140001
0.140001
0.140001
0.140001
0.145727
0.22985
0.251812
0.252318
0.252442
0.253189
0.25892
0.270344
0.277749
0.280525
0.281955
0.28331
0.284846
0.286556
0.288487
0.290643
0.293104
0.295602
0.297671
0.299011
0.299865
0.300833
0.301782
0.30249
0.303011
0.303477
0.304029
0.304808
0.140001
0.140001
0.140001
0.140001
0.140001
0.140001
0.140001
0.140001
0.140001
0.140001
0.140001
0.140001
0.145653
0.229677
0.251705
0.252259
0.252414
0.252863
0.257365
0.26837
0.27679
0.280064
0.281549
0.282837
0.284307
0.286038
0.288121
0.290492
0.293118
0.295609
0.297552
0.298708
0.299425
0.300287
0.301103
0.301671
0.302078
0.302505
0.303189
0.304298
0.140001
0.140001
0.140001
0.140001
0.140001
0.140001
0.140001
0.140001
0.140001
0.140001
0.140001
0.140001
0.145587
0.229503
0.251586
0.252189
0.252383
0.252624
0.255974
0.266186
0.2756
0.279531
0.281122
0.282345
0.283756
0.285548
0.287821
0.290418
0.293157
0.2956
0.297369
0.298332
0.298928
0.299706
0.30041
0.300842
0.301154
0.301608
0.302573
0.304134
0.140001
0.140001
0.140001
0.140001
0.140001
0.140001
0.140001
0.140001
0.140001
0.140001
0.140001
0.140001
0.145528
0.22933
0.251454
0.252104
0.252345
0.25245
0.254808
0.263858
0.274126
0.278885
0.280653
0.281824
0.283207
0.285113
0.287604
0.290396
0.293187
0.295538
0.297128
0.297903
0.298376
0.299065
0.299672
0.300015
0.300338
0.301001
0.30235
0.304714
0.140001
0.140001
0.140001
0.140001
0.140001
0.140001
0.140001
0.140001
0.140001
0.140001
0.140001
0.140001
0.145479
0.229163
0.251309
0.252001
0.2523
0.252318
0.253893
0.261493
0.272312
0.278079
0.280131
0.281279
0.28268
0.284756
0.287473
0.290401
0.29318
0.295406
0.29683
0.297434
0.297771
0.298349
0.298871
0.299228
0.299762
0.300813
0.302882
0.306334
0.140001
0.140001
0.140001
0.140001
0.140001
0.140001
0.140001
0.140001
0.140001
0.140001
0.140001
0.140001
0.145441
0.229006
0.251156
0.251874
0.252244
0.252217
0.253216
0.259221
0.270126
0.27705
0.279556
0.280736
0.282201
0.284485
0.287415
0.29041
0.293118
0.295204
0.296483
0.296932
0.29712
0.297567
0.298036
0.298592
0.299518
0.301304
0.304587
0.308913
0.140001
0.140001
0.140001
0.140001
0.140001
0.140001
0.140001
0.140001
0.140001
0.140001
0.140001
0.140001
0.145416
0.228863
0.250999
0.251723
0.252163
0.25214
0.252745
0.257181
0.267589
0.275723
0.278919
0.280231
0.281796
0.284292
0.287396
0.290404
0.292989
0.294923
0.296069
0.296373
0.296424
0.296758
0.297299
0.298279
0.299764
0.302922
0.307254
0.311602
0.140001
0.140001
0.140001
0.140001
0.140001
0.140001
0.140001
0.140001
0.140001
0.140001
0.140001
0.140001
0.145404
0.22874
0.250838
0.25155
0.25205
0.252077
0.252438
0.255491
0.2648
0.274031
0.278178
0.279768
0.281471
0.284163
0.287379
0.290358
0.292798
0.294573
0.295577
0.29574
0.295689
0.29601
0.296855
0.298317
0.301193
0.305451
0.310036
0.313632
0.140001
0.140001
0.140001
0.140001
0.140001
0.140001
0.140001
0.140001
0.140001
0.140001
0.140001
0.140001
0.145403
0.228641
0.25067
0.251355
0.251908
0.252013
0.252247
0.25421
0.261931
0.271914
0.277256
0.27932
0.281212
0.284082
0.287352
0.290256
0.292542
0.294151
0.294997
0.295034
0.294939
0.295466
0.29676
0.299373
0.303639
0.308344
0.312205
0.314791
0.140001
0.140001
0.140001
0.140001
0.140001
0.140001
0.140001
0.140001
0.140001
0.140001
0.140001
0.140001
0.145411
0.228564
0.250498
0.251141
0.251746
0.251934
0.252122
0.253327
0.259205
0.269334
0.276058
0.278877
0.281027
0.284044
0.287315
0.290105
0.29223
0.293651
0.294336
0.294275
0.294299
0.295247
0.297512
0.301671
0.306666
0.310691
0.313538
0.315385
0.140001
0.140001
0.140001
0.140001
0.140001
0.140001
0.140001
0.140001
0.140001
0.140001
0.140001
0.140001
0.14543
0.228504
0.250328
0.250915
0.251566
0.251831
0.252031
0.252763
0.256831
0.266325
0.274502
0.278422
0.280903
0.284024
0.287248
0.2899
0.291854
0.293084
0.293618
0.293521
0.293929
0.295563
0.299508
0.304765
0.309255
0.312227
0.314182
0.315712
0.140001
0.140001
0.140001
0.140001
0.140001
0.140001
0.140001
0.140001
0.140001
0.140001
0.140001
0.140001
0.145457
0.22846
0.250172
0.250693
0.251373
0.251705
0.251955
0.252416
0.254963
0.263077
0.27251
0.27785
0.280813
0.284013
0.287135
0.289623
0.29139
0.29244
0.292865
0.292947
0.29386
0.297082
0.302405
0.307664
0.310993
0.313084
0.314569
0.315899
0.140001
0.140001
0.140001
0.140001
0.140001
0.140001
0.140001
0.140001
0.140001
0.140001
0.140001
0.140001
0.14549
0.228425
0.250028
0.250481
0.251172
0.25156
0.251877
0.252204
0.25365
0.259902
0.269989
0.277008
0.280749
0.284006
0.286956
0.289254
0.290821
0.291718
0.29213
0.292728
0.294854
0.299638
0.305542
0.309824
0.312051
0.313576
0.314771
0.316008
0.140001
0.140001
0.140001
0.140001
0.140001
0.140001
0.140001
0.140001
0.140001
0.140001
0.140001
0.140001
0.145528
0.228394
0.249892
0.250283
0.250959
0.251391
0.251777
0.252052
0.252822
0.257121
0.266945
0.275818
0.280675
0.283957
0.286684
0.288773
0.290147
0.290971
0.291584
0.293013
0.297013
0.302829
0.308109
0.311146
0.312633
0.313887
0.314965
0.316133
0.140001
0.140001
0.140001
0.140001
0.140001
0.140001
0.140001
0.140001
0.140001
0.140001
0.140001
0.140001
0.145568
0.228367
0.24977
0.250103
0.250732
0.2512
0.251647
0.251931
0.252341
0.25497
0.263616
0.274179
0.280455
0.283838
0.286302
0.288169
0.289408
0.29026
0.291406
0.294564
0.300011
0.305767
0.309783
0.311857
0.313041
0.314124
0.315114
0.316215
0.140001
0.140001
0.140001
0.140001
0.140001
0.140001
0.140001
0.140001
0.140001
0.140001
0.140001
0.140001
0.145608
0.228349
0.249672
0.249944
0.250487
0.250979
0.251484
0.251819
0.252076
0.253538
0.260406
0.271963
0.279894
0.283615
0.28582
0.287452
0.288655
0.289714
0.292016
0.297142
0.303259
0.308028
0.310783
0.312151
0.313289
0.314304
0.315283
0.316343
0.140001
0.140001
0.140001
0.140001
0.140001
0.140001
0.140001
0.140001
0.140001
0.140001
0.140001
0.140001
0.145646
0.228337
0.249594
0.249806
0.250236
0.250724
0.251281
0.251703
0.251917
0.25274
0.257695
0.269126
0.278861
0.28322
0.285245
0.286685
0.287933
0.289566
0.293847
0.300399
0.306064
0.309445
0.31136
0.312381
0.313428
0.31441
0.315385
0.316444
0.140001
0.140001
0.140001
0.140001
0.140001
0.140001
0.140001
0.140001
0.140001
0.140001
0.140001
0.140001
0.14568
0.228336
0.249536
0.24969
0.249985
0.250435
0.251042
0.251566
0.251834
0.2524
0.255732
0.265896
0.277188
0.282558
0.28456
0.285916
0.287304
0.290336
0.296635
0.303529
0.308077
0.310322
0.311658
0.312556
0.313548
0.314504
0.315467
0.316519
0.140001
0.140001
0.140001
0.140001
0.140001
0.140001
0.140001
0.140001
0.140001
0.140001
0.140001
0.140001
0.145709
0.228345
0.249502
0.249598
0.249742
0.250119
0.250765
0.251402
0.251793
0.252359
0.254616
0.262715
0.274732
0.281464
0.28375
0.285187
0.287174
0.292203
0.300008
0.3061
0.309194
0.310842
0.311893
0.312776
0.313699
0.314595
0.315507
0.316535
0.140001
0.140001
0.140001
0.140001
0.140001
0.140001
0.140001
0.140001
0.140001
0.140001
0.140001
0.140001
0.145734
0.228361
0.249489
0.249516
0.249517
0.249794
0.250451
0.251216
0.25178
0.252482
0.254187
0.260076
0.271545
0.279753
0.282822
0.284602
0.287744
0.295021
0.303224
0.307959
0.309767
0.31103
0.312077
0.313035
0.313916
0.314752
0.315575
0.316519
0.140001
0.140001
0.140001
0.140001
0.140001
0.140001
0.140001
0.140001
0.140001
0.140001
0.140001
0.140001
0.145755
0.228384
0.249487
0.249441
0.249327
0.249474
0.250109
0.251007
0.25181
0.25273
0.254136
0.258223
0.267927
0.277251
0.281777
0.284313
0.289405
0.298372
0.305877
0.309139
0.310055
0.311106
0.312201
0.313198
0.314105
0.314925
0.315704
0.316566
0.140001
0.140001
0.140001
0.140001
0.140001
0.140001
0.140001
0.140001
0.140001
0.140001
0.140001
0.140001
0.145773
0.228411
0.249492
0.249377
0.249173
0.24917
0.24976
0.250784
0.251869
0.25304
0.25431
0.257097
0.264349
0.273973
0.280429
0.284665
0.292134
0.301493
0.307739
0.309956
0.310291
0.311156
0.312261
0.313284
0.31422
0.315052
0.315828
0.316651
0.140001
0.140001
0.140001
0.140001
0.140001
0.140001
0.140001
0.140001
0.140001
0.140001
0.140001
0.140001
0.145788
0.228438
0.249503
0.249331
0.249048
0.248898
0.249425
0.250562
0.251949
0.253389
0.254621
0.25653
0.261341
0.270169
0.278566
0.285711
0.295395
0.304082
0.308838
0.310385
0.310727
0.311304
0.312302
0.313289
0.314223
0.315095
0.315926
0.316772
0.140001
0.140001
0.140001
0.140001
0.140001
0.140001
0.140001
0.140001
0.140001
0.140001
0.140001
0.140001
0.1458
0.228461
0.249516
0.249304
0.248948
0.248676
0.249125
0.250351
0.252037
0.253736
0.254975
0.256323
0.259207
0.266248
0.276229
0.287304
0.298662
0.306101
0.309473
0.310571
0.311015
0.311489
0.312357
0.313299
0.314224
0.315117
0.315975
0.316845
0.140001
0.140001
0.140001
0.140001
0.140001
0.140001
0.140001
0.140001
0.140001
0.140001
0.140001
0.140001
0.145809
0.228478
0.249526
0.249294
0.248873
0.248509
0.248883
0.250172
0.252117
0.254029
0.255303
0.256289
0.257903
0.262825
0.273725
0.289044
0.301382
0.307593
0.309853
0.310671
0.311148
0.311632
0.312425
0.313327
0.314215
0.31509
0.31596
0.316875
0.140001
0.140001
0.140001
0.140001
0.140001
0.140001
0.140001
0.140001
0.140001
0.140001
0.140001
0.140001
0.145815
0.22849
0.249534
0.249293
0.248815
0.248391
0.248716
0.250042
0.252164
0.254241
0.255557
0.256358
0.25723
0.260448
0.271535
0.290391
0.303296
0.308316
0.30995
0.310681
0.311111
0.311598
0.312413
0.313299
0.314155
0.315001
0.315874
0.316824
0.140001
0.140001
0.140001
0.140001
0.140001
0.140001
0.140001
0.140001
0.140001
0.140001
0.140001
0.140001
0.145817
0.228497
0.249539
0.249295
0.248789
0.248331
0.248624
0.249953
0.252166
0.254347
0.2557
0.256436
0.257009
0.259316
0.27006
0.290772
0.304323
0.308989
0.310368
0.311003
0.311382
0.311793
0.312555
0.313426
0.314273
0.315107
0.315961
0.316901
0.337555
0.330682
0.32718
0.324064
0.321062
0.318512
0.316623
0.31521
0.314135
0.313309
0.312729
0.312437
0.312487
0.313175
0.314691
0.316434
0.318145
0.321409
0.325363
0.329233
0.332504
0.3353
0.337443
0.339176
0.340705
0.342335
0.344495
0.346966
0.348659
0.349211
0.349549
0.34975
0.349767
0.349624
0.349363
0.349105
0.348809
0.348482
0.348595
0.349901
0.352441
0.35412
0.354492
0.354654
0.354933
0.355327
0.355813
0.356176
0.356167
0.355868
0.355408
0.355013
0.354947
0.355766
0.358263
0.361048
0.361785
0.361488
0.36173
0.364667
0.374422
0.38641
0.394517
0.397996
0.398282
0.397713
0.397341
0.397956
0.399807
0.402611
0.405049
0.405727
0.404943
0.403456
0.401883
0.400606
0.399462
0.39883
0.397883
0.397645
0.327125
0.322244
0.321554
0.320224
0.31868
0.317015
0.315563
0.314417
0.313531
0.312853
0.312419
0.312303
0.312569
0.313459
0.315265
0.317367
0.319841
0.323068
0.326323
0.329689
0.332742
0.335318
0.33731
0.339116
0.340877
0.342826
0.345116
0.347451
0.348819
0.349255
0.349556
0.349691
0.349671
0.349555
0.349409
0.349248
0.349023
0.348847
0.349157
0.350454
0.352706
0.354226
0.354519
0.354645
0.354872
0.355187
0.355578
0.355859
0.355869
0.355649
0.355302
0.355049
0.355372
0.356759
0.359301
0.361337
0.361614
0.361245
0.362228
0.367272
0.377373
0.388085
0.395
0.397764
0.397556
0.396981
0.396676
0.397345
0.39955
0.403057
0.405742
0.406494
0.405826
0.404554
0.402863
0.401143
0.399916
0.399266
0.398418
0.398181
0.324434
0.322232
0.321731
0.32026
0.31854
0.316928
0.315592
0.314509
0.313646
0.313048
0.31281
0.312836
0.313474
0.315108
0.317682
0.320168
0.322411
0.324469
0.326502
0.329101
0.331956
0.334622
0.336811
0.338838
0.340884
0.343099
0.345508
0.347791
0.348972
0.349352
0.34957
0.349625
0.349614
0.34956
0.349529
0.34944
0.349263
0.349166
0.349515
0.350736
0.352826
0.354258
0.354541
0.354674
0.354947
0.355336
0.355659
0.355748
0.355681
0.355524
0.355366
0.355437
0.356027
0.357447
0.359829
0.361705
0.362076
0.36231
0.364985
0.371434
0.379496
0.387722
0.39402
0.396868
0.396991
0.396475
0.396193
0.39717
0.399692
0.403536
0.40642
0.406991
0.40635
0.405307
0.404144
0.402795
0.40136
0.400288
0.399234
0.398961
0.321245
0.320626
0.320485
0.319313
0.317846
0.316412
0.3152
0.314204
0.313474
0.313137
0.313059
0.313562
0.314877
0.317492
0.320608
0.322927
0.324418
0.325361
0.326292
0.3281
0.330566
0.333437
0.33604
0.338346
0.340638
0.343027
0.345612
0.347842
0.348913
0.349272
0.349412
0.349409
0.34945
0.349552
0.34965
0.349641
0.349563
0.349539
0.349876
0.350969
0.352863
0.354251
0.354551
0.354675
0.354932
0.355261
0.355471
0.355497
0.355451
0.355415
0.355541
0.35602
0.356799
0.358104
0.360245
0.362218
0.36276
0.364408
0.369458
0.375752
0.380973
0.38662
0.392055
0.395572
0.396519
0.396224
0.396285
0.39748
0.400089
0.403997
0.407017
0.407628
0.407015
0.406098
0.405164
0.404152
0.40319
0.402427
0.401338
0.400787
0.318866
0.318965
0.319072
0.318128
0.316853
0.315588
0.314544
0.31374
0.313343
0.313251
0.313644
0.31495
0.317304
0.320652
0.323696
0.325429
0.326088
0.326223
0.326387
0.32739
0.329255
0.332011
0.334938
0.337574
0.3402
0.342903
0.345739
0.348046
0.349045
0.349376
0.349443
0.349402
0.349523
0.349753
0.349938
0.350021
0.35002
0.350032
0.350358
0.351386
0.353106
0.354414
0.354635
0.354682
0.35487
0.355104
0.355284
0.355396
0.355465
0.355582
0.355988
0.356635
0.357371
0.358484
0.360492
0.362696
0.364243
0.368489
0.374934
0.379353
0.381923
0.385263
0.389818
0.393966
0.396004
0.396293
0.396637
0.39783
0.400245
0.404017
0.407152
0.407797
0.407223
0.406335
0.405488
0.404838
0.404422
0.40421
0.403598
0.40344
0.31675
0.317198
0.317377
0.316702
0.315689
0.314643
0.313836
0.313389
0.313336
0.31374
0.315011
0.317153
0.320226
0.323624
0.326075
0.326981
0.327015
0.32665
0.326593
0.327066
0.328317
0.330558
0.33346
0.336338
0.339254
0.342314
0.345447
0.347854
0.34882
0.349176
0.349193
0.349196
0.349474
0.349834
0.350133
0.350325
0.350413
0.350485
0.350822
0.351794
0.353307
0.354458
0.35461
0.354549
0.354623
0.354768
0.35496
0.355203
0.355455
0.355779
0.356395
0.357097
0.357674
0.358633
0.360749
0.363526
0.367246
0.373927
0.379407
0.381344
0.38219
0.383876
0.387683
0.392327
0.395353
0.396429
0.39696
0.398058
0.400236
0.403798
0.406802
0.407308
0.406751
0.406001
0.405412
0.40523
0.40532
0.405423
0.404993
0.404905
0.314959
0.315614
0.315815
0.315275
0.314433
0.313631
0.313233
0.313252
0.313829
0.315108
0.317227
0.319891
0.322943
0.325768
0.327558
0.327895
0.327632
0.327195
0.327059
0.327248
0.32801
0.329458
0.331773
0.334603
0.337684
0.3411
0.344628
0.34729
0.348422
0.348877
0.34898
0.349066
0.349415
0.349868
0.350281
0.350586
0.350773
0.350921
0.351271
0.352186
0.353522
0.354469
0.35456
0.354377
0.354306
0.354392
0.354621
0.35501
0.355478
0.355986
0.356667
0.357266
0.357659
0.358639
0.36114
0.365343
0.372133
0.379098
0.382121
0.382333
0.382069
0.382749
0.385828
0.39058
0.394235
0.396067
0.396909
0.398034
0.400031
0.403173
0.405839
0.406268
0.405843
0.405402
0.405243
0.405407
0.405707
0.40584
0.405334
0.405155
0.313309
0.314011
0.31421
0.313782
0.313149
0.312756
0.312905
0.313641
0.315085
0.31723
0.319792
0.322362
0.324852
0.327071
0.328398
0.328472
0.328142
0.327832
0.327695
0.327718
0.328083
0.328859
0.330295
0.332633
0.335659
0.339346
0.343292
0.346309
0.347774
0.348427
0.348691
0.348892
0.349303
0.349851
0.350376
0.350794
0.351084
0.351321
0.351694
0.352545
0.353732
0.354467
0.354428
0.354104
0.353914
0.353918
0.354188
0.35474
0.355462
0.356157
0.356749
0.357074
0.357466
0.35877
0.362355
0.369091
0.377531
0.382557
0.383295
0.382544
0.38192
0.382076
0.384122
0.388471
0.392373
0.394783
0.396078
0.397377
0.399295
0.401853
0.404215
0.405132
0.405182
0.405128
0.405118
0.405236
0.405453
0.405595
0.405199
0.404995
0.31172
0.312399
0.312638
0.312375
0.312052
0.312235
0.313082
0.314789
0.317093
0.319707
0.322051
0.324071
0.325929
0.327763
0.328842
0.328881
0.328664
0.328484
0.328365
0.328309
0.328354
0.328679
0.329399
0.330916
0.333501
0.337111
0.341384
0.344848
0.346801
0.347813
0.348326
0.348675
0.349142
0.34977
0.350394
0.350907
0.351303
0.351633
0.352045
0.352831
0.353866
0.354399
0.354177
0.353707
0.353412
0.353359
0.353712
0.354468
0.355419
0.356189
0.356481
0.356633
0.357286
0.359448
0.365247
0.374276
0.381769
0.383993
0.383797
0.382765
0.381754
0.38142
0.382424
0.385834
0.389567
0.392407
0.394329
0.396236
0.398565
0.401033
0.403422
0.404771
0.405139
0.405223
0.405005
0.404852
0.404832
0.404859
0.404609
0.404508
0.310159
0.310773
0.311119
0.311094
0.311278
0.31213
0.313994
0.316564
0.319423
0.321825
0.323574
0.324991
0.326454
0.32808
0.329112
0.329274
0.329202
0.329104
0.329007
0.32891
0.32878
0.328799
0.329119
0.329892
0.331676
0.33472
0.338974
0.342871
0.345423
0.346947
0.347821
0.348389
0.348939
0.349604
0.350293
0.350877
0.351364
0.351777
0.352245
0.352975
0.353878
0.354221
0.353797
0.353222
0.352867
0.352838
0.353325
0.354276
0.35529
0.355857
0.355942
0.356205
0.357516
0.361597
0.370001
0.379181
0.383732
0.384698
0.38418
0.382742
0.381306
0.380457
0.38057
0.382724
0.38624
0.389922
0.39295
0.395638
0.398485
0.401207
0.40354
0.404956
0.405381
0.405407
0.405194
0.404661
0.403929
0.403797
0.403704
0.403917
0.308693
0.309283
0.30979
0.31014
0.310987
0.312736
0.315565
0.318688
0.321341
0.323129
0.324375
0.325445
0.326722
0.328271
0.329387
0.329673
0.329695
0.329656
0.329599
0.32951
0.329344
0.329181
0.329233
0.329602
0.330556
0.332685
0.336309
0.340346
0.343496
0.345667
0.347059
0.347979
0.348692
0.349404
0.350118
0.350722
0.351263
0.351758
0.352285
0.352975
0.353773
0.353955
0.353383
0.352789
0.352465
0.352535
0.353127
0.354064
0.354877
0.355186
0.355394
0.356093
0.35898
0.365873
0.375322
0.382089
0.384805
0.384989
0.383985
0.382297
0.380576
0.379199
0.378598
0.379988
0.383671
0.388258
0.392167
0.395339
0.398464
0.401504
0.403993
0.405539
0.405883
0.405716
0.405366
0.404278
0.40284
0.402701
0.403057
0.403767
0.307448
0.308113
0.308863
0.309698
0.311293
0.314237
0.317525
0.320365
0.322452
0.323775
0.32476
0.325687
0.326889
0.32846
0.329684
0.330044
0.33011
0.330119
0.3301
0.330043
0.329921
0.329716
0.329565
0.329684
0.330169
0.331461
0.334051
0.33766
0.341018
0.343803
0.345853
0.347286
0.348304
0.349125
0.349872
0.350485
0.351039
0.351588
0.352142
0.352778
0.353463
0.353669
0.35311
0.352583
0.352366
0.352523
0.353045
0.353679
0.354128
0.354432
0.355123
0.357076
0.362587
0.371504
0.379329
0.383443
0.384967
0.384557
0.383176
0.381352
0.379468
0.377872
0.377014
0.378096
0.381746
0.386848
0.391433
0.394905
0.398112
0.401292
0.404042
0.405764
0.406132
0.40584
0.405157
0.403921
0.402966
0.40278
0.403043
0.403917
0.306539
0.30747
0.308502
0.309934
0.312818
0.316131
0.319045
0.321318
0.32288
0.32402
0.324954
0.325892
0.327095
0.328673
0.329953
0.330367
0.330466
0.330535
0.330576
0.330572
0.330504
0.330328
0.33009
0.329976
0.330219
0.330983
0.332646
0.335381
0.338321
0.34135
0.344045
0.346137
0.347643
0.348716
0.34957
0.350219
0.350751
0.351304
0.351851
0.352431
0.353064
0.353423
0.352988
0.352552
0.352432
0.352584
0.352838
0.353004
0.353221
0.353906
0.355657
0.360019
0.368096
0.376479
0.381352
0.383644
0.384455
0.383527
0.381916
0.380009
0.378262
0.376776
0.376076
0.376882
0.380109
0.385239
0.390325
0.394158
0.397451
0.400519
0.403094
0.40474
0.40526
0.404896
0.404161
0.403726
0.403514
0.403628
0.404002
0.404913
0.306047
0.307348
0.308899
0.311671
0.314872
0.317679
0.319862
0.321586
0.322939
0.324032
0.325013
0.326017
0.32727
0.328858
0.330196
0.330653
0.330777
0.33088
0.33097
0.331007
0.330979
0.330847
0.330613
0.330396
0.330419
0.330904
0.332058
0.333956
0.336163
0.33868
0.341577
0.344287
0.346431
0.347949
0.349057
0.349857
0.350394
0.350906
0.351416
0.351977
0.352685
0.353272
0.353098
0.352697
0.352532
0.352501
0.352296
0.352087
0.352502
0.354166
0.357819
0.365173
0.373766
0.379616
0.381962
0.383032
0.383256
0.382092
0.380472
0.378699
0.377259
0.376098
0.375495
0.375997
0.378604
0.38333
0.388642
0.392782
0.395995
0.398473
0.400416
0.401935
0.402818
0.403159
0.403409
0.40377
0.403964
0.404419
0.404956
0.40577
0.305955
0.307978
0.310837
0.314038
0.316667
0.318496
0.320097
0.321476
0.322758
0.323872
0.324914
0.32602
0.32736
0.328997
0.330397
0.33091
0.33105
0.331165
0.331281
0.331349
0.331349
0.331258
0.331074
0.330846
0.330721
0.330991
0.331927
0.333406
0.335006
0.336567
0.338866
0.341704
0.344442
0.346604
0.348175
0.349301
0.349967
0.350438
0.350934
0.35152
0.352339
0.353154
0.353216
0.352817
0.352442
0.352017
0.351436
0.35133
0.352457
0.355752
0.362379
0.371232
0.37799
0.380924
0.381526
0.381693
0.381608
0.380539
0.379183
0.377803
0.376631
0.375564
0.374976
0.375243
0.377143
0.381137
0.38632
0.390452
0.393219
0.394905
0.396777
0.398916
0.400658
0.401828
0.402657
0.403287
0.403803
0.404533
0.405106
0.40586
0.306671
0.309818
0.313401
0.316136
0.317759
0.318897
0.319991
0.321135
0.32233
0.323524
0.324704
0.325947
0.327366
0.329054
0.330521
0.331132
0.331289
0.331393
0.331508
0.331592
0.331607
0.331542
0.331404
0.331224
0.331085
0.331224
0.331993
0.333346
0.33462
0.335479
0.336702
0.338849
0.341664
0.344431
0.346649
0.348314
0.349359
0.349921
0.350479
0.351144
0.352062
0.353038
0.353219
0.352718
0.352025
0.351192
0.350665
0.351168
0.353695
0.359533
0.368416
0.376205
0.380088
0.380921
0.380544
0.380199
0.379955
0.379303
0.37827
0.377153
0.37612
0.375112
0.374503
0.374526
0.375734
0.378722
0.383296
0.387463
0.390425
0.392648
0.395189
0.397722
0.399634
0.400905
0.401759
0.402495
0.403113
0.403842
0.404292
0.405163
0.308288
0.312346
0.315739
0.317576
0.318353
0.318966
0.319727
0.320681
0.321807
0.32305
0.324345
0.325723
0.327263
0.329015
0.330562
0.331301
0.331502
0.331585
0.331668
0.33174
0.331757
0.331711
0.331609
0.331502
0.331462
0.331666
0.332404
0.333615
0.334682
0.335237
0.335631
0.336634
0.338662
0.341469
0.344295
0.346644
0.348349
0.3493
0.350019
0.350811
0.35177
0.352796
0.352986
0.352332
0.351316
0.350456
0.350431
0.352081
0.356834
0.365317
0.373875
0.37888
0.380571
0.380387
0.379363
0.378732
0.378507
0.378246
0.37741
0.376503
0.375619
0.374721
0.374003
0.373805
0.374419
0.376493
0.380422
0.385236
0.389356
0.392379
0.394899
0.397263
0.399023
0.400073
0.400863
0.401526
0.402081
0.402644
0.402879
0.403816
0.31067
0.314747
0.317345
0.31841
0.318715
0.318964
0.319466
0.320217
0.321211
0.322436
0.323815
0.325328
0.327015
0.328874
0.330513
0.331367
0.331639
0.331731
0.331781
0.331816
0.331834
0.331806
0.331743
0.331713
0.331813
0.332184
0.333001
0.334148
0.334982
0.335339
0.335422
0.335641
0.336501
0.338423
0.341206
0.344119
0.346616
0.348304
0.349383
0.350369
0.351356
0.352364
0.3525
0.3517
0.350597
0.350133
0.351063
0.354644
0.362153
0.371036
0.377147
0.379717
0.379977
0.379215
0.378116
0.377459
0.377346
0.377285
0.376547
0.37578
0.375096
0.374433
0.373872
0.37364
0.373888
0.37523
0.378537
0.383879
0.389099
0.392567
0.394952
0.397115
0.398749
0.399593
0.400207
0.4007
0.400923
0.401051
0.401226
0.402812
0.313114
0.316453
0.318202
0.318893
0.318984
0.318967
0.319248
0.319802
0.320627
0.321755
0.32314
0.324738
0.326567
0.328579
0.330339
0.331315
0.331695
0.331817
0.331856
0.331868
0.331885
0.33189
0.331879
0.331933
0.332157
0.332663
0.333571
0.334765
0.335503
0.335653
0.335569
0.335501
0.335655
0.336396
0.338168
0.340897
0.343923
0.346497
0.348251
0.349574
0.350681
0.351748
0.351863
0.350979
0.350211
0.350586
0.353118
0.359462
0.367949
0.374778
0.378325
0.379062
0.378701
0.377827
0.376974
0.376464
0.376456
0.376371
0.375726
0.375135
0.374744
0.374416
0.374098
0.373866
0.373902
0.374585
0.377147
0.38247
0.388574
0.392838
0.395275
0.397292
0.39855
0.398958
0.399219
0.399466
0.399405
0.399602
0.400596
0.402813
0.314948
0.317469
0.318685
0.31916
0.319182
0.31903
0.319165
0.319533
0.320145
0.321073
0.322355
0.323953
0.325889
0.328079
0.330019
0.331155
0.331651
0.331841
0.331927
0.331965
0.331985
0.332023
0.33207
0.332189
0.332472
0.33303
0.333992
0.335283
0.336103
0.336175
0.335954
0.335696
0.335567
0.33567
0.33624
0.337831
0.340501
0.343549
0.346141
0.348061
0.349577
0.35086
0.351121
0.350405
0.35047
0.352195
0.357381
0.365179
0.372013
0.376213
0.377877
0.377774
0.377107
0.376301
0.375748
0.375492
0.375613
0.375568
0.375154
0.374792
0.374666
0.374657
0.374576
0.374304
0.37414
0.374335
0.376076
0.380802
0.387357
0.3927
0.39541
0.397315
0.398121
0.397989
0.397742
0.397877
0.398176
0.399109
0.400632
0.402942
0.31612
0.318054
0.319007
0.31939
0.319371
0.319138
0.319183
0.31942
0.31985
0.320528
0.321585
0.323057
0.324995
0.327338
0.329509
0.330848
0.331522
0.331836
0.331998
0.332118
0.332175
0.332241
0.332322
0.332456
0.332736
0.33328
0.334249
0.335629
0.336621
0.336768
0.336519
0.336111
0.335764
0.335575
0.335587
0.336025
0.337446
0.339901
0.34284
0.345486
0.347776
0.349537
0.350272
0.350334
0.351613
0.355883
0.3629
0.369565
0.373832
0.376102
0.37648
0.376086
0.375389
0.374735
0.374418
0.374456
0.374799
0.375015
0.374898
0.374742
0.374794
0.374994
0.375083
0.374788
0.374459
0.374356
0.375293
0.378924
0.385232
0.391427
0.394818
0.396709
0.397083
0.396741
0.396424
0.396819
0.397538
0.398713
0.400305
0.402625
0.316784
0.318396
0.319258
0.319609
0.319592
0.319324
0.319304
0.319431
0.31974
0.320213
0.320977
0.322194
0.32398
0.326384
0.328788
0.33039
0.331311
0.331798
0.332067
0.332302
0.332438
0.332516
0.332604
0.332718
0.332953
0.333446
0.334384
0.335811
0.336985
0.337274
0.337067
0.336627
0.336134
0.335734
0.335492
0.335498
0.335883
0.336994
0.339126
0.34192
0.344904
0.347503
0.349279
0.35112
0.354727
0.361019
0.367405
0.37166
0.373995
0.374712
0.37459
0.374267
0.373738
0.373276
0.373134
0.373472
0.374185
0.374724
0.37482
0.374788
0.374912
0.37519
0.375363
0.37511
0.374696
0.374345
0.374515
0.376769
0.382143
0.388756
0.393289
0.395407
0.396143
0.396111
0.395931
0.39626
0.396893
0.397951
0.399483
0.401861
0.317113
0.318594
0.319439
0.31981
0.319834
0.319559
0.319499
0.319544
0.319747
0.320099
0.320616
0.321514
0.323021
0.325325
0.327888
0.329767
0.330978
0.33171
0.332099
0.332443
0.332703
0.332805
0.332886
0.33297
0.333149
0.333582
0.334466
0.335896
0.337193
0.337594
0.337458
0.33708
0.336575
0.336046
0.335612
0.335409
0.33537
0.335571
0.336387
0.338246
0.341086
0.344586
0.348506
0.352846
0.359144
0.365563
0.369902
0.372326
0.373123
0.372931
0.37268
0.372581
0.372342
0.37202
0.372036
0.372658
0.373717
0.37452
0.374751
0.374754
0.374859
0.375096
0.375306
0.375132
0.374562
0.373805
0.373463
0.374872
0.379242
0.385782
0.391394
0.394284
0.395493
0.395644
0.39554
0.395706
0.396131
0.397127
0.398768
0.401192
0.317258
0.318674
0.319539
0.319953
0.320047
0.319808
0.319743
0.319767
0.319875
0.320114
0.32048
0.321094
0.322257
0.324292
0.32686
0.328953
0.330463
0.331497
0.332066
0.332483
0.332861
0.33306
0.333141
0.333213
0.333344
0.333719
0.334538
0.335926
0.33727
0.337728
0.337657
0.337395
0.336972
0.336438
0.335885
0.33544
0.335145
0.334978
0.334957
0.335597
0.337497
0.34143
0.347838
0.355112
0.362739
0.368049
0.370819
0.371608
0.371671
0.371236
0.370954
0.371015
0.370991
0.370876
0.371111
0.371979
0.373253
0.374243
0.374556
0.37455
0.374571
0.37468
0.37479
0.374428
0.373546
0.372828
0.372796
0.374191
0.377634
0.383443
0.389604
0.393457
0.394977
0.395152
0.39497
0.394961
0.395319
0.396601
0.39844
0.400826
0.317334
0.318721
0.31957
0.320006
0.320174
0.320019
0.319986
0.320033
0.320098
0.320227
0.320477
0.320916
0.321764
0.323418
0.325808
0.327936
0.329676
0.331034
0.33191
0.332416
0.332875
0.333215
0.333348
0.333433
0.333543
0.333861
0.334603
0.335889
0.33721
0.337738
0.337724
0.33757
0.337258
0.336798
0.336278
0.335782
0.335308
0.334902
0.33456
0.334448
0.335712
0.340065
0.347852
0.356711
0.363521
0.367705
0.369564
0.370052
0.36992
0.3696
0.369413
0.369551
0.369689
0.369809
0.37025
0.371297
0.37271
0.37386
0.374239
0.374197
0.374074
0.373948
0.373704
0.37328
0.372894
0.372724
0.372952
0.374144
0.376702
0.381431
0.387484
0.392261
0.394365
0.394568
0.394286
0.394285
0.394921
0.396352
0.398199
0.400419
0.317421
0.31877
0.319576
0.320019
0.320226
0.320136
0.320158
0.320259
0.320348
0.320434
0.320577
0.320897
0.321523
0.322781
0.32485
0.326786
0.328585
0.330223
0.33147
0.332229
0.332783
0.333234
0.333485
0.333606
0.333718
0.333985
0.334649
0.335814
0.337068
0.337689
0.337751
0.337675
0.337454
0.3371
0.336659
0.336131
0.335551
0.334985
0.334635
0.334623
0.336536
0.342034
0.349766
0.356746
0.361485
0.364735
0.366459
0.367431
0.367856
0.367981
0.368009
0.368217
0.368497
0.368843
0.369538
0.37074
0.372207
0.3734
0.373775
0.373636
0.373322
0.372973
0.372681
0.372644
0.372798
0.372904
0.373285
0.374173
0.376015
0.379494
0.384772
0.390027
0.393053
0.393832
0.393869
0.394097
0.394736
0.395957
0.397547
0.399449
0.317499
0.318826
0.319604
0.320036
0.320231
0.320154
0.320234
0.320407
0.320565
0.320675
0.320765
0.320969
0.321448
0.322413
0.324085
0.325692
0.327275
0.329022
0.330626
0.331782
0.332547
0.333141
0.333512
0.333706
0.333854
0.334092
0.334675
0.335735
0.336917
0.337653
0.337802
0.337762
0.337597
0.337284
0.336841
0.336324
0.335787
0.335343
0.335132
0.336286
0.340218
0.346569
0.352306
0.35587
0.358095
0.360257
0.362114
0.36373
0.36502
0.365825
0.366401
0.366926
0.367434
0.368025
0.368966
0.370266
0.371748
0.372904
0.373228
0.372985
0.372565
0.372234
0.372205
0.37248
0.372866
0.373208
0.37368
0.37435
0.37562
0.377791
0.381813
0.386975
0.391216
0.393317
0.393936
0.394251
0.39471
0.395706
0.396872
0.398247
0.317563
0.318893
0.319663
0.320079
0.320248
0.320142
0.320238
0.320463
0.320703
0.320888
0.320996
0.321125
0.321473
0.322247
0.323561
0.324871
0.32598
0.327543
0.329335
0.330921
0.332068
0.332901
0.33344
0.333732
0.333945
0.334196
0.334725
0.33572
0.336872
0.337659
0.337906
0.337879
0.337698
0.337357
0.33688
0.336333
0.335904
0.33579
0.336653
0.339927
0.345524
0.351067
0.354371
0.355187
0.355191
0.355726
0.356848
0.358626
0.36077
0.362779
0.364347
0.365527
0.366466
0.367374
0.368508
0.369856
0.371354
0.372461
0.37268
0.372372
0.372004
0.371832
0.371981
0.372391
0.372918
0.373462
0.374065
0.374791
0.375589
0.376742
0.379426
0.384662
0.390161
0.393262
0.394274
0.394523
0.39471
0.395225
0.395656
0.396619
0.31763
0.318942
0.319734
0.32014
0.3203
0.320163
0.320227
0.320473
0.320767
0.321037
0.321208
0.321323
0.321565
0.322185
0.323263
0.324356
0.325001
0.32607
0.327727
0.329585
0.331197
0.332415
0.333244
0.333702
0.334011
0.334323
0.334852
0.335821
0.336971
0.337764
0.338039
0.337971
0.337727
0.337305
0.336765
0.336347
0.336274
0.337015
0.339997
0.345062
0.350507
0.354066
0.355668
0.355473
0.354202
0.352894
0.352441
0.353312
0.355536
0.358492
0.361297
0.363525
0.365214
0.366606
0.367964
0.369405
0.370915
0.371964
0.372138
0.371894
0.371639
0.37158
0.371767
0.372156
0.37267
0.373313
0.373998
0.374875
0.375571
0.376631
0.379049
0.38404
0.389768
0.393412
0.394547
0.394534
0.394085
0.393798
0.394237
0.39577
0.317704
0.318994
0.319804
0.320209
0.320389
0.320243
0.320244
0.320481
0.320785
0.321114
0.321367
0.321528
0.321719
0.322209
0.323123
0.324053
0.324459
0.324969
0.326123
0.327899
0.329845
0.331544
0.332805
0.33358
0.334052
0.334505
0.335112
0.336062
0.337184
0.337942
0.338129
0.33799
0.337641
0.337138
0.336687
0.336563
0.337139
0.339822
0.344737
0.349919
0.353802
0.355741
0.356343
0.355557
0.353828
0.351932
0.350357
0.34991
0.350812
0.353439
0.356909
0.360296
0.363094
0.365243
0.367013
0.368711
0.370299
0.371354
0.371568
0.371412
0.371285
0.3713
0.371462
0.371744
0.372109
0.372518
0.3732
0.374199
0.375351
0.37677
0.37933
0.383805
0.389149
0.393252
0.394515
0.39405
0.393125
0.392827
0.393652
0.395563
0.317751
0.319025
0.319861
0.320275
0.320492
0.320364
0.320299
0.32051
0.320793
0.321141
0.321461
0.321702
0.321919
0.322328
0.323107
0.323911
0.32426
0.324388
0.324919
0.326201
0.328114
0.330188
0.331992
0.333249
0.334041
0.334702
0.335447
0.336385
0.337442
0.338059
0.338129
0.337889
0.337434
0.337008
0.336808
0.337254
0.339549
0.344158
0.349288
0.353156
0.355378
0.356465
0.356616
0.355635
0.353777
0.351649
0.34982
0.348652
0.348248
0.349203
0.351875
0.355528
0.359353
0.362606
0.365183
0.367362
0.369255
0.370489
0.370877
0.370883
0.370892
0.370938
0.371007
0.37109
0.371113
0.371113
0.371818
0.373397
0.375243
0.377083
0.379495
0.383134
0.387668
0.392053
0.393815
0.393316
0.392596
0.392529
0.394108
0.3977
0.31776
0.319042
0.319905
0.320339
0.32059
0.320488
0.320376
0.320552
0.32081
0.321154
0.321516
0.321839
0.322134
0.322532
0.323209
0.323907
0.324204
0.324209
0.324325
0.324901
0.326332
0.328421
0.330683
0.332582
0.333894
0.33482
0.335756
0.336715
0.337702
0.338124
0.338031
0.337659
0.337262
0.337035
0.337378
0.339329
0.34354
0.34854
0.352378
0.354701
0.355957
0.356776
0.35665
0.35561
0.35382
0.351786
0.349852
0.348552
0.347827
0.347657
0.34849
0.350601
0.353938
0.357913
0.361672
0.364805
0.367399
0.369217
0.370029
0.370248
0.370368
0.370451
0.370385
0.370155
0.369801
0.36973
0.370625
0.372646
0.374995
0.376982
0.379008
0.381704
0.385351
0.389629
0.392178
0.392661
0.393111
0.394459
0.397692
0.402716
0.317709
0.31903
0.319937
0.320388
0.320663
0.320587
0.320442
0.320589
0.320827
0.321163
0.32155
0.32194
0.32233
0.322785
0.323436
0.324054
0.324272
0.324217
0.324152
0.324262
0.324949
0.326566
0.328913
0.331401
0.333395
0.334754
0.335857
0.336854
0.337802
0.338117
0.33788
0.337494
0.337269
0.337532
0.339267
0.343054
0.347775
0.351617
0.353877
0.355147
0.355935
0.356557
0.356362
0.355342
0.353716
0.351969
0.350185
0.348836
0.348006
0.347684
0.34779
0.348249
0.349425
0.352079
0.356124
0.360414
0.364253
0.367126
0.368719
0.369406
0.369745
0.369852
0.36962
0.369138
0.36869
0.368682
0.369723
0.371891
0.374414
0.37636
0.377969
0.379887
0.382637
0.386286
0.390001
0.392842
0.395669
0.398934
0.403259
0.406831
0.317674
0.318978
0.319937
0.320408
0.3207
0.320658
0.32049
0.320611
0.320839
0.321169
0.321575
0.322012
0.322477
0.323013
0.323706
0.324324
0.324475
0.324324
0.324156
0.324086
0.324215
0.325065
0.326961
0.329619
0.332252
0.334225
0.335594
0.336731
0.337697
0.337989
0.337766
0.337569
0.337799
0.339298
0.342717
0.347095
0.350895
0.353195
0.3544
0.355084
0.355617
0.355931
0.355844
0.3551
0.353678
0.352166
0.350669
0.349381
0.348492
0.348062
0.347974
0.348066
0.348284
0.348826
0.350681
0.354645
0.359356
0.363631
0.366434
0.367947
0.368718
0.368991
0.3688
0.368293
0.367863
0.367858
0.368818
0.370857
0.373283
0.374995
0.376178
0.377702
0.379975
0.383141
0.388122
0.393976
0.399421
0.404014
0.406835
0.40816
0.31769
0.318941
0.319922
0.320407
0.320705
0.320695
0.320519
0.320619
0.320842
0.321167
0.321582
0.322046
0.322559
0.323161
0.323918
0.324597
0.324758
0.324545
0.324267
0.324088
0.324016
0.324214
0.325311
0.327474
0.330297
0.332906
0.334866
0.336338
0.337357
0.337764
0.337858
0.338141
0.339461
0.342481
0.346515
0.350161
0.352562
0.35373
0.35436
0.354795
0.355075
0.355243
0.355283
0.35477
0.353551
0.35228
0.351059
0.349971
0.349207
0.348757
0.34849
0.348389
0.348426
0.348525
0.348869
0.35032
0.353766
0.358322
0.362209
0.364995
0.366705
0.367492
0.367665
0.367453
0.367093
0.367044
0.367777
0.36942
0.37155
0.373218
0.374376
0.37606
0.378339
0.38229
0.389219
0.397229
0.403573
0.406761
0.407843
0.408493
0.317761
0.318927
0.319895
0.320391
0.320689
0.32071
0.32054
0.320624
0.320838
0.321155
0.321571
0.322044
0.322572
0.323203
0.324004
0.324777
0.325006
0.324815
0.324495
0.324206
0.324014
0.323944
0.324301
0.32551
0.327802
0.330704
0.333413
0.335508
0.336823
0.33775
0.338454
0.339747
0.342448
0.346151
0.349519
0.351926
0.353256
0.353777
0.354104
0.354305
0.354482
0.354717
0.354889
0.354535
0.353473
0.352352
0.351311
0.350389
0.349783
0.34944
0.349198
0.34904
0.348981
0.348979
0.349052
0.34952
0.350697
0.353039
0.356171
0.359502
0.362529
0.36463
0.365687
0.366059
0.366036
0.366065
0.366619
0.36791
0.369987
0.371858
0.3735
0.376217
0.380494
0.386841
0.394497
0.40128
0.405876
0.408375
0.409313
0.41041
0.317824
0.318949
0.319888
0.320381
0.320681
0.320718
0.32055
0.320629
0.320829
0.321134
0.321546
0.322015
0.322534
0.323162
0.323984
0.324826
0.325137
0.325034
0.324761
0.324424
0.324119
0.323926
0.323844
0.3242
0.325501
0.327964
0.331079
0.334003
0.336124
0.338052
0.339826
0.342512
0.345962
0.349247
0.351337
0.352533
0.353183
0.353494
0.35367
0.353807
0.354052
0.354449
0.354802
0.354502
0.353487
0.352389
0.351409
0.350535
0.34999
0.349778
0.349723
0.349707
0.349727
0.349772
0.349804
0.350017
0.350461
0.351018
0.351716
0.353233
0.356054
0.359296
0.36188
0.363429
0.364204
0.364646
0.365431
0.367185
0.369735
0.372485
0.376164
0.382
0.388378
0.393809
0.398503
0.402802
0.406729
0.409355
0.410432
0.411571
0.317898
0.319014
0.319895
0.320353
0.320644
0.320711
0.320566
0.32064
0.320839
0.321124
0.321509
0.321951
0.322444
0.32306
0.323909
0.324794
0.325161
0.325134
0.32495
0.324652
0.324301
0.323961
0.323643
0.323504
0.323954
0.325439
0.328193
0.331744
0.335231
0.338709
0.342093
0.345779
0.349113
0.351378
0.3524
0.352802
0.352941
0.353053
0.353228
0.353521
0.353952
0.354473
0.354904
0.354571
0.35352
0.352369
0.351345
0.350472
0.349975
0.349862
0.349947
0.350144
0.350394
0.350597
0.350696
0.350791
0.350899
0.350987
0.35051
0.349955
0.350375
0.35238
0.355601
0.35875
0.361008
0.362588
0.364621
0.367961
0.3727
0.378182
0.384187
0.390339
0.395035
0.398284
0.400774
0.403284
0.406362
0.409019
0.410347
0.411803
0.317906
0.319041
0.31986
0.320274
0.320562
0.320663
0.320546
0.320619
0.320818
0.321089
0.321442
0.321848
0.322306
0.322908
0.323778
0.324698
0.32509
0.325101
0.324995
0.32478
0.324417
0.323951
0.32348
0.32312
0.323056
0.323691
0.325621
0.329203
0.334183
0.339663
0.344606
0.348597
0.351097
0.352207
0.352623
0.352713
0.352701
0.352693
0.352898
0.353358
0.353998
0.354641
0.355058
0.354663
0.353531
0.35234
0.351272
0.35039
0.349914
0.349807
0.350031
0.350431
0.350867
0.351187
0.351287
0.351341
0.351372
0.351268
0.350473
0.34939
0.348429
0.348252
0.349529
0.35242
0.356105
0.360208
0.365236
0.371544
0.378848
0.385559
0.390917
0.394559
0.39717
0.398964
0.400513
0.402784
0.405456
0.408029
0.409888
0.411951
0.317987
0.319111
0.319918
0.320337
0.320627
0.320737
0.320627
0.320706
0.320905
0.321168
0.321504
0.32189
0.322335
0.322929
0.323795
0.32471
0.32511
0.325148
0.325083
0.324936
0.324618
0.324114
0.323582
0.323117
0.322813
0.322891
0.324029
0.327155
0.33296
0.3401
0.346248
0.350678
0.352857
0.353392
0.353285
0.352877
0.352544
0.352445
0.352694
0.353241
0.354041
0.354767
0.355177
0.354738
0.353541
0.352278
0.351132
0.350221
0.349772
0.349714
0.350022
0.350537
0.351107
0.351553
0.351785
0.351896
0.351913
0.351577
0.350404
0.349081
0.347833
0.346883
0.34648
0.347295
0.350779
0.357317
0.365856
0.375204
0.38421
0.391599
0.396942
0.40035
0.401795
0.401891
0.401845
0.403025
0.405192
0.407052
0.408869
0.411562
)
;

boundaryField
{
    inlet
    {
        type            calculated;
        value           uniform 0.140001;
    }
    outlet
    {
        type            calculated;
        value           nonuniform List<scalar> 
40
(
0.397645
0.398181
0.398961
0.400787
0.40344
0.404905
0.405155
0.404995
0.404508
0.403917
0.403767
0.403917
0.404913
0.40577
0.40586
0.405163
0.403816
0.402812
0.402813
0.402942
0.402625
0.401861
0.401192
0.400826
0.400419
0.399449
0.398247
0.396619
0.39577
0.395563
0.3977
0.402716
0.406831
0.40816
0.408493
0.41041
0.411571
0.411803
0.411951
0.411562
)
;
    }
    bottom
    {
        type            symmetryPlane;
    }
    top
    {
        type            symmetryPlane;
    }
    obstacle
    {
        type            calculated;
        value           nonuniform List<scalar> 
80
(
0.337555
0.330682
0.32718
0.324064
0.321062
0.318512
0.316623
0.31521
0.314135
0.313309
0.312729
0.312437
0.312487
0.313175
0.314691
0.316434
0.318145
0.321409
0.325363
0.329233
0.332504
0.3353
0.337443
0.339176
0.340705
0.342335
0.344495
0.346966
0.348659
0.349211
0.349549
0.34975
0.349767
0.349624
0.349363
0.349105
0.348809
0.348482
0.348595
0.349901
0.352441
0.35412
0.354492
0.354654
0.354933
0.355327
0.355813
0.356176
0.356167
0.355868
0.355408
0.355013
0.354947
0.355766
0.358263
0.361048
0.361785
0.361488
0.36173
0.364667
0.374422
0.38641
0.394517
0.397996
0.398282
0.397713
0.397341
0.397956
0.399807
0.402611
0.405049
0.405727
0.404943
0.403456
0.401883
0.400606
0.399462
0.39883
0.397883
0.397645
)
;
    }
    defaultFaces
    {
        type            empty;
    }
}


// ************************************************************************* //
