/*--------------------------------*- C++ -*----------------------------------*\
| =========                 |                                                 |
| \\      /  F ield         | OpenFOAM: The Open Source CFD Toolbox           |
|  \\    /   O peration     | Version:  v1912                                 |
|   \\  /    A nd           | Website:  www.openfoam.com                      |
|    \\/     M anipulation  |                                                 |
\*---------------------------------------------------------------------------*/
FoamFile
{
    version     2.0;
    format      ascii;
    class       volVectorField;
    location    "3";
    object      U;
}
// * * * * * * * * * * * * * * * * * * * * * * * * * * * * * * * * * * * * * //

dimensions      [0 1 -1 0 0 0 0];


internalField   nonuniform List<vector> 
1000
(
(-0.476778 0.377069 0)
(-0.991712 0.26733 0)
(-1.52284 0.282864 0)
(-1.67097 0.282064 0)
(-1.61792 0.269039 0)
(-1.38772 0.251754 0)
(-0.98253 0.153987 0)
(-0.559257 0.0352903 0)
(-0.35797 -0.133337 0)
(0.535969 -0.142233 0)
(-0.198821 0.644999 0)
(-0.435014 0.36442 0)
(-0.970104 0.357401 0)
(-1.08167 0.351213 0)
(-0.794598 0.226955 0)
(-0.247728 -0.128962 0)
(0.36773 -0.477848 0)
(0.758463 -0.660661 0)
(0.969257 -0.80706 0)
(1.26173 -0.874282 0)
(-0.0855986 0.984815 0)
(-0.0546439 0.618329 0)
(-0.421163 0.540161 0)
(-0.678722 0.499121 0)
(0.659515 -0.6139 0)
(0.844959 -1.00685 0)
(1.11089 -1.26494 0)
(1.36099 -1.44233 0)
(1.5022 -1.52138 0)
(1.67088 -1.55701 0)
(-0.0450276 1.19345 0)
(0.156443 0.857725 0)
(-0.087675 0.631985 0)
(0.44622 -0.18974 0)
(0.979969 -1.00613 0)
(1.30403 -1.44928 0)
(1.50736 -1.66104 0)
(1.68244 -1.76194 0)
(1.79373 -1.79121 0)
(1.91749 -1.78266 0)
(-0.0223501 1.23574 0)
(0.221986 0.934752 0)
(0.188516 0.467096 0)
(0.877307 -0.647202 0)
(1.31778 -1.33771 0)
(1.58851 -1.68085 0)
(1.75859 -1.82828 0)
(1.89976 -1.8674 0)
(1.99662 -1.85844 0)
(2.09428 -1.82043 0)
(0.00346638 1.17347 0)
(0.176239 0.869054 0)
(0.614567 -0.146122 0)
(1.23772 -1.07294 0)
(1.59458 -1.56227 0)
(1.80051 -1.76954 0)
(1.94228 -1.8288 0)
(2.06694 -1.82154 0)
(2.1557 -1.79277 0)
(2.23437 -1.74879 0)
(0.01823 0.838932 0)
(0.209163 0.333356 0)
(1.17893 -0.88052 0)
(1.62314 -1.44555 0)
(1.85412 -1.67227 0)
(2.00932 -1.73139 0)
(2.12888 -1.7236 0)
(2.22761 -1.69107 0)
(2.29657 -1.65597 0)
(2.35545 -1.61529 0)
(0.0255845 1.2328 0)
(1.06491 -0.157991 0)
(1.6948 -1.16577 0)
(1.95843 -1.52075 0)
(2.10541 -1.59813 0)
(2.21531 -1.59091 0)
(2.30014 -1.56107 0)
(2.36833 -1.52494 0)
(2.41821 -1.49239 0)
(2.4604 -1.45744 0)
(2.22412 -1.27342 0)
(2.13558 -1.39252 0)
(2.16363 -1.45126 0)
(2.24133 -1.44851 0)
(2.32273 -1.42049 0)
(2.38981 -1.38783 0)
(2.44421 -1.35692 0)
(2.48862 -1.32782 0)
(2.52231 -1.30404 0)
(2.54942 -1.27972 0)
(2.46636 -1.21918 0)
(2.40769 -1.19925 0)
(2.40987 -1.17647 0)
(2.44925 -1.1564 0)
(2.49029 -1.14078 0)
(2.52648 -1.12787 0)
(2.5577 -1.11652 0)
(2.58277 -1.10616 0)
(2.60238 -1.09904 0)
(2.61689 -1.09084 0)
(2.54819 -0.189555 0)
(2.55894 -0.460286 0)
(2.57229 -0.627214 0)
(2.58767 -0.726666 0)
(2.6046 -0.785894 0)
(2.62031 -0.82308 0)
(2.63438 -0.848513 0)
(2.64508 -0.867473 0)
(2.65384 -0.883936 0)
(2.65867 -0.896368 0)
(2.44859 -0.20683 0)
(2.50166 -0.309849 0)
(2.54826 -0.392821 0)
(2.58564 -0.461167 0)
(2.61346 -0.519115 0)
(2.6326 -0.569923 0)
(2.64645 -0.614723 0)
(2.65542 -0.654127 0)
(2.66338 -0.688848 0)
(2.66692 -0.717649 0)
(2.45514 0.0493341 0)
(2.50467 -0.0403725 0)
(2.5424 -0.128433 0)
(2.57078 -0.212202 0)
(2.59302 -0.290457 0)
(2.6106 -0.361482 0)
(2.62623 -0.42384 0)
(2.63883 -0.4775 0)
(2.65137 -0.523269 0)
(2.65696 -0.561342 0)
(2.37683 0.183836 0)
(2.42346 0.089552 0)
(2.46675 -0.00196944 0)
(2.50543 -0.088854 0)
(2.53778 -0.164883 0)
(2.56517 -0.230432 0)
(2.58938 -0.287483 0)
(2.60879 -0.337573 0)
(2.62679 -0.382261 0)
(2.63527 -0.421875 0)
(2.30878 0.292072 0)
(2.3613 0.209865 0)
(2.40708 0.132963 0)
(2.44882 0.0598878 0)
(2.4883 -0.011293 0)
(2.52241 -0.0788438 0)
(2.55116 -0.139691 0)
(2.57409 -0.194302 0)
(2.59511 -0.243938 0)
(2.60573 -0.28897 0)
(2.24485 0.377946 0)
(2.30125 0.302942 0)
(2.35034 0.231705 0)
(2.39375 0.164183 0)
(2.43281 0.0993601 0)
(2.4689 0.0364161 0)
(2.50345 -0.0248387 0)
(2.53249 -0.0823549 0)
(2.55856 -0.134256 0)
(2.5723 -0.181208 0)
(2.1872 0.44727 0)
(2.24625 0.380344 0)
(2.29839 0.315849 0)
(2.34487 0.254261 0)
(2.38674 0.195653 0)
(2.42439 0.139771 0)
(2.45921 0.0858666 0)
(2.49025 0.0327792 0)
(2.5202 -0.0199905 0)
(2.53668 -0.0715738 0)
(2.13543 0.504048 0)
(2.19574 0.445273 0)
(2.24978 0.387452 0)
(2.29845 0.331194 0)
(2.34245 0.276798 0)
(2.38192 0.224182 0)
(2.41787 0.173121 0)
(2.44879 0.122652 0)
(2.47724 0.0723627 0)
(2.49341 0.0190882 0)
(2.08946 0.553009 0)
(2.14974 0.501519 0)
(2.20442 0.449724 0)
(2.25418 0.398284 0)
(2.2994 0.347523 0)
(2.34004 0.297463 0)
(2.37663 0.247899 0)
(2.4078 0.197416 0)
(2.43459 0.145723 0)
(2.44946 0.0874794 0)
(2.0494 0.59278 0)
(2.10832 0.548034 0)
(2.16241 0.501841 0)
(2.21206 0.454766 0)
(2.25732 0.407072 0)
(2.29789 0.358393 0)
(2.33343 0.308445 0)
(2.36248 0.253783 0)
(2.38384 0.191342 0)
(2.39574 0.118081 0)
(2.00061 0.648801 0)
(2.05376 0.611927 0)
(2.10311 0.572711 0)
(2.14875 0.530629 0)
(2.18988 0.485836 0)
(2.22582 0.432663 0)
(2.25318 0.370899 0)
(2.26687 0.297218 0)
(2.26947 0.204612 0)
(2.27294 0.0786749 0)
(1.95818 0.710959 0)
(2.00566 0.673152 0)
(2.04804 0.631324 0)
(2.08585 0.580939 0)
(2.11031 0.521621 0)
(2.12079 0.450631 0)
(2.12251 0.361499 0)
(2.10308 0.242996 0)
(2.03854 0.0699813 0)
(1.97298 -0.13879 0)
(1.91396 0.737218 0)
(1.951 0.690551 0)
(1.97459 0.634432 0)
(1.98669 0.565999 0)
(1.98975 0.478543 0)
(1.97308 0.363427 0)
(1.91872 0.209455 0)
(1.78773 0.0341024 0)
(1.64044 -0.134634 0)
(1.59107 -0.269669 0)
(1.83608 0.713845 0)
(1.85053 0.64155 0)
(1.85381 0.547029 0)
(1.83562 0.426246 0)
(1.7782 0.280297 0)
(1.67132 0.129573 0)
(1.56329 -0.0153635 0)
(1.5201 -0.13639 0)
(1.5229 -0.203317 0)
(1.5266 -0.239333 0)
(1.72773 0.595213 0)
(1.69553 0.465681 0)
(1.63263 0.322484 0)
(1.54794 0.183232 0)
(1.48917 0.0535812 0)
(1.47548 -0.0521241 0)
(1.48717 -0.110252 0)
(1.51471 -0.135216 0)
(1.5496 -0.150286 0)
(1.56696 -0.160392 0)
(1.54606 0.332372 0)
(1.48582 0.207217 0)
(1.4661 0.0994694 0)
(1.47414 0.0222021 0)
(1.48974 -0.0208373 0)
(1.52567 -0.043173 0)
(1.57374 -0.0558704 0)
(1.61529 -0.0641486 0)
(1.64474 -0.0748334 0)
(1.6572 -0.0893544 0)
(1.44197 0.119239 0)
(1.46463 0.076324 0)
(1.50448 0.0534888 0)
(1.55762 0.0381053 0)
(1.60845 0.0290931 0)
(1.6508 0.02235 0)
(1.68371 0.0103028 0)
(1.7075 -0.00796872 0)
(1.72226 -0.0308057 0)
(1.72835 -0.0565173 0)
(1.43586 0.14693 0)
(1.4929 0.146295 0)
(1.53946 0.144114 0)
(1.58017 0.134983 0)
(1.61682 0.118298 0)
(1.64812 0.0954778 0)
(1.67269 0.0683718 0)
(1.69136 0.0387513 0)
(1.70441 0.00790328 0)
(1.71149 -0.0235786 0)
(1.13606 0.169374 0)
(1.20128 0.160614 0)
(1.25864 0.145506 0)
(1.30868 0.126598 0)
(1.35183 0.105185 0)
(1.39016 0.0819139 0)
(1.4245 0.0579507 0)
(1.45402 0.0341274 0)
(1.47653 0.0107667 0)
(1.49174 -0.0123191 0)
(0.828748 0.0573515 0)
(0.887364 0.0524819 0)
(0.945998 0.0453032 0)
(1.004 0.0363092 0)
(1.05936 0.0272785 0)
(1.10982 0.0194045 0)
(1.15378 0.0126033 0)
(1.19007 0.00638164 0)
(1.21624 0.000474029 0)
(1.23267 -0.00550948 0)
(1.57431 0.795564 0)
(1.61327 0.790487 0)
(1.65275 0.783222 4.11708e-20)
(1.69242 0.774045 -4.26441e-20)
(1.73233 0.763103 0)
(1.77249 0.750451 0)
(1.81291 0.736113 -1.95222e-20)
(1.85349 0.720086 2.02228e-20)
(1.89583 0.702487 0)
(1.93889 0.683246 0)
(1.53197 0.897484 0)
(1.57523 0.8848 3.9506e-20)
(1.61798 0.870962 -4.07377e-20)
(1.66021 0.856058 0)
(1.70169 0.84018 3.79809e-20)
(1.74233 0.82337 -2.05189e-20)
(1.7823 0.805622 -1.93972e-20)
(1.82175 0.786878 9.14263e-21)
(1.8622 0.767097 -9.46035e-21)
(1.90292 0.745953 0)
(1.56954 0.828129 0)
(1.59524 0.839665 0)
(1.62479 0.846102 3.76513e-20)
(1.65678 0.847949 -3.85468e-20)
(1.6906 0.845395 0)
(1.72543 0.8387 0)
(1.76071 0.828219 -1.78621e-20)
(1.79606 0.814043 1.83647e-20)
(1.83216 0.796387 0)
(1.86811 0.774935 0)
(1.55421 0.961711 0)
(1.5849 0.937445 3.58038e-20)
(1.6162 0.919813 -3.68747e-20)
(1.64688 0.906055 0)
(1.67616 0.892191 3.52013e-20)
(1.70484 0.876409 -1.85846e-20)
(1.73283 0.857514 -1.7924e-20)
(1.76005 0.833851 8.69208e-21)
(1.78701 0.805301 -8.86323e-21)
(1.81166 0.770752 0)
(1.5965 1.07957 0)
(1.63784 1.06468 0)
(1.66681 1.03907 0)
(1.6889 1.00651 3.20253e-20)
(1.7037 0.969989 -7.74066e-22)
(1.71561 0.930122 -3.33215e-20)
(1.72395 0.885597 0)
(1.73016 0.833941 0)
(1.73572 0.773755 0)
(1.73717 0.70316 0)
(1.86744 0.817741 4.36137e-20)
(1.78245 0.917208 0)
(1.75074 0.953335 3.10608e-20)
(1.73486 0.956703 -3.07532e-20)
(1.7274 0.924136 0)
(1.71808 0.863131 0)
(1.70151 0.784658 0)
(1.67807 0.690025 0)
(1.64981 0.58075 0)
(1.61074 0.466362 0)
(2.55327 0.335283 0)
(2.0999 0.584908 3.41253e-20)
(1.88323 0.732167 -2.48506e-20)
(1.75054 0.813058 0)
(1.63204 0.796434 3.52175e-20)
(1.56091 0.648616 -1.41346e-20)
(1.50957 0.502795 -1.71251e-20)
(1.45666 0.372988 0)
(1.42229 0.266596 0)
(1.42308 0.187648 0)
(2.89939 0.0634624 0)
(2.73906 0.163973 0)
(2.38695 0.346475 2.96888e-20)
(1.93099 0.424224 -2.3207e-20)
(1.30201 0.306754 0)
(0.991874 0.207745 0)
(1.05745 0.16879 -2.03161e-20)
(1.1524 0.152116 2.03161e-20)
(1.25836 0.147785 0)
(1.3571 0.148651 0)
(2.93569 0.00474469 0)
(2.81132 0.00356364 0)
(2.47449 -0.00332459 0)
(1.4984 -0.0470986 0)
(0.670323 -0.083722 4.85487e-20)
(0.476108 -0.099099 -1.96717e-20)
(0.683335 -0.0111039 -2.18177e-20)
(0.863398 0.0805486 0)
(0.976845 0.141786 0)
(1.06038 0.166404 0)
(2.9686 -0.00293044 0)
(2.89748 -7.54225e-05 0)
(2.70795 -0.00435657 0)
(2.18069 0.024076 4.55107e-20)
(0.964055 0.110324 2.94347e-20)
(0.325716 -0.000487781 -3.18662e-20)
(0.555428 0.0276984 0)
(0.680409 0.0486204 0)
(0.730956 0.0573588 0)
(0.774149 0.0588924 0)
(1.84416 1.03269 0)
(2.04177 0.967416 0)
(2.17918 0.889658 0)
(2.28227 0.803618 0)
(2.3602 0.710399 0)
(2.4174 0.610405 0)
(2.4572 0.504031 0)
(2.48209 0.392523 0)
(2.49809 0.278513 0)
(2.52118 0.165247 0)
(1.76978 0.937912 0)
(1.93924 0.84602 0)
(2.06956 0.736524 0)
(2.16964 0.617426 0)
(2.24448 0.493644 0)
(2.29825 0.369213 0)
(2.33508 0.247532 0)
(2.3593 0.131668 0)
(2.37684 0.0239809 0)
(2.39819 -0.0733222 0)
(1.68812 0.891815 0)
(1.82247 0.820163 0)
(1.93869 0.731517 0)
(2.0381 0.634525 0)
(2.12195 0.535402 0)
(2.19226 0.438817 0)
(2.25169 0.34838 0)
(2.30264 0.266853 0)
(2.34928 0.195641 0)
(2.39331 0.135815 0)
(1.63603 0.87086 0)
(1.74498 0.825014 0)
(1.84605 0.766169 0)
(1.93868 0.698892 0)
(2.02206 0.62717 0)
(2.09614 0.554127 0)
(2.1617 0.481964 0)
(2.21917 0.412128 0)
(2.27094 0.345213 0)
(2.3173 0.281606 0)
(1.60624 0.847622 0)
(1.69653 0.81684 0)
(1.7833 0.776364 0)
(1.86596 0.728116 0)
(1.94324 0.674234 0)
(2.01437 0.616736 0)
(2.0793 0.557317 0)
(2.13795 0.497384 0)
(2.19235 0.438064 0)
(2.24244 0.380602 0)
(1.58375 0.832406 0)
(1.66137 0.808759 0)
(1.73705 0.778288 0)
(1.81057 0.74169 0)
(1.88098 0.700003 0)
(1.94743 0.65444 0)
(2.00968 0.606212 0)
(2.06739 0.556456 0)
(2.12245 0.506195 0)
(2.1744 0.456581 0)
(1.56654 0.8169 0)
(1.63467 0.798855 0)
(1.70171 0.775607 0)
(1.76761 0.747495 0)
(1.8317 0.715078 0)
(1.89331 0.679087 0)
(1.95219 0.640336 0)
(2.00794 0.599648 0)
(2.06237 0.557834 0)
(2.11474 0.515807 0)
(1.5513 0.805467 0)
(1.61265 0.791048 0)
(1.6732 0.772811 0)
(1.73305 0.750817 0)
(1.7918 0.725337 0)
(1.84898 0.696784 0)
(1.90442 0.665681 0)
(1.95777 0.632586 0)
(2.01081 0.598102 0)
(2.06261 0.562895 0)
(1.54284 0.793653 0)
(1.59796 0.783279 0)
(1.65255 0.769991 0)
(1.70682 0.753643 0)
(1.76055 0.734298 0)
(1.81343 0.712165 0)
(1.86533 0.68758 0)
(1.91594 0.660947 0)
(1.96703 0.632717 0)
(2.01755 0.603371 0)
(1.54551 0.789999 0)
(1.59516 0.77947 0)
(1.64411 0.767822 0)
(1.69273 0.754562 0)
(1.74108 0.739371 0)
(1.78903 0.722149 0)
(1.83664 0.702954 0)
(1.88367 0.681919 0)
(1.93184 0.65931 0)
(1.98 0.635357 0)
(0.723693 0.977554 -1.18733e-19)
(0.88231 1.03373 0)
(0.977519 1.05442 -7.79127e-20)
(1.0267 1.05702 1.10227e-19)
(1.05614 1.05531 0)
(1.08663 1.056 0)
(1.13294 1.06027 5.33744e-20)
(1.19931 1.06612 -5.46505e-20)
(1.30626 1.07266 0)
(1.47805 1.07322 0)
(0.731533 0.934474 1.71037e-20)
(0.861898 0.969741 -7.94337e-20)
(0.958371 0.979835 1.21977e-21)
(1.02578 0.979078 2.4933e-20)
(1.07912 0.977816 -4.80427e-20)
(1.13282 0.980066 7.37586e-20)
(1.19686 0.98603 4.64298e-20)
(1.27816 0.992955 -2.46455e-20)
(1.38572 0.998277 2.25108e-20)
(1.51714 0.993511 2.1498e-20)
(0.805053 0.859915 -1.35298e-19)
(0.905086 0.893004 4.9109e-20)
(0.989967 0.910648 -4.44246e-20)
(1.05989 0.920511 -2.17746e-20)
(1.12165 0.928261 -2.20622e-20)
(1.18269 0.935932 -6.38848e-20)
(1.24901 0.942893 6.37191e-20)
(1.32527 0.946999 -8.45842e-20)
(1.41649 0.94536 -4.041e-20)
(1.51713 0.933505 -3.86876e-20)
(0.855438 0.826894 2.10432e-20)
(0.940781 0.860885 6.2097e-20)
(1.01617 0.883147 1.40938e-19)
(1.0827 0.897654 -4.23809e-20)
(1.1443 0.907632 2.10692e-20)
(1.2054 0.914465 4.03938e-20)
(1.2701 0.918228 9.61311e-20)
(1.34118 0.917969 1.81775e-20)
(1.4214 0.912286 5.58012e-20)
(1.50729 0.899228 1.76196e-20)
(0.900691 0.806797 4.25615e-21)
(0.977323 0.837943 4.04343e-20)
(1.04629 0.858849 -3.74275e-20)
(1.10899 0.872298 -3.70266e-20)
(1.16881 0.880719 -7.25762e-20)
(1.22857 0.885627 3.71421e-20)
(1.29065 0.88731 -3.65537e-20)
(1.35681 0.885351 -7.07509e-20)
(1.42869 0.879012 -3.38764e-20)
(1.50443 0.867189 0)
(0.935044 0.793248 -1.04912e-19)
(1.00562 0.821374 3.7139e-20)
(1.07012 0.840716 3.3121e-20)
(1.12957 0.853555 -1.05124e-19)
(1.18677 0.861818 -6.76092e-20)
(1.244 0.866502 5.93167e-22)
(1.30293 0.867877 6.53031e-20)
(1.3647 0.865706 -6.62009e-20)
(1.43035 0.859577 -3.22382e-20)
(1.49867 0.848732 -3.16197e-20)
(0.96411 0.777955 3.30827e-20)
(1.02864 0.804224 -3.84725e-23)
(1.0895 0.822589 -1.40783e-22)
(1.14652 0.834765 -2.07932e-22)
(1.20159 0.84246 -3.13003e-20)
(1.25649 0.846625 3.16442e-20)
(1.31253 0.847587 -8.56433e-22)
(1.3706 0.845254 -9.17319e-22)
(1.43125 0.839386 -4.9046e-22)
(1.49386 0.829378 -6.11732e-22)
(0.993336 0.763434 3.31333e-20)
(1.04979 0.78983 6.21843e-20)
(1.10465 0.808457 6.00958e-20)
(1.15754 0.820919 2.97131e-20)
(1.20974 0.828697 3.00634e-20)
(1.26227 0.832784 5.94325e-20)
(1.31586 0.833676 8.69005e-20)
(1.37107 0.831366 0)
(1.42808 0.825664 5.57677e-20)
(1.48699 0.816048 5.4729e-20)
(1.02181 0.755464 -8.4627e-20)
(1.07454 0.777956 8.51092e-20)
(1.12458 0.793864 2.60065e-20)
(1.17391 0.804147 -1.12934e-19)
(1.22317 0.810634 -1.10133e-19)
(1.27318 0.814433 -5.42025e-20)
(1.32429 0.815635 -5.46161e-20)
(1.37662 0.814079 -2.71529e-20)
(1.43002 0.809531 -7.87459e-20)
(1.48619 0.801326 2.63665e-20)
(1.01884 0.769963 5.4381e-20)
(1.08193 0.779438 -7.85898e-22)
(1.13247 0.790336 -5.28741e-20)
(1.17879 0.801318 5.23872e-20)
(1.22666 0.810398 2.62977e-20)
(1.27687 0.815823 7.73829e-20)
(1.32922 0.81703 1.01411e-19)
(1.38337 0.814389 0)
(1.43774 0.808498 4.90023e-20)
(1.49516 0.799834 -4.81093e-20)
(1.26773 0.0208698 0)
(0.68343 0.292233 6.69377e-21)
(0.738371 0.245844 -1.04491e-19)
(0.748693 0.193997 1.13988e-19)
(0.678568 0.16611 -5.79168e-20)
(0.560178 0.155438 1.41832e-19)
(0.441194 0.151307 -6.65769e-20)
(0.332185 0.142126 1.07329e-20)
(0.205837 0.129758 0)
(0.0614079 0.0636985 3.98845e-20)
(0.382852 -0.0777696 -8.2976e-20)
(0.470097 -0.00236648 -6.96974e-21)
(0.545416 0.0364525 -7.31707e-21)
(0.55887 0.0454533 7.69416e-21)
(0.519625 0.0482642 -7.65155e-20)
(0.452848 0.0653113 7.19568e-20)
(0.390681 0.0949148 -9.75311e-21)
(0.326768 0.121899 1.07021e-20)
(0.237724 0.142673 -2.36449e-20)
(0.13296 0.126679 1.33592e-20)
(0.476133 0.261435 7.14322e-21)
(0.506935 0.231918 -1.15998e-19)
(0.49954 0.216858 -9.29804e-20)
(0.457681 0.210151 1.30728e-19)
(0.400367 0.205917 0)
(0.35367 0.213117 7.67158e-20)
(0.316344 0.232018 -4.06789e-20)
(0.274951 0.250759 -2.25117e-20)
(0.211146 0.26578 7.41468e-20)
(0.140888 0.253536 -5.56062e-20)
(0.576779 0.347771 -1.35613e-19)
(0.56651 0.302264 1.45593e-19)
(0.51485 0.279268 9.18269e-23)
(0.438005 0.269655 1.01327e-19)
(0.365127 0.269556 -1.08412e-19)
(0.316071 0.280696 0)
(0.281347 0.304646 4.27108e-20)
(0.247044 0.332122 -9.17537e-20)
(0.194906 0.357616 1.01337e-19)
(0.148345 0.351705 -1.4288e-19)
(0.672646 0.405199 2.73948e-19)
(0.664009 0.360988 -1.18502e-19)
(0.584809 0.346436 -1.60919e-22)
(0.485537 0.339198 -3.38484e-20)
(0.397324 0.336993 7.35856e-20)
(0.335971 0.346461 3.97924e-20)
(0.287574 0.36936 -8.75739e-20)
(0.247467 0.399354 1.41689e-19)
(0.19481 0.431505 -1.39449e-22)
(0.160523 0.42781 -8.81424e-20)
(0.69323 0.470738 8.13086e-20)
(0.715156 0.433656 -2.65961e-19)
(0.647773 0.425783 1.25294e-19)
(0.555962 0.420754 6.84049e-20)
(0.473142 0.417966 -1.1081e-19)
(0.402382 0.424577 -1.22134e-19)
(0.33262 0.443792 1.32523e-19)
(0.27578 0.470651 -4.9209e-20)
(0.211001 0.503881 0)
(0.178847 0.496696 0)
(0.724554 0.553474 8.3324e-20)
(0.762119 0.525096 -1.19416e-19)
(0.713997 0.523663 -6.32199e-20)
(0.641371 0.521156 6.88973e-20)
(0.570737 0.515722 -1.10407e-19)
(0.494682 0.516987 0)
(0.40952 0.530927 -8.95433e-20)
(0.333475 0.552684 0)
(0.247032 0.584255 -5.59016e-20)
(0.20696 0.569038 6.2723e-20)
(0.781807 0.63551 1.41428e-19)
(0.81982 0.612136 0)
(0.78392 0.61665 1.91995e-19)
(0.723899 0.62141 -6.68707e-20)
(0.662454 0.6175 -7.17958e-20)
(0.592851 0.615636 -3.95463e-20)
(0.508666 0.625851 2.24402e-21)
(0.422651 0.645291 0)
(0.313265 0.678427 -5.50044e-20)
(0.25552 0.655398 0)
(0.849738 0.690734 2.49212e-21)
(0.879794 0.671438 1.18723e-19)
(0.850801 0.679243 -3.2638e-20)
(0.802519 0.691922 0)
(0.752152 0.696112 3.84646e-20)
(0.695093 0.698135 -3.99419e-20)
(0.621895 0.70978 4.51032e-20)
(0.538495 0.732901 9.9842e-20)
(0.416196 0.777475 5.86156e-20)
(0.344436 0.761392 0)
(0.950059 0.755104 0)
(0.96887 0.730515 0)
(0.94263 0.732663 -3.02155e-20)
(0.905757 0.746141 0)
(0.868539 0.758497 0)
(0.827334 0.768174 -3.84978e-20)
(0.773649 0.783922 0)
(0.710737 0.811949 0)
(0.606224 0.874032 5.22417e-20)
(0.565691 0.902192 5.97801e-20)
(2.99987 -1.33134e-05 -3.78314e-21)
(2.99957 -6.84957e-05 -3.79239e-21)
(2.99894 -0.000247356 7.56735e-21)
(2.99725 -0.000509023 -1.52705e-20)
(2.99385 -0.00141694 1.51867e-20)
(2.98378 -0.00193249 0)
(2.96368 -0.00625126 0)
(2.89897 -0.00786949 -4.03735e-20)
(2.73163 -0.0160948 8.88994e-20)
(2.29703 -0.0414513 -4.88246e-20)
(2.99973 -3.05554e-05 0)
(2.99905 -0.000163911 0)
(2.99768 -0.000573963 0)
(2.99384 -0.00123116 0)
(2.98615 -0.00317446 -1.48267e-20)
(2.96248 -0.00499683 1.46512e-20)
(2.90594 -0.00954442 0)
(2.7452 -0.00970491 0)
(2.23026 0.0260442 8.90652e-20)
(1.11053 0.0101016 6.52408e-20)
(2.99954 -2.53569e-05 -3.36697e-21)
(2.99845 -0.000137519 -3.39531e-21)
(2.99613 -0.00042938 6.7377e-21)
(2.98999 -0.000793184 -1.3891e-20)
(2.97609 -0.0010938 -7.66987e-22)
(2.9388 4.61681e-06 1.40564e-20)
(2.83783 0.0117265 0)
(2.54962 0.057054 -6.18117e-20)
(1.69903 0.235676 -6.19506e-20)
(0.745651 0.176878 1.49284e-19)
(2.99939 -1.63717e-05 0)
(2.99797 -0.000114407 0)
(2.99485 -0.000230543 -6.47134e-21)
(2.98709 -0.00032892 6.42642e-21)
(2.96845 0.000873423 0)
(2.92028 0.00570345 -1.5889e-20)
(2.788 0.0288093 1.46857e-20)
(2.40604 0.114916 0)
(1.41818 0.367002 0)
(0.629965 0.401643 0)
(2.99922 -2.34987e-05 0)
(2.99751 -0.000165815 0)
(2.99353 -0.000354907 -6.17501e-21)
(2.98409 -0.000584968 6.11504e-21)
(2.96093 0.000387144 1.35647e-20)
(2.90077 0.00577648 -2.87419e-20)
(2.73576 0.0300517 5.71282e-20)
(2.26175 0.124777 -3.78598e-20)
(1.22335 0.329625 9.8834e-20)
(0.602434 0.49239 -1.22833e-19)
(2.999 -2.72683e-05 0)
(2.99679 -0.000158087 0)
(2.99168 -0.000357082 -5.91452e-21)
(2.97951 -0.000309993 5.84118e-21)
(2.94934 0.00138919 1.33228e-20)
(2.86942 0.0104535 -2.86937e-20)
(2.64526 0.0479664 -3.19604e-20)
(1.98962 0.191721 3.99019e-20)
(0.996064 0.301974 0)
(0.55866 0.541212 0)
(2.9988 -1.2277e-05 0)
(2.99616 -6.24412e-05 0)
(2.99009 1.11166e-06 0)
(2.97561 0.000824806 0)
(2.9395 0.00482827 0)
(2.84294 0.0209955 0)
(2.56952 0.0816698 0)
(1.78131 0.292969 0)
(0.866708 0.414267 -7.20811e-20)
(0.574687 0.615523 5.63067e-20)
(2.99865 8.4954e-06 0)
(2.9957 6.80824e-05 0)
(2.98892 0.000464127 0)
(2.97279 0.00220115 0)
(2.93247 0.00872519 1.2681e-20)
(2.82447 0.0321497 -1.18125e-20)
(2.51778 0.115071 -4.89942e-20)
(1.65988 0.382458 3.88904e-20)
(0.845199 0.538602 0)
(0.664001 0.691361 -5.69269e-20)
(2.99857 1.89216e-05 0)
(2.99545 0.000133036 0)
(2.98831 0.000691038 -5.22659e-21)
(2.97136 0.0028613 5.13535e-21)
(2.929 0.0105529 1.22467e-20)
(2.81558 0.0373498 -2.69111e-20)
(2.49302 0.131035 -3.44098e-20)
(1.61073 0.426034 3.72891e-20)
(0.876678 0.622013 0)
(0.777345 0.731924 -5.37615e-20)
(2.99848 7.01509e-05 0)
(2.99517 0.000450854 0)
(2.98761 0.0017667 0)
(2.96968 0.00587084 0)
(2.92488 0.0184748 0)
(2.80516 0.0582071 0)
(2.46665 0.186016 0)
(1.59665 0.544214 0)
(0.947109 0.793453 0)
(0.896333 0.796277 0)
(2.99873 9.73929e-05 0)
(2.99595 0.000605485 0)
(2.98966 0.00203704 0)
(2.97489 0.00564202 0)
(2.93851 0.0146483 0)
(2.84255 0.0383052 0)
(2.57475 0.106834 0)
(1.83822 0.334332 0)
(1.1382 0.79128 0)
(1.01454 0.834473 0)
(2.99924 9.09841e-05 0)
(2.9976 0.000563932 0)
(2.99391 0.00188684 0)
(2.9854 0.00517575 0)
(2.9652 0.0132147 0)
(2.91457 0.0335197 0)
(2.77961 0.088484 0)
(2.38659 0.248875 0)
(1.54511 0.674891 0)
(1.13209 0.807233 0)
(2.99948 5.47611e-05 0)
(2.99835 0.000338943 0)
(2.99581 0.00112988 0)
(2.99 0.00307385 0)
(2.97635 0.00771971 0)
(2.94299 0.0189855 0)
(2.85605 0.0478879 0)
(2.61424 0.127587 0)
(1.94873 0.371025 0)
(1.31707 0.756678 0)
(2.99969 4.63217e-05 0)
(2.99903 0.000286728 0)
(2.99755 0.000955834 0)
(2.99418 0.00259811 0)
(2.98638 0.00649869 0)
(2.96781 0.015808 0)
(2.92133 0.038818 0)
(2.79735 0.0994428 0)
(2.43472 0.272198 0)
(1.70278 0.701758 0)
(2.99986 3.1948e-05 0)
(2.99956 0.000197688 0)
(2.99889 0.0006585 0)
(2.99739 0.0017866 0)
(2.99397 0.00444842 0)
(2.98609 0.0107058 0)
(2.96742 0.0256873 0)
(2.9211 0.0633037 0)
(2.79266 0.165057 0)
(2.45983 0.461119 0)
(2.99996 1.55212e-05 0)
(2.99987 9.59675e-05 0)
(2.99967 0.000319051 0)
(2.99923 0.000862351 0)
(2.99827 0.0021323 0)
(2.99611 0.00506794 0)
(2.99127 0.0118839 0)
(2.9802 0.0280792 0)
(2.95304 0.0684348 0)
(2.88082 0.181817 0)
(2.99999 4.74787e-06 0)
(2.99997 2.93079e-05 0)
(2.99992 9.70382e-05 0)
(2.99981 0.000260299 0)
(2.99958 0.000635842 0)
(2.99907 0.00148408 0)
(2.998 0.00338768 0)
(2.9957 0.00767644 0)
(2.99094 0.0174817 0)
(2.98013 0.0412051 0)
(3 1.22276e-06 0)
(2.99999 7.53647e-06 0)
(2.99998 2.48483e-05 0)
(2.99995 6.60962e-05 0)
(2.9999 0.000159308 0)
(2.99978 0.000364512 0)
(2.99954 0.000810892 0)
(2.99903 0.00176638 0)
(2.99797 0.00381882 0)
(2.99663 0.00815483 0)
(3 3.02875e-07 0)
(3 1.86596e-06 0)
(2.99999 6.1331e-06 0)
(2.99999 1.623e-05 0)
(2.99997 3.8746e-05 0)
(2.99994 8.76508e-05 0)
(2.99988 0.000191739 0)
(2.99974 0.000410666 0)
(2.99961 0.000862188 0)
(2.99923 0.00184926 0)
(3 6.08584e-08 0)
(3 3.75074e-07 0)
(3 1.23492e-06 0)
(3 3.27677e-06 0)
(2.99999 7.86328e-06 0)
(2.99998 1.78852e-05 0)
(2.99997 3.95016e-05 0)
(2.99993 8.52064e-05 0)
(2.9999 0.000183937 0)
(2.9998 0.000301114 0)
(1.05564 0.82915 -5.43584e-21)
(1.13807 0.819569 5.18565e-21)
(1.22395 0.812376 -1.09616e-21)
(1.28676 0.808253 -4.51208e-20)
(1.33415 0.80512 -1.43367e-22)
(1.37516 0.802344 -2.26065e-20)
(1.41482 0.799995 -1.08548e-21)
(1.4549 0.79834 -2.36308e-20)
(1.49487 0.797418 -4.38013e-20)
(1.5377 0.798275 -2.16181e-20)
(1.12568 0.826882 -3.08248e-20)
(1.14734 0.840486 4.2094e-20)
(1.19472 0.84799 3.5388e-20)
(1.24686 0.85499 0)
(1.29127 0.863832 3.45815e-20)
(1.33127 0.873807 2.30485e-20)
(1.36953 0.883899 -1.17727e-20)
(1.40755 0.893256 3.56523e-20)
(1.44612 0.901339 9.16018e-20)
(1.48566 0.90817 -1.28131e-20)
(1.26992 0.799227 -1.13682e-20)
(1.27627 0.811885 -2.57562e-20)
(1.31453 0.808835 1.07614e-20)
(1.37249 0.801809 -1.47245e-20)
(1.42866 0.794042 -1.00013e-19)
(1.46973 0.790876 3.66696e-20)
(1.4978 0.792898 -2.55918e-20)
(1.5182 0.798238 -2.5178e-20)
(1.53548 0.804978 -6.05298e-20)
(1.55171 0.810945 3.67985e-20)
(1.47019 0.77802 7.02364e-21)
(1.25166 0.846653 -3.07656e-21)
(1.17222 0.908859 1.31345e-20)
(1.17032 0.96105 1.28117e-20)
(1.21615 0.999257 1.25445e-20)
(1.29553 1.02128 1.23868e-20)
(1.37541 1.02683 1.23999e-20)
(1.44194 1.02056 -3.74382e-20)
(1.49091 1.01102 1.14483e-19)
(1.52423 1.00033 -6.50337e-20)
(2.40051 0.525295 0)
(2.30892 0.612638 7.32567e-21)
(2.19444 0.70476 2.97269e-20)
(2.05769 0.787971 3.57119e-21)
(1.88591 0.857147 -7.13101e-20)
(1.70721 0.91217 4.48102e-20)
(1.58403 0.953867 -5.49114e-20)
(1.53364 0.996173 5.15951e-20)
(1.53804 1.03194 0)
(1.54964 1.07019 1.2318e-20)
(2.86594 0.197891 -3.05811e-21)
(2.84615 0.217352 9.46326e-21)
(2.82022 0.241807 -9.08128e-21)
(2.78621 0.272848 0)
(2.74537 0.314342 -2.64146e-20)
(2.68626 0.368355 2.93203e-20)
(2.62386 0.437639 3.21967e-21)
(2.53466 0.504388 3.44003e-21)
(2.45368 0.576218 3.59979e-21)
(2.30117 0.614403 -1.02798e-19)
(2.97626 0.0449465 1.47902e-21)
(2.97157 0.0492493 -1.00821e-20)
(2.96488 0.0544316 2.11082e-20)
(2.95853 0.060827 -1.24068e-21)
(2.94827 0.0687287 -1.74134e-20)
(2.93932 0.0783917 -1.49918e-21)
(2.92269 0.0911274 -3.2995e-20)
(2.91112 0.106055 -6.86222e-21)
(2.87889 0.126673 5.15386e-20)
(2.83105 0.14336 -3.64678e-20)
(2.99562 0.00903124 -1.44737e-21)
(2.9946 0.0100576 4.5736e-21)
(2.99317 0.0112432 7.59639e-22)
(2.9916 0.0128356 1.63544e-21)
(2.98971 0.0144588 -2.38047e-20)
(2.98664 0.0168752 2.74532e-20)
(2.98569 0.0192969 1.76095e-21)
(2.9802 0.0229625 1.86032e-21)
(2.97571 0.0257019 1.87206e-21)
(2.96468 0.0314568 2.09678e-21)
(2.99916 0.00199575 -4.01701e-22)
(2.99896 0.0022198 -6.93998e-21)
(2.99867 0.0024422 5.37912e-21)
(2.99839 0.0027796 1.34745e-20)
(2.99792 0.00310031 -4.1494e-20)
(2.99746 0.00357618 2.73645e-20)
(2.99644 0.00411196 -2.88365e-20)
(2.99646 0.0046277 -4.63021e-22)
(2.99226 0.00511319 5.89381e-20)
(2.98601 0.00491886 -3.0512e-20)
(2.99979 0.000332444 -3.08103e-21)
(2.99974 0.000357075 4.02659e-21)
(2.99969 0.000393147 4.55525e-22)
(2.99961 0.000434195 0)
(2.99947 0.00047499 -2.96519e-20)
(2.9995 0.00055584 6.1744e-20)
(2.99908 0.000597979 -6.19413e-20)
(2.99864 0.000673653 3.22611e-20)
(2.99858 0.00069835 3.29277e-20)
(2.99536 0.000688771 -3.25324e-20)
)
;

boundaryField
{
    inlet
    {
        type            fixedValue;
        value           uniform (3 0 0);
    }
    outlet
    {
        type            zeroGradient;
    }
    top
    {
        type            symmetryPlane;
    }
    bottom
    {
        type            symmetryPlane;
    }
    empty
    {
        type            empty;
    }
    wall
    {
        type            noSlip;
    }
}


// ************************************************************************* //
