/*--------------------------------*- C++ -*----------------------------------*\
| =========                 |                                                 |
| \\      /  F ield         | OpenFOAM: The Open Source CFD Toolbox           |
|  \\    /   O peration     | Version:  v1912                                 |
|   \\  /    A nd           | Website:  www.openfoam.com                      |
|    \\/     M anipulation  |                                                 |
\*---------------------------------------------------------------------------*/
FoamFile
{
    version     2.0;
    format      ascii;
    class       volScalarField;
    location    "0.82";
    object      rho;
}
// * * * * * * * * * * * * * * * * * * * * * * * * * * * * * * * * * * * * * //

dimensions      [1 -3 0 0 0 0 0];


internalField   nonuniform List<scalar> 
4800
(
68.7851
2.725
1.59082
1.54814
1.50875
1.47381
1.39224
1.20518
0.912676
0.758332
0.734242
0.747556
0.775089
0.806724
0.836406
0.863232
0.888101
0.913871
0.943392
0.97762
1.00971
1.03431
1.04384
1.03861
1.01283
0.908305
0.737875
0.678105
0.665945
0.667031
0.672573
0.676799
0.67882
0.678767
0.676972
0.672696
0.66539
0.657633
0.653248
0.652022
68.7863
2.73542
1.59281
1.55532
1.50912
1.46793
1.38593
1.20877
0.920677
0.764131
0.74098
0.752414
0.778185
0.807844
0.836026
0.862083
0.88809
0.915543
0.946156
0.977609
1.00579
1.0284
1.04037
1.03628
1.01096
0.904349
0.733846
0.673615
0.662956
0.665847
0.673246
0.678649
0.680104
0.678834
0.675612
0.670648
0.664965
0.659455
0.656407
0.65714
68.7919
2.75526
1.59927
1.56772
1.50881
1.45647
1.37402
1.21549
0.93709
0.773989
0.752382
0.759803
0.781183
0.80682
0.83305
0.859623
0.888313
0.918883
0.94965
0.976471
0.999044
1.01961
1.03567
1.03249
1.0074
0.897295
0.72709
0.667655
0.659908
0.665597
0.67472
0.679767
0.679814
0.676487
0.671383
0.667212
0.664467
0.661834
0.66064
0.661355
68.8052
2.77413
1.60595
1.57974
1.51181
1.44607
1.36301
1.22535
0.96078
0.789776
0.769086
0.770466
0.786811
0.807359
0.831219
0.858706
0.890091
0.922936
0.95298
0.97506
0.992573
1.00859
1.02546
1.02392
0.999945
0.888759
0.720429
0.660776
0.654781
0.663267
0.673433
0.678015
0.676806
0.671843
0.666599
0.663966
0.663048
0.663299
0.664053
0.664841
68.8196
2.78268
1.61241
1.59092
1.51899
1.43886
1.35216
1.23423
0.988487
0.810717
0.787871
0.782782
0.793271
0.80949
0.83116
0.858807
0.892034
0.926989
0.955716
0.974223
0.986481
0.997931
1.01239
1.01016
0.987818
0.880609
0.716624
0.655922
0.649085
0.657216
0.66749
0.671998
0.670687
0.666453
0.662676
0.661485
0.662383
0.664086
0.665098
0.664509
68.8277
2.78821
1.61664
1.59992
1.52428
1.43397
1.34455
1.24174
1.01925
0.834787
0.80419
0.796925
0.802329
0.815168
0.834806
0.862265
0.895669
0.930843
0.957425
0.973358
0.981303
0.987932
0.998314
0.992664
0.972123
0.873674
0.715815
0.652997
0.642519
0.647295
0.655679
0.660747
0.661851
0.660824
0.659563
0.659865
0.661535
0.662634
0.662007
0.659702
68.8211
2.79784
1.61723
1.60538
1.5283
1.43486
1.3432
1.24867
1.04806
0.858846
0.818712
0.810486
0.813601
0.824877
0.842925
0.86904
0.901189
0.933901
0.957498
0.971294
0.976597
0.97869
0.983534
0.97367
0.954865
0.86754
0.7166
0.651676
0.637317
0.636384
0.640677
0.645867
0.650224
0.653498
0.655929
0.658102
0.659349
0.658693
0.655928
0.652552
68.7941
2.82485
1.61432
1.6031
1.5267
1.43577
1.3448
1.25645
1.07034
0.876487
0.828542
0.82058
0.823911
0.836612
0.854582
0.8793
0.907855
0.936116
0.956732
0.968983
0.971952
0.970168
0.969477
0.95556
0.938226
0.861494
0.717427
0.649582
0.63012
0.624735
0.626588
0.631216
0.637687
0.645082
0.651273
0.654451
0.654935
0.652989
0.649351
0.646531
68.742
2.8758
1.60921
1.59554
1.52129
1.43481
1.34985
1.26436
1.08319
0.883651
0.830802
0.826602
0.83133
0.84751
0.867453
0.890621
0.914869
0.938432
0.955979
0.966143
0.966886
0.96194
0.957513
0.940769
0.924183
0.854438
0.715693
0.645184
0.622357
0.614824
0.615495
0.619538
0.626288
0.635315
0.644055
0.648181
0.648376
0.646345
0.643561
0.642445
68.6772
2.93367
1.60568
1.58276
1.51351
1.43351
1.35446
1.26825
1.0878
0.882712
0.825752
0.82516
0.835696
0.855748
0.877457
0.89947
0.92071
0.940601
0.955372
0.963604
0.962426
0.955246
0.94916
0.930624
0.913296
0.846214
0.71095
0.6386
0.614998
0.606783
0.606996
0.610633
0.616929
0.625618
0.635
0.640343
0.641258
0.640511
0.639514
0.639539
68.6071
2.9838
1.60244
1.57222
1.50216
1.43259
1.35704
1.26908
1.08636
0.877804
0.816041
0.81829
0.835291
0.859612
0.882791
0.903669
0.92314
0.941411
0.954961
0.96157
0.959383
0.951799
0.944769
0.924678
0.905257
0.837494
0.703802
0.630022
0.607443
0.59998
0.600501
0.603657
0.609171
0.616982
0.625952
0.632812
0.635793
0.636579
0.636298
0.636297
68.5341
3.02075
1.59802
1.56192
1.49348
1.42945
1.35706
1.26694
1.08156
0.870286
0.804723
0.808459
0.831019
0.859137
0.883295
0.903202
0.921284
0.938703
0.952564
0.959951
0.958574
0.951434
0.943793
0.922352
0.89942
0.82889
0.695435
0.620567
0.599768
0.593846
0.595376
0.598447
0.602894
0.609595
0.618132
0.626653
0.632217
0.634
0.633404
0.632481
68.4564
3.04263
1.59441
1.55422
1.48928
1.42707
1.35561
1.26164
1.07234
0.860542
0.794269
0.79934
0.824752
0.85525
0.878579
0.896688
0.91361
0.931468
0.947456
0.958168
0.959893
0.953695
0.944996
0.922582
0.895417
0.821215
0.687183
0.611319
0.592822
0.588716
0.591601
0.595306
0.599176
0.604755
0.612502
0.621444
0.628604
0.631147
0.630193
0.627493
68.3942
3.04419
1.59306
1.55151
1.48931
1.4274
1.35275
1.25203
1.05959
0.849275
0.785971
0.793599
0.819777
0.848629
0.869631
0.885316
0.901209
0.920165
0.940185
0.956127
0.962309
0.957504
0.947379
0.924146
0.892417
0.815397
0.680475
0.603335
0.587497
0.585045
0.589832
0.594695
0.598295
0.602111
0.607784
0.615517
0.623168
0.626832
0.62539
0.620795
68.3501
3.01926
1.59412
1.5542
1.49395
1.42963
1.35041
1.24107
1.04343
0.83675
0.77919
0.789375
0.816658
0.842362
0.859429
0.87222
0.886639
0.906257
0.93103
0.95282
0.964909
0.962389
0.950906
0.927678
0.891198
0.812388
0.676447
0.59797
0.584201
0.583903
0.590739
0.59703
0.599928
0.600446
0.60253
0.607912
0.614834
0.619233
0.61882
0.615114
68.3225
2.96172
1.59571
1.56006
1.50211
1.435
1.35031
1.23114
1.02501
0.823341
0.773887
0.786037
0.814285
0.837718
0.852419
0.862139
0.873909
0.892626
0.920711
0.948614
0.967308
0.967673
0.955135
0.932584
0.891943
0.812497
0.675711
0.595404
0.584017
0.586298
0.595517
0.602096
0.602126
0.598911
0.596845
0.598649
0.603133
0.608794
0.612449
0.611784
68.3351
2.87979
1.59707
1.56709
1.51109
1.44259
1.35345
1.22368
1.00617
0.810611
0.769373
0.783147
0.812153
0.834621
0.848328
0.856703
0.866255
0.882632
0.910976
0.943066
0.967196
0.971585
0.957949
0.936809
0.892926
0.815118
0.678316
0.596863
0.588271
0.594346
0.603482
0.606394
0.602457
0.596581
0.591921
0.589874
0.591521
0.597237
0.605155
0.611851
68.3773
2.7853
1.59887
1.57469
1.52028
1.45157
1.35843
1.21703
0.987681
0.799159
0.765586
0.780675
0.809731
0.833072
0.847378
0.855781
0.864322
0.878283
0.903806
0.936431
0.963243
0.972222
0.959119
0.938663
0.893001
0.818916
0.683721
0.603889
0.598192
0.60506
0.609208
0.606874
0.601413
0.594793
0.587964
0.583466
0.583078
0.588507
0.598977
0.610982
68.4423
2.69588
1.60051
1.5799
1.52731
1.45835
1.36226
1.21152
0.970935
0.790306
0.763025
0.778635
0.806701
0.831191
0.847285
0.857595
0.866229
0.87871
0.900683
0.9304
0.956486
0.967964
0.957173
0.938026
0.892705
0.823654
0.692997
0.615854
0.608715
0.611112
0.610161
0.606128
0.599635
0.592454
0.585409
0.580027
0.578113
0.582709
0.593999
0.60996
68.5056
2.63275
1.60101
1.58079
1.52816
1.45974
1.36364
1.20732
0.957199
0.784652
0.762257
0.777548
0.803166
0.829177
0.84776
0.860885
0.870637
0.881837
0.900172
0.925586
0.948515
0.95938
0.951765
0.935229
0.892794
0.830456
0.704414
0.625826
0.615779
0.612529
0.60939
0.603597
0.596718
0.58995
0.583804
0.578818
0.576762
0.579951
0.590933
0.608056
68.5738
2.60084
1.60004
1.57655
1.52169
1.45536
1.36231
1.20568
0.948207
0.782191
0.763382
0.776464
0.799459
0.825983
0.84753
0.863888
0.875865
0.88725
0.902481
0.922739
0.940733
0.949037
0.943686
0.930879
0.894146
0.839536
0.713455
0.629782
0.618106
0.611242
0.606433
0.599845
0.593152
0.587242
0.582402
0.578747
0.577426
0.580632
0.590515
0.604985
68.6272
2.60327
1.59913
1.56853
1.50909
1.44471
1.35839
1.20773
0.945051
0.783438
0.767464
0.775104
0.795272
0.821342
0.845437
0.865644
0.880691
0.893616
0.90644
0.920859
0.933161
0.938284
0.935669
0.927449
0.899696
0.849316
0.717075
0.627785
0.616403
0.607236
0.601979
0.595484
0.589192
0.584003
0.5807
0.579125
0.579629
0.583286
0.590661
0.601115
68.7052
2.6309
1.59941
1.55985
1.49266
1.42978
1.35375
1.21419
0.946976
0.788115
0.773894
0.774213
0.791505
0.816446
0.842045
0.865754
0.884826
0.89952
0.910591
0.919591
0.925748
0.928326
0.929952
0.926417
0.909495
0.857977
0.715043
0.62176
0.609423
0.600511
0.596762
0.59105
0.585042
0.580582
0.578696
0.579841
0.583082
0.587232
0.591937
0.597837
68.7875
2.67135
1.60202
1.55216
1.47679
1.41429
1.35056
1.22516
0.954934
0.797146
0.78005
0.774219
0.789516
0.81301
0.839027
0.864672
0.88674
0.903335
0.913829
0.91834
0.918692
0.920147
0.927995
0.928445
0.923631
0.864045
0.708636
0.614774
0.59859
0.593229
0.591975
0.587289
0.581568
0.577674
0.576874
0.580246
0.585959
0.590792
0.593336
0.595274
68.8233
2.71387
1.60349
1.54637
1.46453
1.40143
1.35028
1.23933
0.967876
0.809596
0.783331
0.7766
0.790095
0.811891
0.837575
0.863648
0.887294
0.905314
0.91533
0.916987
0.914138
0.915671
0.929123
0.934914
0.938735
0.865474
0.698446
0.606202
0.588256
0.586844
0.587673
0.584488
0.579509
0.576107
0.576273
0.580733
0.58744
0.592478
0.594486
0.594523
68.8321
2.75091
1.60259
1.54132
1.45535
1.393
1.35359
1.25402
0.981107
0.820933
0.786344
0.780974
0.792777
0.812694
0.837789
0.863704
0.888109
0.906863
0.916334
0.916507
0.912538
0.915213
0.929979
0.944978
0.951375
0.863248
0.687744
0.598694
0.579913
0.581518
0.584593
0.583334
0.579373
0.576886
0.577585
0.581686
0.587262
0.591431
0.593006
0.593122
68.8401
2.78295
1.5984
1.53597
1.45027
1.39124
1.36134
1.26665
0.991657
0.83064
0.790687
0.78582
0.796426
0.814966
0.839598
0.865147
0.8897
0.908424
0.917583
0.917524
0.914089
0.919006
0.934669
0.95436
0.956642
0.85766
0.677391
0.592836
0.574151
0.577458
0.582585
0.583505
0.581729
0.580367
0.580919
0.583178
0.586404
0.588528
0.589703
0.591133
68.8296
2.80157
1.59289
1.53318
1.45023
1.39838
1.37272
1.27428
0.999204
0.838457
0.79656
0.790321
0.800272
0.81838
0.842929
0.868325
0.89243
0.91026
0.91916
0.920442
0.919325
0.927339
0.942564
0.962127
0.955576
0.847489
0.667474
0.590025
0.572151
0.576057
0.582527
0.585909
0.586683
0.586156
0.585635
0.585617
0.585474
0.585762
0.586465
0.589582
68.8545
2.80678
1.58709
1.53451
1.45979
1.41471
1.38397
1.27425
1.00171
0.842038
0.80258
0.795401
0.804816
0.822959
0.847624
0.87312
0.896301
0.912518
0.921569
0.925817
0.928325
0.941727
0.954325
0.967635
0.949524
0.836116
0.66055
0.591394
0.574372
0.578355
0.585759
0.591563
0.594446
0.594442
0.592488
0.589215
0.586423
0.584919
0.585195
0.590153
68.848
2.80185
1.5818
1.54325
1.4802
1.43536
1.38964
1.26763
0.999784
0.843595
0.809845
0.801037
0.810227
0.828582
0.853359
0.878962
0.900723
0.915339
0.925417
0.933215
0.943798
0.961348
0.968686
0.970653
0.94181
0.824811
0.656871
0.596976
0.581636
0.585227
0.593246
0.600865
0.60554
0.605556
0.601918
0.596366
0.59083
0.587472
0.58766
0.594793
68.8288
2.7928
1.5789
1.55739
1.50404
1.45323
1.38908
1.25439
0.995191
0.842892
0.815912
0.806887
0.81592
0.834585
0.859213
0.884594
0.905024
0.919273
0.931661
0.945775
0.963382
0.982514
0.98568
0.974343
0.935715
0.816176
0.657292
0.606799
0.594372
0.597205
0.605423
0.614086
0.61984
0.620364
0.615756
0.607775
0.599969
0.595518
0.596066
0.605625
68.7995
2.78995
1.57946
1.57378
1.52497
1.4643
1.38465
1.23996
0.988526
0.839762
0.819181
0.811676
0.821037
0.839839
0.863869
0.888716
0.909316
0.925735
0.94228
0.962573
0.984877
1.00265
1.00171
0.982416
0.934545
0.811893
0.660958
0.618782
0.611308
0.614336
0.622639
0.631368
0.637331
0.638218
0.633327
0.623685
0.614872
0.610801
0.613006
0.623937
68.7603
2.80466
1.58227
1.58691
1.53708
1.46794
1.37802
1.2272
0.980406
0.834522
0.818401
0.81351
0.824683
0.843733
0.8667
0.891222
0.914303
0.935283
0.957358
0.98145
1.00479
1.02006
1.01594
0.993878
0.939809
0.811594
0.666504
0.631566
0.62999
0.635749
0.644731
0.652723
0.657671
0.658256
0.653212
0.643616
0.635994
0.633816
0.638503
0.65092
68.7072
2.84203
1.58825
1.59379
1.5398
1.46572
1.37117
1.21803
0.972807
0.827337
0.813221
0.813405
0.826623
0.846222
0.868411
0.893626
0.920394
0.947934
0.975369
1.00013
1.02186
1.03372
1.03153
1.00854
0.950933
0.815739
0.674124
0.643591
0.647233
0.657831
0.669868
0.677187
0.680192
0.679378
0.674179
0.666775
0.662445
0.662997
0.67108
0.683758
68.6469
2.89834
1.59387
1.59444
1.53562
1.46053
1.36597
1.21415
0.967347
0.819131
0.805053
0.810586
0.826978
0.847684
0.870168
0.896817
0.92856
0.962603
0.993647
1.01735
1.03503
1.04379
1.04577
1.02362
0.965267
0.82442
0.683661
0.654522
0.659939
0.676344
0.692815
0.701665
0.703194
0.700356
0.695468
0.691858
0.69082
0.696385
0.707147
0.715222
68.5803
2.96627
1.59874
1.58891
1.52473
1.45282
1.36337
1.21494
0.96447
0.811624
0.79572
0.804765
0.825284
0.848418
0.87302
0.90245
0.938598
0.977147
1.00931
1.0315
1.04542
1.05208
1.05583
1.0354
0.978269
0.835054
0.695874
0.665711
0.66894
0.68739
0.708271
0.720716
0.723284
0.719651
0.71648
0.716095
0.720959
0.730093
0.738514
0.739031
68.5177
3.03226
1.60265
1.57984
1.51245
1.4455
1.3619
1.21789
0.964023
0.807327
0.7878
0.797343
0.82126
0.848579
0.877527
0.910901
0.949375
0.989131
1.02109
1.04267
1.05542
1.06113
1.06293
1.04154
0.985497
0.843601
0.707216
0.677661
0.676429
0.691953
0.713071
0.729022
0.735882
0.737359
0.737113
0.74034
0.749118
0.757963
0.760672
0.753042
68.4659
3.08552
1.60554
1.57125
1.50239
1.44062
1.36107
1.22071
0.964701
0.805569
0.781906
0.790068
0.816065
0.849034
0.884137
0.921378
0.959602
0.996437
1.02664
1.04944
1.0641
1.06885
1.0671
1.04203
0.986262
0.848262
0.716585
0.687561
0.683797
0.694143
0.710364
0.726083
0.738016
0.746625
0.754626
0.76396
0.772468
0.77613
0.771916
0.758767
68.4301
3.12092
1.60677
1.56292
1.49421
1.43652
1.36096
1.22361
0.965872
0.804956
0.777838
0.784113
0.811135
0.849493
0.891422
0.931406
0.966834
0.998148
1.02677
1.05215
1.0698
1.07463
1.06887
1.03951
0.98314
0.848654
0.721287
0.694828
0.689199
0.695416
0.705645
0.717061
0.731456
0.748856
0.768535
0.78451
0.790179
0.786948
0.775234
0.758921
68.4113
3.13708
1.60704
1.55781
1.48901
1.43313
1.35977
1.22461
0.967032
0.805493
0.77583
0.780866
0.8073
0.84883
0.895696
0.937918
0.972476
1.00044
1.02688
1.05238
1.0716
1.07639
1.06832
1.03643
0.979183
0.846868
0.721983
0.697623
0.692556
0.695512
0.702267
0.709915
0.724118
0.746938
0.774457
0.794774
0.801477
0.794359
0.77691
0.757902
0.657619
0.666064
0.679968
0.696065
0.70908
0.696447
0.653908
0.55197
0.47949
0.473077
0.478318
0.493895
0.514997
0.534501
0.549884
0.560879
0.56723
0.57071
0.573165
0.577803
0.587457
0.600961
0.615223
0.626627
0.634612
0.643377
0.660543
0.682377
0.688341
0.683024
0.628537
0.555705
0.540108
0.539888
0.546929
0.556485
0.563436
0.569203
0.575377
0.583961
0.597161
0.612048
0.627194
0.640919
0.651677
0.658228
0.663769
0.67312
0.68169
0.684824
0.678554
0.65112
0.59532
0.560665
0.558387
0.562544
0.568002
0.572755
0.575182
0.577594
0.583709
0.595714
0.613184
0.631759
0.646373
0.657265
0.667801
0.677538
0.680796
0.677998
0.666071
0.64235
0.596929
0.571699
0.583493
0.604631
0.624431
0.638211
0.644477
0.657474
0.664053
0.67298
0.684127
0.692825
0.697176
0.677826
0.634142
0.538772
0.483616
0.480624
0.487535
0.503255
0.521649
0.537522
0.549922
0.559751
0.565454
0.569289
0.574304
0.581787
0.592424
0.606641
0.620916
0.632382
0.640536
0.650693
0.666962
0.685499
0.683695
0.668614
0.606888
0.546476
0.53865
0.539631
0.547931
0.557628
0.56489
0.570988
0.578022
0.587007
0.598637
0.612437
0.626501
0.640125
0.650606
0.657341
0.664821
0.675719
0.682954
0.683067
0.673445
0.639927
0.586537
0.562146
0.561071
0.565974
0.57291
0.579004
0.583082
0.588035
0.59797
0.612663
0.628218
0.641184
0.65205
0.661057
0.66932
0.67949
0.684843
0.682897
0.674117
0.653316
0.609319
0.578716
0.578507
0.591654
0.607959
0.622573
0.631134
0.641548
0.667076
0.673611
0.681819
0.690462
0.694145
0.677498
0.632901
0.537243
0.490238
0.490121
0.497891
0.511583
0.524694
0.535293
0.544938
0.553903
0.56194
0.569864
0.578215
0.587736
0.598507
0.610623
0.621988
0.631352
0.639774
0.654722
0.674849
0.687124
0.684391
0.660376
0.58861
0.538583
0.534279
0.537852
0.548363
0.559505
0.567656
0.574306
0.581049
0.588758
0.597959
0.609406
0.622092
0.635136
0.645994
0.654381
0.663404
0.677203
0.685081
0.681796
0.671139
0.635006
0.583151
0.5662
0.565922
0.571391
0.58054
0.589459
0.597108
0.605123
0.614584
0.625045
0.635401
0.646055
0.655948
0.663923
0.671284
0.681063
0.691665
0.698354
0.697911
0.677814
0.623109
0.583276
0.576524
0.578334
0.586614
0.600605
0.613235
0.623977
0.667607
0.670963
0.67712
0.685669
0.687805
0.675733
0.634057
0.544932
0.501727
0.50184
0.508065
0.519018
0.528581
0.534391
0.539851
0.548121
0.559621
0.5723
0.584497
0.595571
0.605323
0.614191
0.623571
0.633228
0.644917
0.665029
0.685586
0.689669
0.683024
0.645764
0.56951
0.53343
0.531311
0.537951
0.550124
0.562234
0.571293
0.578276
0.583999
0.589541
0.596485
0.605944
0.616843
0.629491
0.642375
0.65382
0.665497
0.680492
0.687623
0.682326
0.67119
0.631529
0.583219
0.57221
0.572779
0.579933
0.59266
0.606573
0.617835
0.624887
0.630057
0.635522
0.641459
0.648448
0.656279
0.664017
0.672851
0.685146
0.701162
0.710994
0.711051
0.686308
0.628836
0.588391
0.578204
0.574905
0.57825
0.585403
0.592512
0.600377
0.664201
0.664798
0.670206
0.680399
0.684896
0.678508
0.642553
0.560878
0.513762
0.512165
0.515892
0.52327
0.529578
0.533428
0.537331
0.544895
0.557922
0.574657
0.591283
0.603132
0.611112
0.617314
0.625592
0.636991
0.653273
0.675493
0.693399
0.693169
0.679321
0.629946
0.554704
0.529994
0.529874
0.538652
0.551844
0.564935
0.574807
0.581104
0.584896
0.588861
0.595156
0.603593
0.613556
0.625059
0.638915
0.653625
0.668758
0.685338
0.69213
0.686711
0.674701
0.63099
0.587888
0.582029
0.583834
0.592998
0.607625
0.621913
0.632002
0.638172
0.640413
0.640911
0.642938
0.647588
0.654072
0.662336
0.673583
0.691826
0.709383
0.717215
0.714339
0.689242
0.629767
0.589175
0.579066
0.574079
0.574906
0.579097
0.584001
0.589292
0.657602
0.657526
0.664398
0.676483
0.684267
0.681489
0.652055
0.579111
0.525266
0.520482
0.520988
0.525987
0.531277
0.534667
0.538536
0.545977
0.558877
0.576709
0.595154
0.608693
0.615647
0.620892
0.629502
0.64341
0.664152
0.687215
0.698486
0.693996
0.67238
0.613016
0.544623
0.528531
0.530717
0.540746
0.5547
0.567513
0.576502
0.581691
0.584956
0.589264
0.595606
0.603839
0.613456
0.623988
0.637274
0.654264
0.673723
0.692645
0.701052
0.697163
0.680666
0.63183
0.594144
0.590069
0.592485
0.602573
0.616197
0.628888
0.638036
0.642673
0.643452
0.642484
0.641588
0.642731
0.648543
0.660126
0.677348
0.698033
0.713288
0.719214
0.713621
0.68726
0.630341
0.591363
0.580734
0.575974
0.576898
0.580024
0.581826
0.585674
0.650343
0.652144
0.661118
0.674118
0.682612
0.683838
0.66067
0.595222
0.534423
0.525977
0.524823
0.528669
0.533889
0.537682
0.542042
0.549856
0.562237
0.578796
0.596348
0.610528
0.619442
0.625728
0.635681
0.651712
0.673588
0.695554
0.701037
0.691052
0.663215
0.597981
0.539935
0.52976
0.534326
0.54512
0.558229
0.569007
0.576345
0.581637
0.58653
0.591985
0.598985
0.607413
0.616369
0.625962
0.638498
0.656559
0.681037
0.702683
0.712362
0.708849
0.685079
0.630734
0.596968
0.593332
0.59683
0.606953
0.619284
0.628652
0.635586
0.639854
0.640348
0.638485
0.637132
0.63751
0.643477
0.658256
0.680112
0.701125
0.715713
0.718386
0.710055
0.683386
0.628442
0.593288
0.584416
0.580314
0.581716
0.584982
0.586167
0.589462
0.645343
0.649389
0.659326
0.67164
0.68029
0.68404
0.664968
0.606929
0.541442
0.529125
0.527453
0.531084
0.537314
0.542878
0.548634
0.556664
0.568273
0.581842
0.596057
0.609855
0.621231
0.630985
0.643063
0.659945
0.680294
0.697951
0.700854
0.684514
0.652491
0.58761
0.540004
0.534382
0.540903
0.550528
0.561228
0.569617
0.576275
0.582967
0.590251
0.598165
0.606449
0.614906
0.622778
0.630952
0.642838
0.661818
0.687738
0.710797
0.722006
0.716651
0.68347
0.625892
0.597142
0.593784
0.599023
0.608394
0.617854
0.624148
0.627286
0.630732
0.633242
0.633605
0.633003
0.634781
0.641888
0.657066
0.678268
0.698775
0.716064
0.718994
0.707102
0.679115
0.625041
0.593784
0.588015
0.586255
0.58828
0.591878
0.593036
0.596138
0.642986
0.647557
0.655734
0.667546
0.67584
0.681021
0.666504
0.615109
0.54664
0.529663
0.527848
0.533056
0.542016
0.550328
0.557812
0.565823
0.574754
0.58393
0.594605
0.607832
0.622085
0.635694
0.649009
0.664984
0.68242
0.693379
0.694141
0.677154
0.64285
0.583506
0.54495
0.543204
0.54954
0.556145
0.563997
0.570993
0.577625
0.585822
0.596157
0.607466
0.617441
0.625321
0.63152
0.637601
0.64715
0.66438
0.689425
0.712668
0.72558
0.717245
0.676908
0.618606
0.596043
0.593216
0.598702
0.606724
0.612628
0.615373
0.616649
0.618906
0.622693
0.627173
0.631401
0.636347
0.644703
0.657278
0.673976
0.693964
0.713097
0.719101
0.706367
0.674182
0.620533
0.593176
0.589266
0.591536
0.595805
0.600007
0.601194
0.604328
0.640795
0.644237
0.649026
0.659661
0.668364
0.675212
0.665986
0.620272
0.550998
0.52953
0.527723
0.534987
0.547094
0.558484
0.567838
0.575208
0.580637
0.585969
0.593639
0.606021
0.622327
0.638323
0.65181
0.665591
0.676627
0.680113
0.67996
0.667506
0.636988
0.586787
0.556271
0.555148
0.558611
0.562624
0.568361
0.574913
0.582494
0.592813
0.606411
0.619843
0.629368
0.635554
0.639909
0.644464
0.652181
0.665285
0.687164
0.707714
0.721112
0.712455
0.667595
0.610722
0.593283
0.590609
0.595278
0.60105
0.605045
0.60589
0.606316
0.608625
0.614789
0.624051
0.633387
0.643484
0.649811
0.65736
0.668863
0.6877
0.707208
0.716262
0.705555
0.669396
0.615813
0.591195
0.588971
0.594463
0.601773
0.607814
0.610098
0.613582
0.637055
0.638499
0.639287
0.647375
0.659117
0.668003
0.663412
0.623068
0.554534
0.529587
0.527974
0.537262
0.552136
0.566245
0.576787
0.582804
0.585782
0.588493
0.594145
0.605161
0.621138
0.637571
0.65007
0.658969
0.662959
0.662351
0.662707
0.656596
0.636868
0.598357
0.571075
0.567158
0.566524
0.569337
0.575268
0.582771
0.592317
0.604366
0.617824
0.629464
0.637725
0.642628
0.645652
0.64957
0.656346
0.667596
0.683482
0.697572
0.709174
0.702229
0.656467
0.603353
0.588967
0.585875
0.589715
0.594551
0.597889
0.598666
0.599181
0.602463
0.610448
0.624298
0.639718
0.650627
0.655411
0.658178
0.665835
0.682284
0.700935
0.71049
0.702391
0.665506
0.611701
0.588886
0.587465
0.59441
0.603296
0.611327
0.615141
0.61901
0.631452
0.628977
0.628068
0.635177
0.648987
0.659473
0.659182
0.623517
0.557108
0.52958
0.528654
0.539283
0.555833
0.571545
0.581961
0.586246
0.587823
0.58968
0.594739
0.604384
0.617895
0.632153
0.641771
0.645318
0.643912
0.642238
0.646053
0.650283
0.643484
0.613538
0.583698
0.57604
0.572654
0.576329
0.584076
0.593922
0.604938
0.615912
0.625504
0.633724
0.640693
0.645487
0.64879
0.652492
0.658482
0.668155
0.679406
0.686187
0.692414
0.687038
0.6424
0.59646
0.585126
0.581041
0.58405
0.589035
0.592581
0.594364
0.596353
0.601669
0.612108
0.628584
0.645121
0.65531
0.658665
0.659652
0.665209
0.678933
0.692872
0.700022
0.694704
0.661207
0.608704
0.587939
0.586796
0.593952
0.604676
0.614781
0.619387
0.623496
0.623252
0.619307
0.619178
0.625894
0.639827
0.649793
0.652774
0.622279
0.55832
0.528829
0.528534
0.540184
0.557816
0.573532
0.582524
0.585788
0.587092
0.5891
0.594073
0.602357
0.612676
0.622915
0.628481
0.62803
0.62547
0.626892
0.636281
0.651168
0.651752
0.624042
0.589674
0.579541
0.575693
0.581513
0.592958
0.60546
0.615788
0.622919
0.628062
0.633244
0.639207
0.644887
0.649249
0.653258
0.65883
0.668011
0.67486
0.67799
0.676767
0.66817
0.626017
0.590018
0.58199
0.577653
0.579778
0.584642
0.589187
0.593253
0.59854
0.606511
0.618767
0.632885
0.646098
0.655447
0.659978
0.662664
0.66778
0.678035
0.687192
0.68749
0.682773
0.65318
0.606017
0.588985
0.588071
0.594852
0.605882
0.616041
0.620586
0.624677
0.61529
0.612227
0.613446
0.619918
0.633095
0.64076
0.64427
0.619208
0.558703
0.527356
0.528928
0.540736
0.558145
0.572618
0.580089
0.582849
0.584172
0.586734
0.591863
0.598941
0.606767
0.612815
0.613915
0.612971
0.61425
0.62279
0.64049
0.65566
0.654145
0.625165
0.588716
0.57742
0.575546
0.585445
0.600419
0.613813
0.62148
0.624724
0.626674
0.629681
0.635082
0.642521
0.648979
0.653566
0.659108
0.667348
0.671669
0.672315
0.665991
0.650323
0.609206
0.583643
0.57892
0.576134
0.57786
0.582863
0.588931
0.595907
0.604663
0.615252
0.625883
0.635528
0.64438
0.651838
0.65984
0.665762
0.671758
0.678486
0.682314
0.677642
0.670904
0.643494
0.602061
0.589552
0.591356
0.59714
0.606644
0.615432
0.61939
0.623217
0.61082
0.609301
0.611075
0.617156
0.628803
0.633683
0.635586
0.615438
0.558762
0.526987
0.530037
0.541422
0.5565
0.568559
0.575303
0.578379
0.580508
0.584181
0.589975
0.596766
0.602653
0.60524
0.605268
0.607475
0.617364
0.633854
0.651956
0.65995
0.650078
0.618618
0.581752
0.572322
0.574835
0.587678
0.604032
0.616776
0.622529
0.623592
0.623407
0.624923
0.630276
0.639303
0.648719
0.654512
0.660523
0.666936
0.669508
0.668275
0.658894
0.636436
0.59363
0.576223
0.574944
0.577142
0.578646
0.584662
0.592698
0.602432
0.61373
0.623995
0.631029
0.634941
0.639754
0.64735
0.657983
0.667869
0.674462
0.678976
0.678758
0.671949
0.662124
0.633842
0.598378
0.591189
0.594063
0.599067
0.607566
0.61547
0.618673
0.622134
0.610126
0.610332
0.611832
0.617247
0.625531
0.629222
0.629515
0.612944
0.560014
0.529398
0.532459
0.542626
0.554391
0.564093
0.570324
0.574569
0.578672
0.583947
0.5904
0.596607
0.601323
0.604159
0.608559
0.61877
0.634401
0.649064
0.658937
0.661358
0.645016
0.610043
0.572293
0.56444
0.570915
0.585729
0.601617
0.61288
0.618443
0.620143
0.620332
0.622265
0.628153
0.637725
0.648475
0.656621
0.662967
0.667142
0.668482
0.665521
0.654
0.626472
0.581444
0.567285
0.570713
0.579566
0.582486
0.589923
0.600058
0.611825
0.622686
0.629592
0.63189
0.633469
0.636329
0.643706
0.65553
0.666662
0.67424
0.679609
0.677565
0.669697
0.658802
0.62892
0.593266
0.588977
0.593727
0.59906
0.606802
0.613583
0.616006
0.618893
0.61302
0.613617
0.614332
0.618328
0.623412
0.626962
0.626172
0.612297
0.563148
0.534126
0.536441
0.5438
0.553128
0.561345
0.567652
0.573372
0.579832
0.587537
0.596099
0.603061
0.60786
0.613259
0.622613
0.635037
0.647842
0.657914
0.661285
0.659975
0.64273
0.606184
0.568058
0.562409
0.570166
0.582478
0.595148
0.605189
0.611926
0.616146
0.619288
0.623183
0.629362
0.638779
0.649779
0.659161
0.66591
0.668608
0.668539
0.663685
0.650462
0.620058
0.574825
0.558889
0.565717
0.578766
0.590382
0.599123
0.610238
0.621014
0.628256
0.631041
0.631552
0.632172
0.635301
0.641293
0.651184
0.661504
0.670791
0.67984
0.678217
0.67108
0.660878
0.629105
0.589977
0.582921
0.588281
0.594816
0.602704
0.609895
0.613128
0.616358
0.618183
0.618636
0.618038
0.620374
0.62306
0.626616
0.626101
0.614488
0.569006
0.540397
0.541619
0.545507
0.553206
0.560749
0.567419
0.575773
0.586159
0.598157
0.608278
0.614487
0.619024
0.624384
0.631922
0.640944
0.650028
0.659593
0.662272
0.65688
0.642222
0.607701
0.571007
0.56672
0.573727
0.581395
0.589949
0.597209
0.603685
0.611086
0.619098
0.626742
0.63521
0.644473
0.65398
0.662531
0.669511
0.671821
0.670149
0.663144
0.64844
0.617135
0.572196
0.553444
0.559786
0.576699
0.595767
0.610347
0.62026
0.626754
0.629256
0.629776
0.630159
0.632004
0.63535
0.640291
0.647145
0.654217
0.665248
0.679503
0.681567
0.676478
0.66541
0.630168
0.590024
0.580199
0.581423
0.587239
0.596412
0.605648
0.610239
0.613803
0.621991
0.625301
0.624425
0.624442
0.625344
0.629426
0.630389
0.619957
0.576631
0.546203
0.546125
0.54773
0.554583
0.561922
0.570829
0.5827
0.59721
0.61024
0.617484
0.62074
0.624166
0.628814
0.634838
0.642117
0.648988
0.655384
0.657716
0.654141
0.643818
0.613498
0.580631
0.573674
0.578581
0.581942
0.588183
0.59388
0.600004
0.608427
0.619623
0.631584
0.641839
0.650645
0.658607
0.666237
0.673648
0.677379
0.673173
0.664225
0.648225
0.617059
0.573475
0.551806
0.555643
0.574664
0.599619
0.620218
0.628626
0.628974
0.628054
0.627684
0.629584
0.632699
0.63644
0.639978
0.642265
0.64736
0.659981
0.676257
0.684454
0.684546
0.669417
0.629899
0.588176
0.575666
0.574569
0.580284
0.590369
0.601468
0.608242
0.613056
0.623522
0.630418
0.631758
0.630926
0.631359
0.636028
0.639109
0.62916
0.582917
0.549662
0.549494
0.549661
0.556816
0.566469
0.57805
0.592076
0.605877
0.615372
0.619418
0.621286
0.62483
0.63018
0.634741
0.637598
0.641587
0.646273
0.651235
0.65202
0.648071
0.622834
0.59122
0.581701
0.582812
0.584124
0.588604
0.59389
0.599863
0.608787
0.620617
0.633889
0.645058
0.653929
0.661605
0.668958
0.676569
0.682305
0.678481
0.668159
0.650887
0.619873
0.577553
0.554672
0.555786
0.573241
0.600389
0.623447
0.632481
0.631026
0.626985
0.625826
0.628408
0.633137
0.637458
0.638708
0.639227
0.643899
0.65687
0.674676
0.686182
0.689805
0.6714
0.628638
0.586312
0.573227
0.571338
0.577219
0.587522
0.599078
0.607504
0.613464
0.621269
0.631619
0.635709
0.639083
0.641946
0.646771
0.652418
0.639115
0.585613
0.549958
0.550533
0.551528
0.5611
0.572941
0.585564
0.597554
0.60702
0.613107
0.617724
0.62113
0.624047
0.627118
0.629262
0.630843
0.633078
0.638431
0.646221
0.650921
0.653594
0.632026
0.599768
0.587217
0.583591
0.584737
0.589418
0.594941
0.601699
0.609795
0.620472
0.63243
0.643727
0.653123
0.661429
0.669493
0.678316
0.684739
0.684512
0.67682
0.658266
0.627575
0.585386
0.560847
0.559876
0.573451
0.597459
0.619932
0.630686
0.631368
0.628126
0.626413
0.628723
0.633685
0.63753
0.63759
0.638597
0.643792
0.656151
0.672804
0.683882
0.688506
0.670194
0.626938
0.585742
0.573882
0.57199
0.578469
0.588762
0.60036
0.609099
0.615971
0.614425
0.62713
0.63645
0.646619
0.656483
0.661784
0.667096
0.646399
0.585515
0.549426
0.549674
0.554594
0.566584
0.579041
0.58916
0.596362
0.602515
0.609055
0.614026
0.617973
0.621612
0.623655
0.623619
0.624466
0.6274
0.63339
0.643385
0.651781
0.658409
0.63771
0.603801
0.589299
0.584058
0.585108
0.590636
0.597163
0.604145
0.612603
0.621914
0.631123
0.640164
0.648782
0.656864
0.665142
0.67545
0.68538
0.690503
0.687478
0.671619
0.641342
0.59815
0.57001
0.566588
0.575342
0.591738
0.610511
0.624936
0.631659
0.631455
0.62943
0.630013
0.633207
0.636168
0.637725
0.640449
0.646888
0.65863
0.672002
0.678387
0.681547
0.664592
0.624926
0.587779
0.577771
0.57654
0.583166
0.593942
0.604932
0.612272
0.619395
0.605931
0.617789
0.632586
0.650021
0.66991
0.67907
0.679413
0.648614
0.582338
0.547664
0.548801
0.55759
0.570816
0.58157
0.587541
0.591926
0.596075
0.601221
0.60767
0.613702
0.618255
0.620021
0.619507
0.619794
0.623865
0.631957
0.644587
0.655021
0.661993
0.639179
0.602715
0.587649
0.583345
0.585417
0.592303
0.600087
0.607562
0.614917
0.622178
0.628771
0.635888
0.642938
0.64847
0.65576
0.66695
0.682409
0.695809
0.698795
0.688264
0.658636
0.614888
0.582107
0.575945
0.578501
0.58572
0.598784
0.61612
0.629492
0.634716
0.633462
0.63142
0.631798
0.634254
0.638787
0.644168
0.651828
0.66208
0.671768
0.672129
0.670025
0.657293
0.623932
0.591605
0.584632
0.584761
0.59086
0.600289
0.609573
0.615971
0.623303
0.59903
0.60703
0.624714
0.651189
0.678084
0.693468
0.690217
0.649128
0.57854
0.545841
0.547417
0.559008
0.572115
0.580911
0.584413
0.584633
0.587702
0.594045
0.602416
0.610096
0.614921
0.616752
0.616741
0.617685
0.623565
0.634614
0.648986
0.659713
0.663161
0.636773
0.596762
0.582297
0.581486
0.585994
0.594779
0.603701
0.611291
0.617281
0.622265
0.62634
0.63127
0.636325
0.641571
0.645974
0.655722
0.673088
0.693405
0.704727
0.703987
0.678766
0.634367
0.59658
0.586388
0.581478
0.582295
0.589971
0.605591
0.624918
0.63605
0.637189
0.63295
0.630687
0.63326
0.639482
0.648327
0.656633
0.663878
0.667803
0.664467
0.660658
0.650035
0.620662
0.593702
0.590654
0.594172
0.599347
0.60648
0.613359
0.618157
0.625355
0.594902
0.599589
0.61578
0.646942
0.680434
0.699453
0.694842
0.648081
0.574478
0.543825
0.545624
0.558216
0.571571
0.578098
0.578223
0.578465
0.58175
0.588887
0.598185
0.606699
0.611816
0.614154
0.615123
0.61765
0.626185
0.641207
0.656778
0.665385
0.661181
0.631115
0.588819
0.576824
0.580429
0.588187
0.598435
0.608036
0.615064
0.619224
0.621936
0.624114
0.627527
0.631903
0.636665
0.642574
0.650671
0.663127
0.681965
0.699968
0.710019
0.696472
0.654618
0.611663
0.596809
0.584983
0.582136
0.586925
0.598285
0.61589
0.63246
0.638316
0.6348
0.631771
0.633548
0.640766
0.651208
0.659472
0.663712
0.662925
0.659544
0.656506
0.646286
0.620124
0.598687
0.597064
0.601045
0.604969
0.609936
0.615489
0.61947
0.626954
0.593143
0.596923
0.610962
0.640804
0.675421
0.696733
0.692111
0.64287
0.568792
0.542245
0.544515
0.556389
0.567332
0.572809
0.574019
0.575346
0.578918
0.585887
0.59462
0.602812
0.608178
0.611449
0.614239
0.619822
0.631817
0.649663
0.665246
0.669702
0.657688
0.624872
0.58052
0.572759
0.579118
0.590791
0.603062
0.612799
0.618434
0.620616
0.621303
0.622748
0.62576
0.630945
0.636261
0.643843
0.650103
0.655654
0.668264
0.684927
0.702099
0.706016
0.670788
0.624796
0.605572
0.590787
0.5858
0.588628
0.596369
0.607558
0.624231
0.635392
0.637818
0.635406
0.63637
0.643008
0.651645
0.658165
0.660566
0.659817
0.657489
0.655736
0.646447
0.622684
0.603198
0.599853
0.602923
0.606687
0.611939
0.618121
0.62269
0.630816
0.593348
0.599297
0.613104
0.638252
0.665968
0.685181
0.68297
0.634702
0.562624
0.54089
0.542683
0.551595
0.561724
0.56854
0.572354
0.575227
0.579352
0.58523
0.591938
0.598665
0.604077
0.608756
0.614372
0.624028
0.639562
0.659183
0.672913
0.671455
0.655227
0.620115
0.5744
0.568402
0.576873
0.59302
0.607781
0.617114
0.621011
0.621462
0.620505
0.622521
0.62691
0.631449
0.639135
0.646684
0.6497
0.65226
0.658444
0.669407
0.687391
0.702249
0.677255
0.631354
0.610031
0.597168
0.592915
0.592969
0.597493
0.604589
0.61486
0.63007
0.640785
0.642089
0.64152
0.644764
0.649531
0.653992
0.657939
0.659366
0.657853
0.658059
0.650599
0.626241
0.605629
0.600912
0.602123
0.606
0.612826
0.620897
0.627586
0.636783
0.595594
0.605759
0.620516
0.640311
0.658884
0.668227
0.667919
0.621846
0.555147
0.538707
0.539533
0.547055
0.557615
0.566684
0.573188
0.577563
0.581428
0.585374
0.589618
0.594368
0.599508
0.606132
0.615673
0.629652
0.648062
0.667948
0.678722
0.673773
0.654742
0.617925
0.571744
0.565044
0.575354
0.594684
0.61208
0.62097
0.622786
0.621246
0.619962
0.623619
0.627644
0.63447
0.642382
0.647656
0.648383
0.64936
0.654628
0.66481
0.672299
0.687353
0.67128
0.631052
0.61058
0.602249
0.6011
0.600156
0.599693
0.602634
0.609513
0.623443
0.639819
0.649846
0.648036
0.645972
0.646291
0.649812
0.655918
0.660609
0.661051
0.663451
0.654927
0.629883
0.607168
0.600167
0.600827
0.605567
0.614436
0.624314
0.632459
0.642511
0.601232
0.615397
0.631936
0.648256
0.657772
0.655125
0.650434
0.603581
0.545556
0.533554
0.535751
0.543832
0.555707
0.56686
0.575399
0.580996
0.583677
0.585165
0.587091
0.590175
0.595299
0.604391
0.617948
0.636033
0.656205
0.67482
0.682719
0.677227
0.657199
0.618979
0.571941
0.563763
0.5746
0.59546
0.613982
0.622942
0.623563
0.620663
0.621225
0.624201
0.630203
0.637125
0.64208
0.644608
0.645122
0.647028
0.653834
0.663206
0.667204
0.670317
0.655995
0.622554
0.607262
0.604861
0.606754
0.608859
0.606416
0.60495
0.608951
0.618973
0.637105
0.651393
0.653438
0.647866
0.644919
0.647814
0.65483
0.662422
0.667671
0.668312
0.657155
0.630833
0.607732
0.60067
0.601923
0.60784
0.617299
0.627666
0.635792
0.646001
0.610137
0.628073
0.645428
0.658366
0.659832
0.6511
0.636798
0.582966
0.532705
0.524981
0.530661
0.541969
0.555744
0.568247
0.578289
0.58402
0.585203
0.584764
0.585004
0.587073
0.592819
0.604081
0.620674
0.641609
0.662558
0.679776
0.686261
0.681568
0.662973
0.622374
0.573267
0.563503
0.574118
0.593981
0.612514
0.622582
0.624164
0.621755
0.621797
0.62639
0.631888
0.635937
0.63706
0.637827
0.639659
0.645837
0.656102
0.664402
0.6653
0.659988
0.640669
0.608523
0.600135
0.60295
0.608153
0.612636
0.614621
0.612231
0.61235
0.619085
0.631873
0.646903
0.653469
0.650426
0.648072
0.649533
0.656712
0.666374
0.672041
0.669493
0.65673
0.632021
0.609851
0.603899
0.605661
0.611538
0.620804
0.630029
0.636694
0.646196
0.623759
0.643852
0.65854
0.66754
0.6664
0.651208
0.628687
0.565765
0.517104
0.514724
0.524228
0.538713
0.55443
0.568762
0.580431
0.585603
0.585696
0.584276
0.583869
0.585866
0.592831
0.605775
0.62343
0.644422
0.663266
0.679903
0.688062
0.684456
0.668576
0.626704
0.57543
0.563793
0.572621
0.589289
0.607359
0.618813
0.623094
0.622719
0.624922
0.627769
0.629924
0.630217
0.629412
0.628835
0.63457
0.646877
0.659427
0.667849
0.666622
0.65397
0.632551
0.598752
0.589606
0.595564
0.604802
0.612405
0.617522
0.62023
0.619053
0.620633
0.626308
0.637241
0.648017
0.653767
0.65564
0.657261
0.663107
0.668919
0.670943
0.667784
0.654158
0.632659
0.613792
0.609312
0.611291
0.61509
0.621666
0.628568
0.634168
0.642975
0.643211
0.661906
0.670384
0.674743
0.674663
0.656057
0.625289
0.553997
0.504968
0.504631
0.516213
0.534217
0.552674
0.568266
0.579768
0.584647
0.585137
0.584033
0.58409
0.587072
0.595448
0.60947
0.626718
0.644466
0.660424
0.67637
0.687638
0.685393
0.67256
0.630668
0.57766
0.564544
0.568307
0.580715
0.597335
0.610045
0.620059
0.626099
0.627328
0.62612
0.624253
0.62292
0.62064
0.622039
0.630724
0.646758
0.662463
0.672415
0.669586
0.652595
0.6305
0.596053
0.583281
0.5873
0.597568
0.608914
0.618155
0.623936
0.62488
0.62206
0.620863
0.625852
0.639177
0.653672
0.665027
0.669663
0.670378
0.670402
0.668241
0.662735
0.651613
0.633685
0.617303
0.614153
0.61564
0.617116
0.620613
0.625556
0.629758
0.637805
0.667331
0.678161
0.681778
0.683919
0.683235
0.665074
0.623871
0.545651
0.500534
0.498299
0.509391
0.528376
0.548535
0.56528
0.576659
0.581673
0.583154
0.583888
0.585896
0.591111
0.600767
0.614444
0.630212
0.642801
0.654908
0.669654
0.684456
0.684739
0.67547
0.632959
0.577475
0.563598
0.561797
0.570201
0.583921
0.597802
0.614809
0.625652
0.627323
0.623257
0.619502
0.615368
0.615265
0.619211
0.629726
0.646459
0.66371
0.67561
0.673204
0.655527
0.632173
0.596486
0.581007
0.58362
0.59199
0.604654
0.616269
0.624088
0.625988
0.621168
0.616476
0.618245
0.630709
0.651349
0.668478
0.67895
0.678329
0.671696
0.664935
0.659294
0.651337
0.635531
0.618981
0.615441
0.616933
0.617907
0.620058
0.624344
0.628129
0.635443
0.691595
0.692575
0.692558
0.694658
0.691159
0.674212
0.623016
0.539732
0.500171
0.497019
0.507096
0.524835
0.543609
0.559456
0.570418
0.576153
0.579235
0.582327
0.587328
0.595561
0.606935
0.620249
0.632713
0.640909
0.649575
0.662087
0.677581
0.681598
0.67504
0.63117
0.574402
0.559884
0.555425
0.559452
0.567318
0.581133
0.604378
0.619901
0.626632
0.62268
0.61473
0.611314
0.613443
0.620552
0.632175
0.64891
0.665544
0.676007
0.675678
0.661763
0.637375
0.599671
0.58178
0.583544
0.592561
0.604709
0.615337
0.621312
0.622513
0.619429
0.616271
0.615729
0.624022
0.644415
0.66741
0.678785
0.680868
0.675731
0.66749
0.660064
0.652764
0.635987
0.616711
0.611462
0.612235
0.61503
0.619885
0.626417
0.632013
0.639315
0.71259
0.706033
0.702861
0.705129
0.698275
0.679907
0.622082
0.536291
0.502316
0.499259
0.508081
0.523622
0.539109
0.551436
0.561225
0.568117
0.573635
0.579863
0.588964
0.600831
0.613923
0.626004
0.634313
0.639902
0.646025
0.656069
0.669441
0.675944
0.671042
0.624785
0.568355
0.554338
0.548229
0.55012
0.558753
0.573701
0.594766
0.612834
0.622801
0.619708
0.613412
0.611623
0.615967
0.62497
0.638255
0.65337
0.66687
0.675174
0.677061
0.669965
0.644517
0.605094
0.585041
0.586289
0.596849
0.608858
0.617409
0.619387
0.618735
0.617332
0.616964
0.618837
0.624933
0.63788
0.657657
0.671917
0.677137
0.679004
0.675193
0.666826
0.654266
0.634168
0.611965
0.604122
0.604696
0.610685
0.619941
0.630946
0.640677
0.648809
0.729386
0.717696
0.712118
0.713477
0.703778
0.683511
0.620588
0.535237
0.506779
0.504121
0.5117
0.524118
0.535383
0.54373
0.551637
0.559369
0.567556
0.577475
0.590117
0.605429
0.620226
0.630605
0.635779
0.639508
0.645268
0.653648
0.662925
0.669306
0.663617
0.614348
0.560595
0.548453
0.544544
0.548998
0.559603
0.573535
0.587514
0.604263
0.613984
0.615131
0.613895
0.615466
0.622133
0.633205
0.646108
0.657477
0.667515
0.674286
0.677041
0.676838
0.652764
0.612489
0.591103
0.592261
0.60356
0.615049
0.622654
0.621737
0.619425
0.618709
0.621976
0.629184
0.634977
0.639229
0.644133
0.656481
0.669932
0.676615
0.678618
0.675476
0.659462
0.634657
0.608753
0.598726
0.598954
0.606881
0.61954
0.633364
0.645266
0.65509
0.73965
0.726827
0.719515
0.71934
0.70724
0.684614
0.618354
0.536123
0.512425
0.510472
0.516406
0.525569
0.532526
0.537722
0.543799
0.551979
0.562873
0.576434
0.592007
0.609188
0.623871
0.632837
0.637014
0.639674
0.645747
0.654394
0.661162
0.665854
0.655033
0.602063
0.554237
0.546767
0.547088
0.554227
0.564008
0.573542
0.581635
0.590707
0.601595
0.610973
0.617905
0.623342
0.632315
0.643755
0.653811
0.660408
0.667205
0.674073
0.677059
0.679147
0.65962
0.620738
0.599607
0.600305
0.609766
0.620443
0.627856
0.628684
0.628286
0.63194
0.639363
0.647458
0.650275
0.645945
0.640635
0.64181
0.654693
0.671479
0.678525
0.676198
0.663086
0.637011
0.60953
0.597737
0.597909
0.605278
0.621548
0.640224
0.654767
0.665398
0.744307
0.732571
0.7248
0.722636
0.708333
0.683271
0.615201
0.53797
0.517826
0.51661
0.520488
0.526601
0.530434
0.533432
0.538328
0.547341
0.560981
0.577904
0.59553
0.611804
0.623954
0.631878
0.636563
0.640529
0.647648
0.658087
0.663103
0.666412
0.649399
0.593695
0.552768
0.549093
0.554187
0.562344
0.570226
0.573763
0.57461
0.578395
0.588424
0.604076
0.620183
0.63363
0.645114
0.65416
0.659179
0.661902
0.66701
0.67413
0.676388
0.678737
0.663028
0.628452
0.609212
0.608945
0.613894
0.622549
0.631644
0.639309
0.642939
0.649386
0.656888
0.66183
0.66144
0.655409
0.645405
0.640231
0.642424
0.653777
0.667191
0.669608
0.660536
0.639883
0.615184
0.603697
0.60318
0.612184
0.627628
0.64407
0.655355
0.664533
0.744847
0.735127
0.728461
0.724776
0.708161
0.680195
0.612129
0.540026
0.521912
0.521161
0.523168
0.527013
0.528866
0.530169
0.534529
0.545178
0.561064
0.580342
0.598871
0.612725
0.621496
0.627675
0.633828
0.640529
0.650171
0.663218
0.668477
0.669564
0.64588
0.588871
0.552856
0.552073
0.561696
0.569502
0.573483
0.571597
0.569203
0.570231
0.578684
0.597555
0.620712
0.643492
0.657248
0.661562
0.66177
0.662549
0.66737
0.674239
0.675844
0.676776
0.664063
0.634066
0.616549
0.615773
0.614676
0.622031
0.633854
0.647829
0.658851
0.665846
0.670105
0.6694
0.665807
0.660435
0.653348
0.644657
0.63932
0.637721
0.643278
0.651998
0.651952
0.639523
0.621901
0.617978
0.622608
0.62875
0.634757
0.640263
0.643702
0.65074
0.743685
0.735258
0.729296
0.724562
0.706135
0.675499
0.607614
0.540027
0.523629
0.524316
0.525657
0.527657
0.528148
0.528432
0.532385
0.543732
0.561814
0.582913
0.602574
0.615685
0.622193
0.625821
0.63138
0.64007
0.651733
0.665595
0.672694
0.671681
0.644389
0.587751
0.555109
0.556011
0.567798
0.574566
0.576696
0.572237
0.566931
0.565927
0.573546
0.590437
0.62098
0.648544
0.665441
0.667576
0.664785
0.663615
0.667829
0.674896
0.674773
0.67519
0.664225
0.637605
0.621111
0.620219
0.616514
0.621953
0.635579
0.653619
0.670973
0.68097
0.684083
0.679955
0.672694
0.666106
0.659684
0.650849
0.640932
0.633271
0.628054
0.627196
0.638747
0.643205
0.63955
0.640248
0.644268
0.644444
0.642298
0.639406
0.636355
0.642452
)
;

boundaryField
{
    inlet
    {
        type            calculated;
        value           uniform 0.140001;
    }
    outlet
    {
        type            calculated;
        value           nonuniform List<scalar> 
40
(
0.657474
0.641548
0.623977
0.600377
0.589292
0.585674
0.589462
0.596138
0.604328
0.613582
0.61901
0.623496
0.624677
0.623217
0.622134
0.618893
0.616358
0.613803
0.613056
0.613464
0.615971
0.619395
0.623303
0.625355
0.626954
0.630816
0.636783
0.642511
0.646001
0.646196
0.642975
0.637805
0.635443
0.639315
0.648809
0.65509
0.665398
0.664533
0.65074
0.642452
)
;
    }
    bottom
    {
        type            symmetryPlane;
    }
    top
    {
        type            symmetryPlane;
    }
    obstacle
    {
        type            calculated;
        value           nonuniform List<scalar> 
80
(
0.657619
0.666064
0.679968
0.696065
0.70908
0.696447
0.653908
0.55197
0.47949
0.473077
0.478318
0.493895
0.514997
0.534501
0.549884
0.560879
0.56723
0.57071
0.573165
0.577803
0.587457
0.600961
0.615223
0.626627
0.634612
0.643377
0.660543
0.682377
0.688341
0.683024
0.628537
0.555705
0.540108
0.539888
0.546929
0.556485
0.563436
0.569203
0.575377
0.583961
0.597161
0.612048
0.627194
0.640919
0.651677
0.658228
0.663769
0.67312
0.68169
0.684824
0.678554
0.65112
0.59532
0.560665
0.558387
0.562544
0.568002
0.572755
0.575182
0.577594
0.583709
0.595714
0.613184
0.631759
0.646373
0.657265
0.667801
0.677538
0.680796
0.677998
0.666071
0.64235
0.596929
0.571699
0.583493
0.604631
0.624431
0.638211
0.644477
0.657474
)
;
    }
    defaultFaces
    {
        type            empty;
    }
}


// ************************************************************************* //
