/*--------------------------------*- C++ -*----------------------------------*\
| =========                 |                                                 |
| \\      /  F ield         | OpenFOAM: The Open Source CFD Toolbox           |
|  \\    /   O peration     | Version:  v1912                                 |
|   \\  /    A nd           | Website:  www.openfoam.com                      |
|    \\/     M anipulation  |                                                 |
\*---------------------------------------------------------------------------*/
FoamFile
{
    version     2.0;
    format      ascii;
    class       volScalarField;
    location    "0.96";
    object      rho;
}
// * * * * * * * * * * * * * * * * * * * * * * * * * * * * * * * * * * * * * //

dimensions      [1 -3 0 0 0 0 0];


internalField   nonuniform List<scalar> 
4800
(
91.6036
4.55833
1.76952
1.68964
1.55527
1.4385
1.27583
0.99964
0.792713
0.763365
0.770113
0.788745
0.811658
0.833205
0.852631
0.869127
0.883667
0.898534
0.920371
0.954938
0.997167
1.03343
1.04773
1.04254
1.01708
0.957606
0.82541
0.667682
0.627157
0.62997
0.643384
0.658348
0.666219
0.666482
0.662622
0.657151
0.652403
0.64896
0.646637
0.645559
91.6194
4.53881
1.75826
1.683
1.5512
1.4379
1.27741
1.00158
0.793848
0.762654
0.768908
0.788246
0.81139
0.832262
0.850686
0.867452
0.884202
0.90373
0.929577
0.961245
0.992317
1.01815
1.03152
1.03171
1.01192
0.963944
0.834548
0.673178
0.632082
0.63308
0.644559
0.657454
0.663858
0.664708
0.662175
0.657904
0.653926
0.650791
0.648433
0.64692
91.6684
4.49819
1.74544
1.67774
1.55098
1.44101
1.27939
1.00364
0.79517
0.761332
0.767931
0.788666
0.811934
0.831727
0.84922
0.867099
0.887981
0.913421
0.941141
0.965065
0.982478
0.995425
1.00762
1.01662
1.00848
0.974461
0.84942
0.683947
0.637808
0.634142
0.642123
0.652932
0.659848
0.662335
0.661411
0.65855
0.655096
0.651826
0.64866
0.645894
91.7594
4.4519
1.72874
1.66893
1.54983
1.44456
1.28458
1.00895
0.798656
0.761903
0.767599
0.78838
0.811401
0.830805
0.848848
0.869402
0.894645
0.922981
0.947794
0.964355
0.974235
0.979704
0.986814
0.999921
0.99814
0.979339
0.867209
0.696122
0.643351
0.636312
0.640843
0.649251
0.655845
0.659154
0.659612
0.657986
0.654766
0.650893
0.646502
0.642425
91.8326
4.40395
1.71397
1.65944
1.54844
1.44789
1.29385
1.01954
0.804901
0.76427
0.767805
0.786944
0.809583
0.830369
0.851171
0.875479
0.903088
0.929297
0.948195
0.958981
0.963751
0.967349
0.97475
0.98786
0.98875
0.978915
0.883977
0.709109
0.644822
0.637007
0.639734
0.646753
0.652296
0.655202
0.655936
0.654852
0.651776
0.646923
0.641435
0.637309
91.9132
4.36213
1.70416
1.65117
1.54533
1.45071
1.30451
1.03407
0.813258
0.76875
0.768301
0.784488
0.806497
0.829991
0.855615
0.883332
0.910047
0.93118
0.944012
0.948893
0.953424
0.960196
0.97003
0.981464
0.982917
0.973541
0.893981
0.72001
0.644234
0.635744
0.638189
0.64481
0.64909
0.65074
0.650506
0.648315
0.644123
0.639117
0.634907
0.632137
92.0137
4.32463
1.70086
1.64749
1.54303
1.45279
1.31517
1.04972
0.822504
0.774297
0.768689
0.782062
0.803399
0.830113
0.860185
0.889709
0.913739
0.929455
0.935957
0.939421
0.945475
0.956025
0.968145
0.979125
0.978786
0.96465
0.895939
0.727181
0.639926
0.633693
0.634531
0.641196
0.645016
0.64535
0.642961
0.638383
0.633339
0.629077
0.626887
0.6275
92.1391
4.28834
1.70329
1.64895
1.54323
1.45307
1.32203
1.06245
0.830073
0.779374
0.770033
0.780599
0.801737
0.830232
0.862727
0.892883
0.914186
0.924529
0.928681
0.932709
0.940779
0.953844
0.967438
0.977138
0.97798
0.958245
0.89371
0.73069
0.632384
0.625953
0.628069
0.635268
0.638646
0.63745
0.633081
0.627242
0.622399
0.621467
0.623988
0.628773
92.1961
4.2498
1.7111
1.65499
1.54654
1.45395
1.32508
1.07026
0.833367
0.781632
0.771941
0.780987
0.80164
0.829964
0.861378
0.890405
0.909195
0.918443
0.92396
0.929966
0.939484
0.952805
0.965513
0.972915
0.97383
0.952624
0.892909
0.735916
0.622329
0.611719
0.615788
0.624211
0.628419
0.627397
0.623274
0.618658
0.617167
0.619419
0.625316
0.632924
92.2183
4.2157
1.72091
1.66396
1.55319
1.45744
1.32684
1.07368
0.832791
0.780077
0.773329
0.783096
0.802963
0.828593
0.856157
0.880679
0.899339
0.911679
0.921177
0.930095
0.9403
0.951824
0.960925
0.964939
0.965959
0.94596
0.893288
0.744215
0.615363
0.594984
0.597125
0.606922
0.614345
0.616954
0.616386
0.616085
0.618399
0.623057
0.629124
0.635396
92.2305
4.18813
1.73137
1.67361
1.56316
1.46479
1.32944
1.07403
0.82816
0.773783
0.774398
0.786219
0.805006
0.825379
0.846276
0.867187
0.887257
0.904659
0.919339
0.931222
0.94151
0.949738
0.953886
0.954778
0.956291
0.938593
0.892444
0.752771
0.612054
0.581584
0.577722
0.586506
0.597286
0.606573
0.614943
0.620754
0.62484
0.627498
0.630086
0.631464
92.2394
4.16933
1.73923
1.68249
1.57404
1.47374
1.33374
1.07521
0.822608
0.764934
0.772402
0.788416
0.806568
0.82163
0.835847
0.853102
0.874217
0.896811
0.916951
0.931961
0.941742
0.945979
0.945683
0.944583
0.946204
0.930222
0.889405
0.759114
0.610254
0.571125
0.563025
0.57029
0.583734
0.599348
0.617284
0.628192
0.629475
0.626702
0.624534
0.623117
92.2349
4.15696
1.7434
1.68886
1.58275
1.48046
1.33907
1.08114
0.819878
0.756916
0.766656
0.787995
0.806427
0.817281
0.826727
0.840812
0.862131
0.888537
0.913357
0.931087
0.939804
0.940877
0.937587
0.935338
0.936374
0.921147
0.884029
0.763003
0.610272
0.565331
0.555083
0.561385
0.57683
0.597036
0.617817
0.62893
0.628519
0.62273
0.616223
0.611026
92.1788
4.14837
1.74521
1.69254
1.58668
1.48315
1.34449
1.09372
0.823348
0.750748
0.759189
0.783568
0.802669
0.812359
0.819434
0.831493
0.852471
0.880713
0.908491
0.927741
0.935365
0.934529
0.929973
0.927177
0.926934
0.911871
0.877
0.765606
0.612785
0.563427
0.552691
0.560376
0.576192
0.594424
0.61234
0.622385
0.624027
0.615015
0.605249
0.600423
92.0803
4.14558
1.74455
1.69214
1.58515
1.48232
1.35002
1.11236
0.834848
0.748586
0.751848
0.773358
0.794349
0.80612
0.813679
0.825226
0.845748
0.874313
0.902955
0.922157
0.928808
0.927481
0.923088
0.920035
0.918106
0.903154
0.86983
0.767872
0.617859
0.56523
0.556952
0.564766
0.577655
0.589521
0.601699
0.61115
0.612631
0.605923
0.597704
0.593985
92.0034
4.15168
1.74329
1.68793
1.57894
1.47755
1.35453
1.13483
0.854189
0.751508
0.744593
0.760102
0.781517
0.796837
0.808116
0.82155
0.842384
0.870242
0.897767
0.915513
0.921319
0.920401
0.917084
0.91389
0.91029
0.895581
0.863591
0.770345
0.62451
0.571296
0.566864
0.570978
0.576444
0.58168
0.586199
0.593381
0.598835
0.599633
0.595012
0.592186
91.9472
4.16416
1.74312
1.68103
1.56942
1.46943
1.35673
1.15836
0.878328
0.758188
0.740272
0.748523
0.766842
0.785227
0.800984
0.817977
0.841196
0.86847
0.894108
0.909834
0.915136
0.914873
0.912705
0.909323
0.904502
0.889881
0.859761
0.774601
0.634522
0.580391
0.576745
0.574028
0.572821
0.569258
0.569244
0.575542
0.586656
0.595137
0.595686
0.593292
91.8612
4.1755
1.74326
1.6738
1.56098
1.4622
1.35746
1.17961
0.903461
0.767206
0.739862
0.741414
0.754637
0.773102
0.793103
0.814574
0.839801
0.868432
0.893083
0.907072
0.912136
0.912144
0.910279
0.906378
0.900776
0.886141
0.858259
0.780924
0.645467
0.588146
0.580803
0.573035
0.564633
0.557355
0.555661
0.561434
0.576061
0.590432
0.598154
0.595845
91.7261
4.18286
1.74356
1.66878
1.55623
1.4585
1.35836
1.19651
0.925936
0.776412
0.742277
0.739066
0.748126
0.763527
0.784615
0.809931
0.837896
0.867195
0.893327
0.907448
0.912824
0.912647
0.909817
0.905001
0.899651
0.884897
0.860749
0.787356
0.6523
0.591515
0.580173
0.568967
0.558425
0.550151
0.547175
0.551944
0.565932
0.586007
0.598402
0.600131
91.6795
4.19093
1.74486
1.6681
1.55443
1.45956
1.36199
1.20925
0.943217
0.783935
0.74641
0.740083
0.747218
0.759802
0.778699
0.804053
0.834256
0.865773
0.894202
0.911556
0.917896
0.916419
0.911745
0.905995
0.901421
0.886404
0.864244
0.789373
0.652692
0.590473
0.575326
0.564474
0.555478
0.547483
0.543469
0.546579
0.557223
0.579776
0.596489
0.603717
91.6488
4.19773
1.7469
1.67215
1.5588
1.46678
1.36956
1.21959
0.954966
0.788777
0.75085
0.743537
0.749681
0.761016
0.777066
0.79994
0.829706
0.863727
0.896069
0.918028
0.926119
0.923956
0.917059
0.910122
0.905268
0.888246
0.864918
0.78513
0.647482
0.584861
0.568483
0.560736
0.554521
0.547603
0.542928
0.543965
0.552425
0.571833
0.591774
0.60247
91.6447
4.20423
1.74863
1.67739
1.56879
1.4788
1.37992
1.22954
0.962492
0.790547
0.752714
0.746994
0.753589
0.764661
0.779115
0.79901
0.826195
0.86024
0.896468
0.924532
0.935867
0.934241
0.925389
0.916603
0.909084
0.888745
0.861519
0.775885
0.638291
0.576622
0.560792
0.556903
0.554376
0.549771
0.545506
0.545222
0.551992
0.563978
0.582492
0.597103
91.6548
4.20528
1.75149
1.68648
1.58309
1.49352
1.39171
1.23892
0.966088
0.790228
0.752535
0.748505
0.757091
0.769683
0.784462
0.802175
0.825524
0.856394
0.892611
0.925788
0.943249
0.944912
0.934701
0.922737
0.911231
0.887276
0.854522
0.763873
0.627983
0.567825
0.55352
0.552688
0.553939
0.553027
0.550831
0.549797
0.552573
0.559251
0.570999
0.58858
91.6608
4.19222
1.7535
1.69963
1.60129
1.50805
1.40266
1.24465
0.965957
0.788605
0.75124
0.748571
0.759369
0.77502
0.792064
0.809977
0.828944
0.853443
0.884928
0.920036
0.945187
0.952288
0.942309
0.926771
0.911467
0.884021
0.845972
0.75218
0.618949
0.560426
0.547412
0.548933
0.554006
0.556878
0.557258
0.556027
0.554704
0.55639
0.563282
0.578936
91.6598
4.15993
1.75531
1.71455
1.61765
1.52072
1.41108
1.24679
0.962627
0.785999
0.748766
0.74761
0.761152
0.780782
0.802069
0.821087
0.835647
0.851646
0.876378
0.909595
0.940838
0.954312
0.946659
0.928824
0.910183
0.879857
0.83829
0.743056
0.612087
0.554972
0.542669
0.546478
0.555106
0.56148
0.563517
0.561545
0.557578
0.555758
0.560028
0.572515
91.7663
4.10459
1.75592
1.72797
1.6324
1.53076
1.41676
1.24609
0.956901
0.783277
0.746158
0.746739
0.763376
0.788188
0.814377
0.833553
0.842888
0.851404
0.869707
0.89973
0.932794
0.951904
0.947584
0.928702
0.908031
0.87631
0.8334
0.737844
0.607806
0.551576
0.539273
0.545087
0.557037
0.566429
0.569658
0.566547
0.560696
0.5569
0.559189
0.570713
91.8503
4.02169
1.75508
1.73876
1.64548
1.53683
1.41906
1.2414
0.950551
0.781714
0.745151
0.747583
0.768408
0.798593
0.828422
0.844567
0.849179
0.852692
0.866495
0.893795
0.925591
0.947161
0.946121
0.92662
0.905471
0.87404
0.831877
0.736185
0.606241
0.550722
0.538529
0.545744
0.559662
0.571063
0.574986
0.570936
0.563958
0.559163
0.560427
0.571527
91.9754
3.92178
1.75084
1.74401
1.6528
1.53898
1.41802
1.23434
0.945861
0.7818
0.746894
0.752291
0.777949
0.812467
0.841957
0.85218
0.854096
0.855294
0.866252
0.891866
0.9217
0.942552
0.942646
0.925108
0.90488
0.875355
0.83418
0.737478
0.606311
0.551638
0.540044
0.548266
0.563462
0.576113
0.58031
0.575682
0.568286
0.563235
0.56309
0.572577
92.1515
3.82702
1.74344
1.74164
1.65151
1.53735
1.41422
1.22799
0.944505
0.784188
0.752216
0.762031
0.791664
0.82724
0.850866
0.856855
0.857933
0.859127
0.869422
0.892653
0.919372
0.937975
0.939118
0.925419
0.908243
0.881371
0.840666
0.741498
0.607911
0.554378
0.544064
0.553437
0.569539
0.582786
0.587031
0.582252
0.57485
0.569506
0.568574
0.574657
92.2996
3.75248
1.73033
1.73086
1.64396
1.53475
1.41166
1.2249
0.946235
0.789079
0.762409
0.775466
0.806423
0.837344
0.854381
0.859834
0.861544
0.864694
0.875324
0.895057
0.917221
0.93359
0.938537
0.93076
0.917425
0.893127
0.851513
0.74813
0.611476
0.559536
0.551668
0.562181
0.578942
0.592147
0.595344
0.590931
0.584298
0.578878
0.576623
0.579446
92.4224
3.71097
1.71462
1.71438
1.63133
1.52948
1.40944
1.2254
0.95108
0.796631
0.774547
0.788887
0.816402
0.839741
0.853961
0.861171
0.865782
0.872255
0.882987
0.898425
0.916123
0.931294
0.94175
0.941683
0.933187
0.91154
0.867319
0.757866
0.617305
0.567667
0.563382
0.575199
0.592536
0.60452
0.605735
0.602264
0.597155
0.592117
0.588961
0.588804
92.5403
3.70118
1.70293
1.69461
1.61455
1.5221
1.40856
1.22789
0.954942
0.803179
0.784971
0.797206
0.818223
0.836728
0.85059
0.861528
0.871547
0.881937
0.891928
0.902833
0.916548
0.932239
0.949008
0.957883
0.954808
0.936
0.88765
0.771345
0.626119
0.579361
0.579408
0.593012
0.610458
0.619692
0.618685
0.616096
0.613023
0.609768
0.606864
0.605472
92.7031
3.72488
1.69655
1.67642
1.5977
1.51383
1.40851
1.22967
0.955731
0.806155
0.789917
0.797845
0.813708
0.830291
0.846159
0.863062
0.879291
0.893145
0.902344
0.909698
0.919915
0.936745
0.959423
0.977773
0.981911
0.965321
0.911281
0.7885
0.638596
0.595173
0.599644
0.615708
0.63198
0.63733
0.634444
0.63196
0.63128
0.631354
0.630707
0.629016
92.693
3.75533
1.69549
1.66438
1.58376
1.50483
1.40605
1.22902
0.950215
0.804739
0.789313
0.793178
0.806295
0.82325
0.843224
0.865955
0.888132
0.905053
0.913599
0.918922
0.927332
0.944966
0.972058
0.998648
1.00993
0.996323
0.937115
0.808718
0.654554
0.615936
0.623355
0.641934
0.655996
0.656957
0.652644
0.649865
0.651357
0.655438
0.658598
0.658683
92.6589
3.78575
1.69965
1.65985
1.5739
1.49424
1.40033
1.22166
0.936753
0.799378
0.784933
0.786272
0.799074
0.818588
0.842702
0.870148
0.896072
0.914742
0.924505
0.930664
0.939369
0.956763
0.985153
1.0166
1.03279
1.02352
0.962953
0.829991
0.6727
0.639687
0.649723
0.67043
0.680598
0.678224
0.672489
0.669439
0.672618
0.680163
0.688311
0.691055
92.5909
3.81645
1.70884
1.66028
1.56674
1.4836
1.38967
1.20574
0.916258
0.791223
0.778213
0.780117
0.795381
0.81747
0.843888
0.873533
0.901349
0.921585
0.935031
0.944803
0.95556
0.972067
0.997451
1.02848
1.04658
1.04234
0.987658
0.851971
0.690985
0.66337
0.676077
0.696942
0.703615
0.699391
0.692718
0.690506
0.694801
0.705499
0.717241
0.720118
92.4883
3.84869
1.72055
1.66293
1.56107
1.47482
1.37682
1.18409
0.8928
0.781175
0.77022
0.776528
0.795225
0.819313
0.846716
0.875613
0.902846
0.925699
0.944219
0.959782
0.974108
0.989478
1.00829
1.032
1.04976
1.04868
1.0068
0.874079
0.711899
0.685892
0.698647
0.715182
0.721138
0.718429
0.71291
0.711797
0.717932
0.729543
0.7396
0.740932
92.3616
3.87616
1.73191
1.66606
1.55671
1.46845
1.36545
1.1628
0.871537
0.769863
0.76431
0.776252
0.798952
0.824607
0.850974
0.877119
0.902562
0.927962
0.952735
0.974099
0.991783
1.00549
1.01705
1.03064
1.04655
1.04382
1.01844
0.896857
0.735314
0.701269
0.711594
0.72225
0.729726
0.732638
0.733771
0.736113
0.7419
0.748448
0.752275
0.752086
92.231
3.89474
1.74054
1.66888
1.55367
1.46354
1.35692
1.14679
0.856073
0.762347
0.761238
0.778102
0.8048
0.831089
0.85506
0.877644
0.9009
0.927153
0.95676
0.985516
1.00683
1.01836
1.02293
1.02762
1.03973
1.03362
1.02235
0.916963
0.756226
0.713631
0.712837
0.720119
0.729928
0.739811
0.750501
0.759678
0.763353
0.762108
0.758632
0.754677
92.0848
3.89604
1.74589
1.67263
1.5519
1.45931
1.34926
1.13597
0.847393
0.757064
0.757923
0.777826
0.807774
0.836374
0.859166
0.878738
0.899715
0.925561
0.956935
0.989823
1.01606
1.02729
1.02755
1.02636
1.03505
1.02353
1.0197
0.927223
0.76829
0.722295
0.71495
0.718378
0.727554
0.742667
0.760153
0.774179
0.777612
0.77246
0.762698
0.754669
0.644004
0.643166
0.642965
0.64354
0.644723
0.647965
0.656948
0.677348
0.709366
0.722716
0.71551
0.631326
0.527595
0.508213
0.510796
0.519808
0.529689
0.53888
0.547787
0.555918
0.561963
0.565764
0.567881
0.569062
0.571147
0.577487
0.590079
0.607943
0.625601
0.637866
0.642781
0.641835
0.639141
0.640156
0.648442
0.660187
0.674925
0.670847
0.630501
0.602991
0.60251
0.606317
0.609975
0.611414
0.613732
0.618218
0.625723
0.637305
0.652687
0.668664
0.683056
0.692362
0.696452
0.690885
0.680711
0.670218
0.662328
0.648899
0.635927
0.622775
0.598218
0.564099
0.555483
0.556697
0.557541
0.55683
0.555781
0.555136
0.555535
0.559181
0.567428
0.584606
0.612638
0.640749
0.660092
0.669937
0.672832
0.673012
0.679384
0.700029
0.64641
0.646352
0.646356
0.647104
0.650088
0.656084
0.665156
0.683766
0.707158
0.707808
0.691384
0.604834
0.519972
0.50909
0.512242
0.521544
0.531327
0.539632
0.547093
0.553945
0.559675
0.563464
0.565797
0.568487
0.572695
0.580876
0.595607
0.612519
0.626955
0.635953
0.638207
0.637645
0.638663
0.644648
0.656289
0.663038
0.673311
0.657715
0.615502
0.595271
0.598235
0.60327
0.608079
0.610231
0.6126
0.617035
0.624356
0.635722
0.649806
0.662817
0.673457
0.681216
0.686403
0.691129
0.690974
0.684295
0.667176
0.650546
0.634629
0.618968
0.591616
0.561366
0.55368
0.555867
0.556845
0.557645
0.55771
0.557674
0.559909
0.56647
0.581075
0.599872
0.61745
0.634667
0.650058
0.659431
0.664363
0.667965
0.678123
0.699897
0.644252
0.642748
0.643365
0.646745
0.652598
0.661734
0.675635
0.695062
0.714188
0.711396
0.682724
0.58744
0.513955
0.507914
0.513331
0.523305
0.532261
0.538649
0.543728
0.548944
0.554605
0.559824
0.564589
0.569865
0.577157
0.588189
0.601695
0.613817
0.623751
0.629791
0.631478
0.632796
0.63972
0.651545
0.666898
0.676437
0.678275
0.643601
0.594696
0.583508
0.591283
0.601148
0.607617
0.609854
0.611756
0.615348
0.622241
0.632446
0.643509
0.653416
0.662393
0.671085
0.681325
0.692098
0.696594
0.693725
0.679154
0.656255
0.639042
0.620512
0.58788
0.556482
0.549878
0.552389
0.555936
0.559372
0.560967
0.562679
0.567355
0.578847
0.595712
0.609654
0.619318
0.626405
0.633476
0.642671
0.65163
0.660759
0.673432
0.69563
0.640574
0.639485
0.642073
0.647499
0.658695
0.672257
0.687095
0.703951
0.71306
0.701444
0.663193
0.57434
0.511027
0.506755
0.51575
0.525726
0.533901
0.538552
0.541281
0.544482
0.549608
0.556766
0.565493
0.575095
0.585796
0.596418
0.604836
0.611937
0.618086
0.623241
0.626852
0.631513
0.64298
0.662723
0.681278
0.690685
0.674165
0.619933
0.57095
0.570062
0.581772
0.595315
0.604718
0.608263
0.610034
0.61344
0.619234
0.626865
0.635274
0.644268
0.654723
0.66669
0.679905
0.692557
0.697864
0.696896
0.690089
0.67247
0.649118
0.622409
0.582029
0.551569
0.545492
0.548181
0.554215
0.561133
0.566446
0.570729
0.580045
0.594396
0.606707
0.615445
0.617676
0.617346
0.619396
0.625952
0.637197
0.649681
0.664649
0.686284
0.636264
0.636843
0.642158
0.653131
0.667027
0.67988
0.691812
0.7029
0.703783
0.684576
0.647051
0.570684
0.51044
0.50627
0.516042
0.528233
0.536263
0.539898
0.541442
0.54344
0.547324
0.55513
0.567188
0.58111
0.592949
0.60016
0.604003
0.607149
0.610779
0.616079
0.623065
0.632914
0.653415
0.679637
0.692947
0.694192
0.662253
0.5964
0.553331
0.55499
0.56842
0.586083
0.599719
0.606137
0.608873
0.612568
0.617401
0.623337
0.630259
0.63921
0.651289
0.665029
0.677396
0.688272
0.694286
0.69657
0.697373
0.692763
0.668761
0.626169
0.576002
0.547396
0.540979
0.542536
0.550657
0.561822
0.572186
0.582258
0.595526
0.605723
0.612312
0.613216
0.613893
0.613256
0.613626
0.617771
0.626535
0.639323
0.655814
0.675154
0.632284
0.637106
0.647626
0.660826
0.672746
0.681383
0.68833
0.692839
0.687549
0.666509
0.635989
0.572614
0.512382
0.506561
0.515934
0.530469
0.539382
0.542555
0.543279
0.545036
0.549489
0.558483
0.571769
0.586257
0.595507
0.598917
0.600511
0.601067
0.604169
0.612022
0.625156
0.643087
0.668756
0.69442
0.700135
0.687465
0.643424
0.573474
0.543474
0.544052
0.556057
0.575063
0.592336
0.60371
0.609075
0.613512
0.617461
0.621643
0.627668
0.637175
0.649896
0.662338
0.671703
0.677177
0.684796
0.694437
0.701576
0.706274
0.686776
0.631196
0.570798
0.543804
0.535667
0.536834
0.546717
0.561884
0.579054
0.597432
0.607995
0.612527
0.611262
0.611643
0.612639
0.614596
0.616646
0.619816
0.625458
0.634991
0.650066
0.667711
0.632399
0.642308
0.654763
0.664797
0.670978
0.673754
0.675874
0.677537
0.671404
0.654206
0.631266
0.57808
0.51614
0.507397
0.515987
0.531903
0.542943
0.546401
0.547314
0.549481
0.555083
0.565241
0.578483
0.590071
0.596016
0.597532
0.596966
0.597087
0.601569
0.613391
0.63371
0.658739
0.682262
0.700275
0.701714
0.677765
0.624699
0.556725
0.538147
0.538964
0.549925
0.567323
0.586521
0.601538
0.611152
0.615328
0.618532
0.621957
0.627481
0.635899
0.646129
0.655528
0.661003
0.663773
0.672379
0.689887
0.704489
0.711965
0.695835
0.635213
0.56542
0.539781
0.531069
0.533277
0.544382
0.563217
0.58955
0.609551
0.616557
0.614286
0.612968
0.613306
0.615553
0.620076
0.627276
0.633913
0.638821
0.645256
0.658449
0.672791
0.637239
0.648572
0.656796
0.660381
0.660905
0.658742
0.658945
0.66156
0.658983
0.648529
0.630956
0.58517
0.521359
0.508514
0.515921
0.531353
0.545674
0.552046
0.553536
0.556565
0.562944
0.573144
0.584959
0.592787
0.595227
0.595683
0.595887
0.597912
0.605528
0.622424
0.648288
0.673933
0.694617
0.703886
0.696648
0.668529
0.605538
0.546581
0.535483
0.537132
0.548265
0.56466
0.58358
0.60099
0.613294
0.617341
0.619967
0.622496
0.626852
0.632365
0.638484
0.643165
0.646403
0.650833
0.662041
0.683591
0.704417
0.7121
0.69782
0.635152
0.56021
0.537259
0.529744
0.534721
0.547664
0.571722
0.598706
0.615393
0.620672
0.619303
0.618274
0.620431
0.627758
0.63833
0.649053
0.657991
0.664871
0.67434
0.691894
0.705797
0.641599
0.64915
0.650091
0.648461
0.645263
0.642487
0.644062
0.649657
0.652062
0.647176
0.633542
0.592875
0.527881
0.509716
0.515641
0.529506
0.545762
0.557616
0.561882
0.56509
0.571527
0.580574
0.588222
0.592057
0.594462
0.596067
0.598968
0.604612
0.617358
0.637791
0.662935
0.683708
0.702674
0.705755
0.691919
0.658475
0.587513
0.542108
0.534523
0.537783
0.548879
0.564658
0.582386
0.600494
0.613022
0.617815
0.619717
0.621403
0.623746
0.625991
0.627997
0.62925
0.632892
0.641607
0.65698
0.680531
0.702587
0.708337
0.694042
0.633061
0.558666
0.538518
0.534105
0.541763
0.56184
0.585601
0.603121
0.615223
0.622456
0.625337
0.629027
0.636078
0.644302
0.65376
0.66335
0.672895
0.682948
0.695284
0.714744
0.728714
0.639439
0.640931
0.637236
0.633951
0.631153
0.630248
0.633692
0.641569
0.648308
0.647954
0.638332
0.601668
0.535594
0.512045
0.515189
0.526772
0.543986
0.559768
0.570285
0.574617
0.579785
0.585339
0.588952
0.59179
0.594882
0.599285
0.606165
0.617386
0.633744
0.653536
0.672523
0.691068
0.705679
0.709329
0.688884
0.645989
0.571681
0.540154
0.535024
0.539924
0.551228
0.565767
0.581197
0.597501
0.609505
0.616295
0.617801
0.618553
0.619009
0.61876
0.618303
0.618786
0.624153
0.637467
0.656558
0.681333
0.702268
0.705143
0.689201
0.631221
0.55929
0.543118
0.546814
0.564224
0.58459
0.597226
0.604626
0.611907
0.622363
0.6343
0.642418
0.648194
0.654612
0.661359
0.668934
0.67839
0.690469
0.705284
0.726674
0.739707
0.630968
0.62894
0.624571
0.622116
0.621293
0.622222
0.626244
0.635511
0.646487
0.651102
0.644664
0.610577
0.543836
0.516507
0.514886
0.52387
0.540828
0.559663
0.575007
0.583763
0.586638
0.588175
0.589807
0.592438
0.597565
0.606372
0.618223
0.633664
0.649805
0.664283
0.678782
0.694092
0.706075
0.708046
0.687309
0.630298
0.559259
0.538482
0.536236
0.542868
0.554308
0.566627
0.57841
0.591019
0.603458
0.612803
0.615602
0.61578
0.615047
0.613524
0.612762
0.614373
0.621741
0.636998
0.657554
0.683786
0.704208
0.704858
0.687198
0.632393
0.569234
0.567811
0.582628
0.597349
0.603765
0.604273
0.604835
0.609759
0.621464
0.638008
0.650614
0.656479
0.660237
0.664235
0.670288
0.679477
0.692151
0.707453
0.728888
0.740415
0.62017
0.615771
0.613684
0.613709
0.615127
0.61694
0.620843
0.631569
0.645996
0.654388
0.65231
0.619467
0.552017
0.520774
0.514914
0.522044
0.537716
0.556901
0.576317
0.588915
0.591869
0.590973
0.591736
0.595886
0.604663
0.617349
0.633543
0.648989
0.661773
0.670507
0.680149
0.695364
0.706686
0.705596
0.68105
0.612827
0.550654
0.536347
0.536729
0.545171
0.556092
0.565738
0.574119
0.583044
0.595292
0.607095
0.614915
0.615133
0.613909
0.612918
0.613697
0.617192
0.626586
0.644543
0.665389
0.690916
0.707846
0.708548
0.698069
0.658341
0.61387
0.610769
0.617001
0.618509
0.615375
0.610944
0.607805
0.61034
0.619756
0.633749
0.647617
0.657067
0.66039
0.663354
0.668445
0.676274
0.687304
0.701692
0.722644
0.732142
0.608143
0.60604
0.606425
0.608499
0.611044
0.613051
0.61752
0.629414
0.646456
0.657756
0.660009
0.627384
0.558852
0.524315
0.515859
0.521314
0.535487
0.553038
0.573848
0.588715
0.595608
0.594954
0.596649
0.603331
0.615223
0.631563
0.648349
0.661339
0.667524
0.672651
0.681265
0.695191
0.703488
0.701436
0.668297
0.595795
0.545253
0.534737
0.5369
0.545637
0.555479
0.562966
0.568524
0.575891
0.588294
0.603233
0.614246
0.618743
0.618631
0.619054
0.621953
0.630399
0.643268
0.65863
0.675526
0.699566
0.721366
0.729309
0.731125
0.694728
0.643794
0.629926
0.629563
0.628746
0.624583
0.617715
0.613366
0.613491
0.618763
0.6276
0.638588
0.649369
0.657509
0.662565
0.667452
0.674401
0.684286
0.696793
0.715838
0.722853
0.598962
0.599559
0.602339
0.605626
0.608022
0.610482
0.616111
0.629082
0.6477
0.661401
0.666331
0.633116
0.563876
0.527156
0.517541
0.521536
0.534049
0.549801
0.568034
0.585588
0.597353
0.601388
0.605131
0.613981
0.628591
0.645504
0.659823
0.666764
0.670278
0.674001
0.682215
0.693185
0.698632
0.692743
0.652969
0.58331
0.542812
0.534285
0.53643
0.544738
0.553652
0.560388
0.565664
0.572368
0.583558
0.601211
0.617003
0.626792
0.630546
0.634831
0.64122
0.649378
0.658009
0.666958
0.681003
0.707039
0.738579
0.754105
0.751753
0.703811
0.646631
0.632976
0.633114
0.633124
0.630572
0.625215
0.620585
0.617993
0.617885
0.620439
0.62781
0.63934
0.652547
0.662809
0.669641
0.676013
0.684579
0.695677
0.713435
0.718855
0.593439
0.596042
0.600464
0.603567
0.605502
0.608974
0.616319
0.630646
0.650517
0.664832
0.669501
0.636465
0.566913
0.529249
0.51962
0.522853
0.533596
0.547527
0.562156
0.580287
0.596301
0.609345
0.616629
0.626947
0.64129
0.655769
0.66396
0.669307
0.672406
0.676479
0.683632
0.690235
0.692793
0.68092
0.640416
0.577399
0.542372
0.534752
0.536344
0.543548
0.552077
0.559208
0.56499
0.571838
0.582508
0.599923
0.621453
0.639349
0.649886
0.656719
0.660828
0.663211
0.665793
0.670588
0.68551
0.716942
0.751815
0.767379
0.757973
0.701878
0.642472
0.62888
0.628651
0.633046
0.63585
0.633371
0.628485
0.622947
0.618236
0.616805
0.620816
0.630728
0.645334
0.661259
0.672663
0.680028
0.687832
0.69884
0.715412
0.718839
0.591709
0.594883
0.599191
0.601692
0.603802
0.608638
0.618224
0.633908
0.654479
0.667458
0.669313
0.6373
0.568047
0.530482
0.522054
0.525169
0.534468
0.546236
0.558869
0.57449
0.59417
0.61269
0.627861
0.639024
0.65014
0.659055
0.665853
0.670666
0.674787
0.679602
0.684306
0.686216
0.684808
0.67026
0.633284
0.57643
0.543348
0.537116
0.538579
0.545082
0.553637
0.561942
0.569425
0.57691
0.586215
0.600123
0.622738
0.647745
0.66698
0.674892
0.675905
0.673281
0.670525
0.67416
0.691543
0.725085
0.757708
0.772709
0.753336
0.688837
0.628211
0.616986
0.619973
0.631066
0.640199
0.64096
0.635651
0.627739
0.620635
0.61688
0.618482
0.626202
0.638946
0.655791
0.672184
0.683977
0.693478
0.705209
0.721134
0.722833
0.592055
0.59463
0.597504
0.599664
0.603067
0.610278
0.622007
0.63828
0.658263
0.668496
0.666364
0.636015
0.56782
0.531144
0.525107
0.52857
0.537056
0.547001
0.55802
0.571594
0.591823
0.614904
0.635078
0.647721
0.654321
0.660868
0.667154
0.672393
0.67777
0.681694
0.684979
0.683018
0.676795
0.663454
0.631777
0.579656
0.547819
0.544049
0.546305
0.552529
0.561015
0.569608
0.577233
0.58352
0.589888
0.600323
0.618617
0.646023
0.670759
0.68373
0.682003
0.676707
0.673214
0.679517
0.700029
0.731006
0.756201
0.766493
0.739055
0.673256
0.617988
0.609909
0.615183
0.629615
0.642383
0.645841
0.641139
0.632205
0.624462
0.619924
0.620254
0.625403
0.635788
0.650876
0.668517
0.683915
0.698029
0.711802
0.727364
0.727968
0.59352
0.59377
0.594816
0.59817
0.604209
0.614205
0.627189
0.643095
0.660505
0.667502
0.661862
0.633447
0.566831
0.531876
0.528983
0.533237
0.54156
0.550074
0.559309
0.572368
0.591063
0.615826
0.637755
0.652552
0.657591
0.662865
0.668396
0.674471
0.679424
0.683595
0.68453
0.6802
0.672323
0.663044
0.638044
0.590158
0.558098
0.555139
0.555507
0.560599
0.568212
0.575738
0.582006
0.586951
0.591742
0.598558
0.61221
0.63432
0.660946
0.679071
0.684821
0.682792
0.681967
0.690769
0.709523
0.733412
0.747642
0.750179
0.72528
0.663842
0.614438
0.608259
0.614136
0.628796
0.642645
0.647628
0.644937
0.636778
0.629678
0.625557
0.62549
0.629474
0.637465
0.649655
0.664538
0.680874
0.696782
0.714008
0.729464
0.729376
0.595518
0.593223
0.593858
0.598904
0.607998
0.620033
0.633202
0.647492
0.660598
0.664996
0.657633
0.630505
0.565455
0.532249
0.533146
0.539061
0.548169
0.555947
0.563002
0.574617
0.591183
0.614299
0.63644
0.652389
0.659383
0.664981
0.670315
0.674805
0.681099
0.684276
0.682533
0.678357
0.672077
0.668522
0.650094
0.603934
0.569548
0.564811
0.56191
0.565847
0.572459
0.578968
0.584353
0.589299
0.594139
0.599718
0.607824
0.619792
0.63975
0.663688
0.681421
0.693969
0.700204
0.709019
0.719848
0.731326
0.737732
0.73482
0.714877
0.658242
0.616382
0.61089
0.615749
0.628259
0.640552
0.646908
0.647148
0.64228
0.636596
0.633427
0.633322
0.636732
0.64302
0.652397
0.663972
0.676225
0.690908
0.709447
0.724279
0.72355
0.598384
0.594828
0.595582
0.602761
0.614596
0.627499
0.63917
0.650425
0.658549
0.662114
0.654688
0.627812
0.56449
0.534277
0.536836
0.545592
0.556061
0.564049
0.569848
0.578746
0.592933
0.611958
0.632589
0.649816
0.661107
0.668314
0.67106
0.67622
0.679778
0.679524
0.677629
0.676603
0.675151
0.675386
0.661488
0.614841
0.576908
0.57086
0.566333
0.569886
0.575355
0.579918
0.583637
0.58803
0.593463
0.598671
0.603339
0.609
0.619371
0.64314
0.673606
0.698464
0.720202
0.729232
0.730765
0.730634
0.731579
0.725115
0.705869
0.653774
0.620573
0.616516
0.618329
0.62668
0.636553
0.643654
0.647317
0.647447
0.644945
0.643529
0.643922
0.646859
0.65121
0.656109
0.662812
0.67147
0.683157
0.699002
0.711655
0.709818
0.601014
0.598495
0.600758
0.609934
0.623015
0.635425
0.64383
0.651742
0.657062
0.660295
0.653524
0.626876
0.565432
0.537841
0.541656
0.552459
0.564239
0.573387
0.579782
0.586465
0.596837
0.611078
0.627436
0.644614
0.658825
0.668457
0.673108
0.674494
0.672807
0.670271
0.670824
0.673804
0.676915
0.679986
0.669073
0.622115
0.581491
0.574229
0.568047
0.569777
0.57398
0.578001
0.581867
0.586874
0.593076
0.598264
0.600731
0.602717
0.60963
0.626011
0.660829
0.701576
0.728663
0.740409
0.741916
0.734916
0.729449
0.716953
0.6977
0.650673
0.624821
0.620955
0.619441
0.623718
0.631698
0.638939
0.645557
0.650896
0.653802
0.655246
0.656152
0.657953
0.65953
0.661086
0.664052
0.669353
0.67762
0.687553
0.694152
0.690364
0.603986
0.603926
0.608991
0.619621
0.632419
0.642238
0.648105
0.653529
0.657554
0.660215
0.654795
0.62921
0.569252
0.543238
0.548125
0.558429
0.5699
0.580266
0.588414
0.595396
0.602214
0.610503
0.622491
0.638021
0.653816
0.666259
0.670624
0.667773
0.662556
0.660558
0.664814
0.671884
0.678619
0.682597
0.673054
0.627005
0.583108
0.574589
0.568259
0.569395
0.573045
0.576674
0.580641
0.586143
0.592653
0.597574
0.600173
0.60324
0.610742
0.625839
0.652463
0.689944
0.721275
0.73814
0.744955
0.743203
0.733158
0.715343
0.694731
0.651154
0.628046
0.623506
0.619174
0.620893
0.626866
0.63426
0.642815
0.65247
0.661534
0.667178
0.668849
0.668651
0.667785
0.667712
0.669407
0.672603
0.676785
0.677907
0.676691
0.667577
0.602628
0.609689
0.617622
0.628358
0.639768
0.647557
0.650993
0.655354
0.659784
0.662519
0.660112
0.636275
0.577216
0.551674
0.556905
0.56482
0.57567
0.585962
0.594914
0.602733
0.608303
0.612582
0.618741
0.628697
0.641856
0.655947
0.661135
0.659422
0.655
0.655821
0.661712
0.670421
0.679215
0.684349
0.673912
0.628946
0.582495
0.573144
0.567648
0.568826
0.572771
0.576722
0.58107
0.586687
0.592651
0.597229
0.601881
0.608703
0.619208
0.635759
0.653173
0.67132
0.697541
0.723298
0.741329
0.752462
0.742271
0.720375
0.696368
0.652934
0.628609
0.623862
0.619428
0.619044
0.623417
0.630751
0.640646
0.653657
0.667513
0.677208
0.680034
0.679195
0.677417
0.676902
0.676583
0.676756
0.675641
0.670108
0.662007
0.648479
0.599377
0.616159
0.626701
0.635933
0.643427
0.649097
0.651864
0.656621
0.663646
0.668574
0.670346
0.648849
0.589814
0.561745
0.564369
0.569094
0.579887
0.590898
0.600723
0.608481
0.612824
0.613686
0.614562
0.616948
0.624634
0.639717
0.649862
0.654094
0.652299
0.65246
0.658407
0.66774
0.678368
0.683211
0.672297
0.62958
0.580926
0.570121
0.566488
0.568383
0.57325
0.578288
0.583291
0.588498
0.593354
0.598618
0.606307
0.617128
0.632434
0.647353
0.658052
0.663145
0.674238
0.699756
0.730075
0.748491
0.75
0.729605
0.697646
0.653299
0.626807
0.622778
0.621694
0.619885
0.623223
0.630231
0.640867
0.655942
0.672541
0.684036
0.688851
0.689282
0.688016
0.684622
0.682067
0.676499
0.669926
0.660826
0.650455
0.640812
0.594755
0.617225
0.633284
0.640079
0.644509
0.647826
0.650896
0.657133
0.667869
0.675529
0.686661
0.665117
0.601684
0.570333
0.567872
0.571972
0.582692
0.593777
0.603438
0.609484
0.61101
0.609183
0.606271
0.605476
0.612333
0.627762
0.643267
0.652276
0.65141
0.652468
0.657142
0.666791
0.678386
0.681323
0.670225
0.629638
0.57953
0.567444
0.566646
0.569315
0.575353
0.581513
0.586684
0.590971
0.595297
0.60213
0.612928
0.62816
0.64377
0.654334
0.656032
0.657612
0.663049
0.678404
0.70909
0.737922
0.74711
0.735155
0.699889
0.654997
0.625814
0.621866
0.62447
0.625034
0.62833
0.634451
0.644766
0.660225
0.676121
0.687767
0.693782
0.695327
0.693767
0.687848
0.680016
0.672659
0.660716
0.65038
0.64794
0.642571
0.590926
0.614597
0.633137
0.639076
0.640917
0.643458
0.648429
0.658666
0.677116
0.692454
0.706197
0.676499
0.607513
0.574449
0.569328
0.5743
0.584574
0.593994
0.600331
0.602202
0.601192
0.598998
0.596794
0.598904
0.607615
0.621198
0.637571
0.6488
0.653273
0.654829
0.658968
0.668529
0.679511
0.678296
0.668239
0.629681
0.578501
0.565569
0.568299
0.571978
0.579563
0.586506
0.591217
0.594536
0.599243
0.608101
0.622131
0.637811
0.649481
0.652662
0.654837
0.656848
0.660728
0.670017
0.684866
0.712622
0.733328
0.727451
0.699937
0.658181
0.627207
0.6209
0.625511
0.633264
0.63928
0.645432
0.653928
0.666153
0.678231
0.687815
0.693692
0.696674
0.693859
0.686882
0.676914
0.661838
0.64992
0.647407
0.650415
0.648013
0.589214
0.610329
0.627564
0.633055
0.634296
0.636735
0.644945
0.66222
0.687172
0.705978
0.71605
0.676692
0.604992
0.573255
0.569751
0.575941
0.585407
0.591516
0.592107
0.589863
0.587813
0.5881
0.591226
0.597395
0.606234
0.617384
0.629706
0.643302
0.654508
0.659906
0.664528
0.672806
0.680351
0.676725
0.666893
0.630406
0.578443
0.565442
0.569626
0.577034
0.585651
0.592641
0.596497
0.599073
0.604692
0.615838
0.630573
0.643885
0.647606
0.650303
0.653792
0.658512
0.664125
0.669684
0.677035
0.684412
0.704416
0.711576
0.695086
0.661147
0.630517
0.620918
0.626435
0.640332
0.654855
0.662972
0.667977
0.674091
0.680281
0.683945
0.689923
0.692404
0.690782
0.681742
0.664574
0.649841
0.645838
0.648277
0.654297
0.652489
0.588184
0.606133
0.620791
0.626381
0.628107
0.630807
0.643009
0.666593
0.692954
0.708594
0.70905
0.664261
0.591063
0.565613
0.567215
0.575608
0.584118
0.586686
0.58284
0.578393
0.576864
0.580978
0.589233
0.59847
0.60679
0.613715
0.622484
0.636077
0.652485
0.665933
0.672368
0.678717
0.681288
0.677083
0.666667
0.632079
0.579692
0.566032
0.571318
0.584031
0.593355
0.599544
0.60257
0.605617
0.6122
0.623545
0.636499
0.642912
0.646208
0.649145
0.654522
0.662003
0.66965
0.674513
0.676364
0.676738
0.67842
0.686662
0.684762
0.66205
0.6343
0.623169
0.628285
0.64461
0.665409
0.680788
0.684146
0.682726
0.678773
0.677811
0.681267
0.684496
0.679559
0.665329
0.652264
0.646433
0.645586
0.650089
0.656051
0.653634
0.587355
0.602164
0.61598
0.624151
0.628502
0.634824
0.648687
0.669646
0.688564
0.697648
0.687759
0.642066
0.571207
0.554925
0.56045
0.572254
0.580109
0.580151
0.575753
0.571872
0.571383
0.57715
0.587955
0.599246
0.606636
0.610794
0.616959
0.629251
0.648125
0.666522
0.678444
0.685817
0.684027
0.679618
0.667945
0.635461
0.582499
0.568221
0.575462
0.591318
0.602483
0.607829
0.610434
0.614065
0.620553
0.629247
0.636384
0.641151
0.645618
0.651271
0.658812
0.667058
0.675229
0.680178
0.680942
0.676123
0.668889
0.667739
0.669191
0.659061
0.637087
0.62735
0.631049
0.647116
0.668834
0.684529
0.688842
0.685666
0.676216
0.66994
0.669917
0.666507
0.659459
0.6529
0.648111
0.647287
0.645494
0.650129
0.654213
0.649858
0.587882
0.600026
0.613894
0.626575
0.636659
0.646462
0.658368
0.673562
0.682391
0.679511
0.663563
0.614614
0.549191
0.540341
0.549691
0.565834
0.573453
0.573835
0.569912
0.567603
0.569587
0.575918
0.586903
0.597915
0.604535
0.608507
0.613306
0.623725
0.641
0.661435
0.677679
0.686608
0.688106
0.684479
0.670999
0.641776
0.588237
0.571889
0.579554
0.596595
0.611316
0.617647
0.620853
0.624691
0.629534
0.633698
0.636126
0.640305
0.647248
0.656587
0.666307
0.674943
0.681767
0.685717
0.686433
0.680655
0.669349
0.659448
0.658346
0.652538
0.637558
0.629291
0.633634
0.647253
0.666083
0.678704
0.683331
0.682255
0.672617
0.663995
0.657142
0.652935
0.65109
0.650006
0.649153
0.64629
0.645289
0.648268
0.649214
0.643312
0.593089
0.60215
0.615876
0.633334
0.649765
0.661485
0.669756
0.678652
0.680308
0.668222
0.646608
0.593559
0.534135
0.527405
0.539019
0.556979
0.565798
0.567412
0.566629
0.566943
0.570314
0.57713
0.58569
0.593501
0.599652
0.605075
0.610856
0.6194
0.632622
0.650652
0.669225
0.682373
0.689764
0.68935
0.67511
0.650622
0.59771
0.578547
0.584567
0.599651
0.614644
0.625879
0.632303
0.636005
0.6379
0.638457
0.639065
0.643192
0.65206
0.664149
0.675517
0.683634
0.686936
0.688204
0.687354
0.683186
0.673551
0.662554
0.655225
0.646215
0.634949
0.631703
0.635189
0.642993
0.653084
0.662082
0.667612
0.670682
0.666713
0.659937
0.652327
0.650387
0.651183
0.64897
0.646488
0.645542
0.645576
0.646528
0.645728
0.638725
0.606254
0.611342
0.624678
0.644201
0.663802
0.675618
0.680319
0.680725
0.676532
0.66002
0.636383
0.581022
0.526613
0.520513
0.531743
0.546191
0.555331
0.560743
0.564711
0.56846
0.573039
0.578755
0.583746
0.587652
0.592539
0.599533
0.607643
0.615884
0.625014
0.637673
0.654649
0.671914
0.687224
0.689462
0.679403
0.661967
0.612166
0.586348
0.588511
0.600625
0.614561
0.628503
0.638682
0.642916
0.643524
0.643294
0.643723
0.647619
0.657697
0.670134
0.681329
0.686008
0.686866
0.684788
0.680992
0.678373
0.675847
0.668306
0.656599
0.642747
0.628212
0.62871
0.632148
0.6336
0.630535
0.629755
0.636257
0.646722
0.655131
0.657251
0.655356
0.652148
0.649012
0.646037
0.644512
0.645287
0.646113
0.645962
0.644918
0.636519
0.627521
0.628749
0.638122
0.655375
0.675111
0.687357
0.687062
0.681766
0.675033
0.656926
0.633011
0.575471
0.525992
0.519077
0.527521
0.535232
0.543618
0.552715
0.562092
0.569806
0.576099
0.579855
0.581078
0.582275
0.585792
0.593058
0.602908
0.612188
0.619581
0.627045
0.638861
0.657865
0.678714
0.687739
0.68762
0.677422
0.630729
0.593352
0.590301
0.598506
0.612662
0.62755
0.63842
0.643735
0.645365
0.645797
0.64719
0.651012
0.658245
0.668843
0.678152
0.682897
0.681435
0.674799
0.668496
0.667187
0.668292
0.666588
0.658684
0.641834
0.621013
0.614559
0.617821
0.617737
0.609258
0.603482
0.605949
0.617638
0.638191
0.653229
0.659372
0.656028
0.651215
0.64694
0.646165
0.648939
0.6516
0.650728
0.649494
0.640013
0.65535
0.652416
0.654717
0.666929
0.683588
0.695098
0.693621
0.686833
0.679797
0.65947
0.634426
0.574639
0.527695
0.520208
0.524175
0.527655
0.534531
0.54499
0.55759
0.570117
0.578161
0.579585
0.578489
0.57802
0.580733
0.587621
0.597832
0.608246
0.615962
0.620841
0.627988
0.644061
0.667601
0.687392
0.698793
0.690287
0.645158
0.598157
0.589625
0.59491
0.608449
0.624589
0.635862
0.639743
0.64142
0.643133
0.64542
0.649129
0.654885
0.662919
0.668071
0.669818
0.664283
0.655223
0.648913
0.64868
0.653206
0.656339
0.655516
0.640851
0.615144
0.596374
0.594974
0.596604
0.596198
0.597102
0.6009
0.610422
0.625333
0.644714
0.656482
0.659099
0.657726
0.655664
0.655855
0.659298
0.661962
0.662493
0.661048
0.650243
0.685888
0.678645
0.67486
0.679257
0.689544
0.699479
0.700967
0.696159
0.690668
0.6689
0.642603
0.57802
0.529717
0.522819
0.52139
0.524001
0.52981
0.539066
0.551759
0.566284
0.576645
0.578532
0.576765
0.575578
0.577724
0.584095
0.594066
0.604907
0.613679
0.618621
0.624052
0.636362
0.66079
0.686568
0.704336
0.696218
0.651707
0.601252
0.588761
0.592087
0.603734
0.616748
0.626577
0.632266
0.635719
0.638523
0.641548
0.643643
0.645079
0.645325
0.642832
0.639379
0.634621
0.630966
0.626881
0.626483
0.630867
0.637582
0.645162
0.634789
0.607999
0.58671
0.580025
0.580754
0.58892
0.598807
0.605299
0.611878
0.619116
0.629029
0.643213
0.655643
0.664309
0.670663
0.674351
0.676226
0.677581
0.67606
0.672023
0.659849
0.714332
0.703371
0.694729
0.692019
0.695735
0.702111
0.707158
0.707283
0.704599
0.685471
0.657125
0.583812
0.530844
0.523142
0.519953
0.523192
0.528766
0.536663
0.546481
0.559044
0.56966
0.574593
0.575257
0.574881
0.577077
0.583208
0.592631
0.603306
0.612818
0.619222
0.625344
0.637056
0.660495
0.686087
0.704596
0.697246
0.654667
0.603662
0.590055
0.593259
0.603619
0.612582
0.617849
0.621013
0.624058
0.628498
0.63173
0.630877
0.627777
0.62367
0.619106
0.615908
0.61526
0.61503
0.615298
0.615806
0.61718
0.618843
0.627935
0.62325
0.600609
0.579957
0.570644
0.572145
0.584663
0.600847
0.610777
0.612323
0.612099
0.614338
0.625867
0.645086
0.663827
0.67907
0.689522
0.693466
0.692978
0.688551
0.680595
0.666573
0.735631
0.724012
0.71239
0.704851
0.701897
0.703338
0.709764
0.717063
0.718817
0.707034
0.674223
0.589634
0.531196
0.521926
0.519466
0.524278
0.530474
0.53653
0.543632
0.550967
0.558436
0.565931
0.572192
0.575801
0.579264
0.585168
0.593707
0.603633
0.613579
0.622292
0.629934
0.6411
0.66198
0.684174
0.701811
0.696511
0.658497
0.609014
0.593658
0.595804
0.605074
0.612748
0.616865
0.618831
0.620838
0.623752
0.625825
0.62454
0.621328
0.617367
0.613439
0.610858
0.608915
0.60877
0.61064
0.612887
0.614199
0.616163
0.621577
0.615629
0.594125
0.574073
0.567124
0.568483
0.579973
0.598281
0.610235
0.611732
0.607425
0.606246
0.612587
0.630563
0.659266
0.684477
0.699654
0.702806
0.700829
0.694151
0.68348
0.667938
0.74819
0.739702
0.72757
0.715773
0.706883
0.703185
0.70818
0.722229
0.729765
0.728665
0.689256
0.593246
0.532222
0.519755
0.519674
0.526615
0.533475
0.537865
0.541035
0.543683
0.548241
0.555815
0.566
0.576538
0.583817
0.589882
0.596665
0.605179
0.615274
0.6263
0.636267
0.647678
0.665888
0.68383
0.694415
0.692614
0.661739
0.615174
0.601236
0.602894
0.609312
0.615402
0.619763
0.623204
0.626074
0.628018
0.629019
0.628041
0.624511
0.619106
0.613837
0.609381
0.605962
0.606015
0.610012
0.616343
0.618987
0.620238
0.620509
0.609056
0.587111
0.570326
0.568049
0.568832
0.575957
0.588647
0.600364
0.60618
0.607267
0.606905
0.611715
0.625481
0.646302
0.670966
0.689461
0.696944
0.697278
0.693687
0.684902
0.668926
0.751592
0.748103
0.739181
0.724661
0.709988
0.701447
0.704287
0.723
0.737139
0.746504
0.699597
0.594964
0.532588
0.517156
0.520036
0.529387
0.536923
0.539603
0.538969
0.538732
0.541081
0.548064
0.56039
0.575189
0.588057
0.596278
0.60153
0.607982
0.617331
0.629871
0.64282
0.655214
0.66812
0.679489
0.685056
0.687604
0.663903
0.622199
0.60824
0.607449
0.611377
0.61768
0.624071
0.629209
0.633118
0.635606
0.63593
0.635557
0.631485
0.624076
0.615951
0.608856
0.605411
0.606486
0.61284
0.622247
0.627507
0.627459
0.619711
0.60335
0.58067
0.568133
0.568945
0.572239
0.575178
0.578924
0.585544
0.595232
0.603019
0.611375
0.620714
0.628508
0.637383
0.64832
0.663832
0.678607
0.684693
0.684471
0.67921
0.662963
0.751146
0.748698
0.742677
0.729948
0.712524
0.700434
0.701626
0.721398
0.740381
0.755307
0.705718
0.596675
0.533033
0.515262
0.519423
0.530148
0.538792
0.541091
0.538617
0.536303
0.536877
0.543348
0.555757
0.57203
0.588447
0.599758
0.606632
0.611873
0.619978
0.632687
0.647839
0.661206
0.671381
0.67739
0.6795
0.68461
0.663753
0.62701
0.615326
0.613089
0.615094
0.621
0.628394
0.63525
0.639536
0.642306
0.643131
0.641331
0.638023
0.630482
0.620112
0.610561
0.60638
0.607865
0.6147
0.624895
0.633881
0.635594
0.62155
0.599569
0.575447
0.565401
0.569527
0.575203
0.573519
0.572093
0.574165
0.582675
0.600733
0.619388
0.631005
0.635495
0.636358
0.639333
0.644533
0.651624
0.661705
0.670222
0.674012
0.659781
)
;

boundaryField
{
    inlet
    {
        type            calculated;
        value           uniform 0.140001;
    }
    outlet
    {
        type            calculated;
        value           nonuniform List<scalar> 
40
(
0.700029
0.699897
0.69563
0.686284
0.675154
0.667711
0.672791
0.705797
0.728714
0.739707
0.740415
0.732142
0.722853
0.718855
0.718839
0.722833
0.727968
0.729376
0.72355
0.709818
0.690364
0.667577
0.648479
0.640812
0.642571
0.648013
0.652489
0.653634
0.649858
0.643312
0.638725
0.636519
0.640013
0.650243
0.659849
0.666573
0.667938
0.668926
0.662963
0.659781
)
;
    }
    bottom
    {
        type            symmetryPlane;
    }
    top
    {
        type            symmetryPlane;
    }
    obstacle
    {
        type            calculated;
        value           nonuniform List<scalar> 
80
(
0.644004
0.643166
0.642965
0.64354
0.644723
0.647965
0.656948
0.677348
0.709366
0.722716
0.71551
0.631326
0.527595
0.508213
0.510796
0.519808
0.529689
0.53888
0.547787
0.555918
0.561963
0.565764
0.567881
0.569062
0.571147
0.577487
0.590079
0.607943
0.625601
0.637866
0.642781
0.641835
0.639141
0.640156
0.648442
0.660187
0.674925
0.670847
0.630501
0.602991
0.60251
0.606317
0.609975
0.611414
0.613732
0.618218
0.625723
0.637305
0.652687
0.668664
0.683056
0.692362
0.696452
0.690885
0.680711
0.670218
0.662328
0.648899
0.635927
0.622775
0.598218
0.564099
0.555483
0.556697
0.557541
0.55683
0.555781
0.555136
0.555535
0.559181
0.567428
0.584606
0.612638
0.640749
0.660092
0.669937
0.672832
0.673012
0.679384
0.700029
)
;
    }
    defaultFaces
    {
        type            empty;
    }
}


// ************************************************************************* //
