/*--------------------------------*- C++ -*----------------------------------*\
| =========                 |                                                 |
| \\      /  F ield         | OpenFOAM: The Open Source CFD Toolbox           |
|  \\    /   O peration     | Version:  v1912                                 |
|   \\  /    A nd           | Website:  www.openfoam.com                      |
|    \\/     M anipulation  |                                                 |
\*---------------------------------------------------------------------------*/
FoamFile
{
    version     2.0;
    format      ascii;
    class       surfaceScalarField;
    location    "2.5";
    object      phi;
}
// * * * * * * * * * * * * * * * * * * * * * * * * * * * * * * * * * * * * * //

dimensions      [1 0 -1 0 0 0 0];
oriented        oriented;


internalField   nonuniform List<scalar> 
1920
(
-0.000657969
0.000657078
-0.000895779
0.000237526
-0.00114068
0.000244461
-0.00137954
0.000238441
-0.00154264
0.000162391
-0.0015937
4.51216e-05
-0.00137038
-0.000224458
-0.00080976
-0.000561968
0.000196164
-0.00100742
-0.00160252
-0.000294627
0.000950744
-0.0005065
0.000448869
-0.000583653
0.000320853
-0.000643068
0.000296613
-0.000384363
-9.73568e-05
5.60572e-05
-0.000385957
0.000551849
-0.000727856
0.00124304
-0.00125493
0.00206432
-0.00183024
-0.00275315
-4.66344e-05
0.000996425
-0.000182379
0.000583552
-0.000236393
0.000373654
-4.03914e-07
5.93826e-05
0.000309797
-0.000408422
0.000700828
-0.000778583
0.0013205
-0.00134843
0.0022536
-0.0021879
0.00324393
-0.00281973
-0.00383591
5.2543e-05
0.00094296
2.31545e-05
0.000611797
0.00011379
0.000281885
0.000369178
-0.0001971
0.000657943
-0.00069833
0.00129257
-0.00141381
0.00217369
-0.00222906
0.00320145
-0.0032146
0.00422109
-0.00383765
-0.00494646
8.65164e-05
0.000855353
0.000126954
0.000570282
0.000313304
9.45113e-05
0.000649346
-0.000534209
0.00119985
-0.00124977
0.00199662
-0.00221022
0.0030348
-0.00326584
0.00418907
-0.00436705
0.00540738
-0.00505401
-0.00619673
8.31509e-05
0.000771033
0.000238884
0.000413173
0.000637113
-0.000305047
0.0011934
-0.00109187
0.00212529
-0.00218079
0.0034588
-0.00354205
0.00493066
-0.00473501
0.006362
-0.00579597
0.00774024
-0.00643004
-0.00746365
8.93173e-05
0.000680489
0.000470077
3.10574e-05
0.00114446
-0.000980522
0.00229837
-0.00224512
0.00398146
-0.00386135
0.00581643
-0.0053737
0.00751213
-0.00642744
0.0090988
-0.00738049
0.010612
-0.007942
-0.00879523
0.000626987
5.19007e-05
0.00140649
-0.000748852
0.00281403
-0.00238605
0.00502417
-0.00445166
0.00745544
-0.00628735
0.00959836
-0.00751263
0.0115514
-0.0083779
0.0132561
-0.00908443
0.0147682
-0.00945379
-0.0100197
0.00182686
-0.00177179
0.0041627
-0.00308028
0.00753598
-0.0057528
0.0106676
-0.00757741
0.0132145
-0.00883002
0.015308
-0.00960395
0.017088
-0.0101566
0.0185185
-0.0105155
0.0198202
-0.0107564
-0.0110706
0.00528736
-0.00705577
0.0110249
-0.00881417
0.0153941
-0.0101175
0.0186425
-0.0108216
0.0210959
-0.0112799
0.0229037
-0.0114099
0.0243564
-0.0116088
0.0254373
-0.0115986
0.0264531
-0.0117755
-0.0117878
0.0353688
-0.00463905
-0.0377568
0.0350982
-0.00852066
0.0349228
-0.00992468
0.0348954
-0.010783
0.0348311
-0.011209
0.0347457
-0.0113228
0.0346814
-0.011546
0.034609
-0.011532
0.034667
-0.0118406
-0.011701
0.0621774
-0.0019353
-0.0648551
0.0579674
-0.00429229
0.0541231
-0.0060696
0.0507996
-0.00745461
0.0481059
-0.00851602
0.0460869
-0.00930874
0.0445059
-0.00997398
0.0433028
-0.0103411
0.0422646
-0.0108162
-0.0107985
0.0714153
0.00359193
-0.0769336
0.0663044
0.000825551
0.0621059
-0.00187176
0.058713
-0.00406701
0.055927
-0.00574086
0.0536132
-0.00700919
0.0516089
-0.00798838
0.0499035
-0.00865699
0.048376
-0.00931346
-0.00952633
0.082085
0.0089508
-0.0874464
0.0776143
0.00528748
0.0734427
0.00228804
0.0694105
-4.97329e-05
0.0660699
-0.00242154
0.0631079
-0.00407153
0.0604747
-0.00538446
0.0581628
-0.00637441
0.0560939
-0.00727736
-0.00778459
0.0918062
0.0144672
-0.0973309
0.0868353
0.0102462
0.0823002
0.00681139
0.0782425
0.00399347
0.0741992
0.00160751
0.07046
-0.00035348
0.0673574
-0.00230441
0.0646835
-0.00372171
0.0623004
-0.00491741
-0.0057205
0.0997555
0.0197303
-0.10504
0.0948111
0.0151709
0.0902329
0.0113702
0.0860303
0.00817978
0.082129
0.00549168
0.0785637
0.00320191
0.0750181
0.00123019
0.0717314
-0.000451524
0.0688485
-0.00205251
-0.00321675
0.106002
0.0245639
-0.110865
0.101274
0.0198728
0.0967616
0.0158552
0.0925175
0.012404
0.0885332
0.00945766
0.0848002
0.00692217
0.0812661
0.00475331
0.0779666
0.00284206
0.0747199
0.00118934
-0.000248308
0.1109
0.0289381
-0.115294
0.106494
0.0242559
0.102183
0.0201441
0.0980333
0.016534
0.0940859
0.0133871
0.0903595
0.0106365
0.0868418
0.00825806
0.0835378
0.00613977
0.080387
0.00433122
0.00262704
0.114713
0.032962
-0.118755
0.110596
0.0283499
0.106506
0.0242122
0.102508
0.0205102
0.0986567
0.017218
0.0949843
0.0142929
0.0914964
0.0117284
0.0882156
0.0094077
0.0851014
0.00743047
0.00548983
0.117914
0.0366234
-0.121588
0.114097
0.0321452
0.110236
0.0280511
0.106411
0.0243121
0.102672
0.0209301
0.0990754
0.0178649
0.0956355
0.0151406
0.0923982
0.0126177
0.0893496
0.0104472
0.00823177
0.243735
0.0435886
-0.250722
0.236643
0.0392338
0.229429
0.0352227
0.222258
0.031454
0.215169
0.0279707
0.208291
0.0246898
0.201681
0.0216793
0.195485
0.0187247
0.189824
0.015995
0.0130172
0.254132
0.0499201
-0.260461
0.247719
0.0455709
0.241384
0.0415616
0.23506
0.037693
0.228942
0.0340369
0.223056
0.0304429
0.217675
0.0269357
0.212876
0.0232682
0.21018
0.0183314
0.0125869
0.263469
0.0549579
-0.268548
0.25817
0.0508097
0.25285
0.0467952
0.247631
0.0427883
0.242612
0.0388757
0.238562
0.0341444
0.234397
0.0302798
0.232679
0.0237011
0.237264
0.0121974
-0.00366049
0.264907
0.0584419
-0.268592
0.261438
0.0539841
0.258839
0.0490923
0.255579
0.0453681
0.252527
0.0411957
0.251138
0.0346492
0.256295
0.0237603
0.268796
0.00912952
0.285645
-0.00834369
-0.031403
0.282196
0.0620451
-0.286265
0.277486
0.0578702
0.272173
0.053354
0.271833
0.0446217
0.278678
0.0327268
0.290531
0.019969
0.305138
0.00390723
0.317366
-0.00893825
0.327323
-0.0202097
-0.0285847
0.317089
0.0679767
-0.324043
0.317011
0.0563707
0.325325
0.04293
0.334915
0.0314475
0.344919
0.0167672
0.357741
0.00133543
0.370031
-0.0102906
0.378778
-0.0169141
0.377356
-0.0177251
-0.017588
0.381689
0.0557719
-0.373027
0.391145
0.0420663
0.40284
0.0241576
0.41846
0.0103089
0.435074
-0.000712007
0.441156
-0.00520095
0.43771
-0.00659699
0.430245
-0.00726617
0.422702
-0.00833308
-0.00969746
0.437261
0.029426
-0.419372
0.459938
0.0168877
0.470907
0.0107324
0.472668
0.00795216
0.467724
0.00651125
0.46113
0.00461308
0.454296
0.0026831
0.44822
0.000656634
0.442666
-0.00156873
-0.00428437
0.463196
0.0166782
-0.447418
0.464013
0.0202765
0.460714
0.0183271
0.458482
0.0145113
0.457061
0.0111308
0.454215
0.00870903
0.450377
0.0061658
0.446422
0.00367448
0.443201
0.00119631
-0.00173726
0.273655
-0.249648
0.29688
0.316209
0.331471
0.342635
0.351751
0.358626
0.363435
0.366603
0.310117
0.0499109
-0.0424291
-0.317635
0.302759
0.0477707
-0.0404426
0.295637
0.0455877
-0.0384812
0.288733
0.0434188
-0.0365291
0.282036
0.0412605
-0.0345674
0.275506
0.0391268
-0.0326001
0.269125
0.0370177
-0.0306336
0.262865
0.0349277
-0.0286682
0.256723
0.0328917
-0.0267524
0.0307414
-0.0247424
0.316896
0.0565271
-0.323568
0.311243
0.053371
0.305237
0.0515508
0.298921
0.0496969
0.292424
0.0477266
0.285891
0.0456333
0.279366
0.0435218
0.272942
0.0413315
0.266621
0.0391985
0.0368779
0.317492
0.0590864
-0.320131
0.312354
0.0584732
0.30693
0.0569343
0.30162
0.0549841
0.296241
0.0530622
0.290794
0.0510658
0.285246
0.049031
0.279677
0.0468824
0.274117
0.0447342
0.042418
0.328849
0.0706784
-0.340385
0.319432
0.0679028
0.311263
0.0651005
0.303873
0.0623526
0.297108
0.0598052
0.290967
0.0571499
0.285183
0.0547929
0.279436
0.0525701
0.273894
0.0502131
0.0476325
0.398632
0.100888
-0.429082
0.377672
0.0887371
0.362854
0.0798825
0.347742
0.0774724
0.333202
0.074347
0.321778
0.068548
0.311643
0.0648903
0.302306
0.0618692
0.293671
0.0587543
0.0548151
0.369926
0.02573
-0.295879
0.385701
0.0722281
0.385507
0.0798376
0.381629
0.0811792
0.376239
0.0796087
0.367842
0.0768788
0.357201
0.0755379
0.345903
0.0730236
0.335223
0.0693501
0.0652163
0.257943
0.00520224
-0.237004
0.315204
0.0141099
0.355033
0.0394571
0.369431
0.0664768
0.374355
0.0743764
0.372967
0.0782128
0.373322
0.0741826
0.368892
0.0760273
0.370675
0.0656616
0.0601714
0.221002
0.000976589
-0.216805
0.232393
0.002669
0.264454
0.00718827
0.313789
0.0161408
0.350835
0.0363557
0.366078
0.0624982
0.377538
0.060403
0.396753
0.0516898
0.411444
0.0451241
0.0441158
0.212123
0.000157342
-0.211302
0.214244
0.000408151
0.220399
0.00106089
0.232696
0.00283508
0.263375
0.00629263
0.308591
0.0113266
0.349718
0.0127178
0.374957
0.0020281
0.410351
0.00232852
0.00917362
0.210442
-0.210323
0.210769
0.211774
0.214044
0.219593
0.230464
0.235189
0.228433
0.230946
0.0939236
0.0276962
-0.121576
0.0759937
0.0179609
0.0635292
0.0124876
0.0546512
0.00890096
0.0483027
0.00637113
0.0438085
0.00451552
0.0407438
0.00308514
0.0388273
0.00193609
0.0378722
0.000974634
0.000134439
0.110235
0.0371958
-0.119703
0.0989612
0.0292615
0.0889696
0.0225084
0.0810003
0.0169013
0.0750408
0.0123623
0.070841
0.00874576
0.0680505
0.00590505
0.0663247
0.00368923
0.0653532
0.00197147
0.000655044
0.120158
0.0390301
-0.121969
0.116086
0.0333549
0.110825
0.0277894
0.105124
0.0226213
0.099466
0.0180378
0.0941067
0.0141209
0.0891633
0.010862
0.0846659
0.00819812
0.0805897
0.00605721
0.00431861
0.123229
0.039684
-0.123864
0.121229
0.0353718
0.118059
0.0309735
0.114031
0.0266609
0.109496
0.0225819
0.104743
0.018882
0.100016
0.0155937
0.0954896
0.0127289
0.0912683
0.010281
0.00814107
0.125735
0.0401904
-0.12623
0.12443
0.0366861
0.122314
0.0330946
0.119501
0.0294763
0.116148
0.0259357
0.112458
0.0225717
0.108595
0.0194552
0.10472
0.0166012
0.100932
0.0140651
0.0117374
0.12758
0.0405655
-0.127944
0.126676
0.0375972
0.12521
0.0345633
0.123212
0.0314724
0.120748
0.0283951
0.11792
0.0253914
0.114837
0.022529
0.111602
0.0198241
0.108306
0.0173489
0.0149896
0.12935
0.0409289
-0.129703
0.128606
0.0383478
0.127465
0.0357082
0.125926
0.033011
0.124015
0.0303021
0.121778
0.0276209
0.119278
0.0250189
0.116579
0.0225096
0.11375
0.0201633
0.0178579
0.131059
0.0412504
-0.131375
0.130419
0.0389935
0.129454
0.0366772
0.128167
0.0343006
0.126574
0.0318955
0.124703
0.0294899
0.122594
0.0271239
0.120289
0.0248076
0.117837
0.022607
0.0203903
0.132739
0.0416197
-0.133119
0.132148
0.0395753
0.131305
0.0375131
0.130187
0.0354112
0.1288
0.0332761
0.127161
0.0311209
0.125303
0.0289751
0.123254
0.0268466
0.121057
0.0247945
0.0226815
0.134843
-0.135659
0.133972
0.133001
0.131882
0.130589
0.129108
0.127447
0.12562
0.123657
0.116724
0.0079229
-0.124632
0.112325
0.00441727
0.109873
0.00247361
0.108541
0.00135512
0.107974
0.000593309
0.108151
-0.000149399
0.109241
-0.00106132
0.111533
-0.00227973
0.115469
-0.00391885
-0.00609184
0.113241
0.0070895
-0.112397
0.112776
0.00489708
0.112392
0.00287798
0.112434
0.00133469
0.112969
8.16018e-05
0.113877
-0.00103619
0.115102
-0.00226566
0.116567
-0.00372723
0.118223
-0.00555911
-0.00756001
0.11727
0.00596272
-0.116128
0.117944
0.00424252
0.118272
0.00257105
0.118553
0.00107536
0.118925
-0.000269647
0.119434
-0.00152402
0.120073
-0.00288592
0.120784
-0.00442081
0.121443
-0.00620269
-0.00807202
0.120478
0.00517137
-0.119662
0.121
0.00374494
0.121285
0.00230954
0.121467
0.000916854
0.12166
-0.000440811
0.121978
-0.00182117
0.122401
-0.00329096
0.122891
-0.00489465
0.123385
-0.00668248
-0.00853837
0.12353
0.00474246
-0.123076
0.123835
0.00346592
0.12405
0.00211665
0.124232
0.000756752
0.124442
-0.000632657
0.124717
-0.00207892
0.125061
-0.00362031
0.125451
-0.00527145
0.125844
-0.00706538
-0.00891555
0.125878
0.00448129
-0.125578
0.126083
0.00329699
0.126233
0.00199616
0.126375
0.000643043
0.126542
-0.00077646
0.126756
-0.00227164
0.127015
-0.00386315
0.127316
-0.00555624
0.127622
-0.00735903
-0.00922572
0.127694
0.00408143
-0.127259
0.127925
0.00309755
0.128069
0.00187879
0.1282
0.00053476
0.128364
-0.00092062
0.128575
-0.00246522
0.128822
-0.00409627
0.129105
-0.00582632
0.129392
-0.00763544
-0.00952648
0.129494
0.00384205
-0.129233
0.129636
0.00297733
0.129744
0.00179184
0.1299
0.000398669
0.130066
-0.0010687
0.130271
-0.0026558
0.130511
-0.00432242
0.130773
-0.00607753
0.131049
-0.00790245
-0.00984713
0.131234
0.00456342
-0.131949
0.131102
0.00311038
0.131357
0.00153799
0.131564
0.000195314
0.131805
-0.00130864
0.132036
-0.00288725
0.132256
-0.00454616
0.132475
-0.00630392
0.132742
-0.00817898
-0.010237
0.1323
-0.134132
0.0064167
0.132064
0.00334178
0.132295
0.00129604
0.132734
-0.00025465
0.133099
-0.0016829
0.133467
-0.00326548
0.133933
-0.00502124
0.134512
-0.00689272
0.135108
-0.00878698
-0.0107967
0.169504
0.000327071
-0.170317
0.147679
0.0211147
0.125375
0.0221986
0.104439
0.0208354
0.0852537
0.019069
0.0665142
0.018634
0.0468224
0.0196165
0.0274407
0.0192404
0.0104293
0.016931
0.0104277
0.120682
0.0286331
-0.149762
0.110273
0.0315255
0.10014
0.0323939
0.0882997
0.0326709
0.0759616
0.0313745
0.0625314
0.0320081
0.048079
0.034023
0.0328005
0.0343849
0.0173181
0.0323399
0.0277298
0.0956546
0.0540475
-0.121047
0.0804557
0.0467899
0.0694582
0.0434487
0.0608687
0.0412836
0.0510548
0.0412337
0.0415186
0.0415537
0.0325005
0.0430311
0.0228143
0.0439893
0.0121448
0.0429324
0.0398527
0.094901
0.0666221
-0.107427
0.0781657
0.0634942
0.0638312
0.057708
0.0514944
0.0536054
0.040447
0.052317
0.0315959
0.0504229
0.0236107
0.0510019
0.0160238
0.051528
0.00819723
0.0506995
0.0480425
0.0989433
0.0851112
-0.117522
0.0833813
0.0790853
0.0665986
0.0744511
0.0509172
0.0692032
0.0387425
0.064498
0.0286399
0.0605326
0.0200869
0.0595403
0.0126907
0.0588967
0.00619809
0.0571489
0.054243
0.102743
0.0999753
-0.117603
0.0880811
0.0937304
0.0726995
0.08983
0.0571336
0.0847408
0.0436293
0.0779949
0.0310328
0.0730915
0.0207391
0.0698141
0.0123023
0.0673046
0.00556933
0.063856
0.0598192
0.103649
0.107746
-0.111253
0.0918711
0.105579
0.0793341
0.102426
0.0663914
0.0977085
0.0518061
0.0925575
0.0378141
0.0871024
0.0253342
0.0822906
0.0146293
0.0779829
0.00642245
0.0720363
0.0662552
0.104753
0.116
-0.112661
0.0955675
0.114959
0.0856572
0.112497
0.0738893
0.109579
0.0606223
0.105872
0.0466493
0.101087
0.0332777
0.0956833
0.0206903
0.0905525
0.00955761
0.0831506
0.0758289
0.106107
0.124225
-0.114117
0.0977228
0.123464
0.0891017
0.121229
0.0797332
0.119067
0.0690802
0.116598
0.0569944
0.113213
0.0439273
0.108803
0.0302476
0.104226
0.0162544
0.0971333
0.0921038
0.113604
-0.123339
0.105187
0.0972388
0.0891368
0.0802552
0.0704505
0.0596455
0.0477673
0.0325065
0.168001
-9.27524e-07
0.168005
-4.84752e-06
0.168021
-1.66122e-05
0.168057
-3.6505e-05
0.168147
-9.44668e-05
0.1683
-0.000157676
0.168661
-0.000382325
0.169193
-0.000562348
0.169118
-4.63481e-05
-0.0010679
0.167999
-1.18056e-06
0.168
-6.3834e-06
0.168003
-2.0301e-05
0.168009
-4.41428e-05
0.167998
-9.08162e-05
0.167969
-0.000139081
0.167552
-4.08521e-06
0.166178
0.000741791
0.160064
0.00605556
0.00860949
0.167998
-9.62456e-07
0.167996
-5.58649e-06
0.167989
-1.42849e-05
0.167959
-2.72283e-05
0.167891
-1.09212e-05
0.167605
9.03757e-05
0.166744
0.000830018
0.163215
0.00414144
0.150138
0.0188198
0.0365613
0.167998
-7.92972e-07
0.167998
-5.79194e-06
0.167986
-9.38753e-06
0.167972
-1.5326e-05
0.167902
4.90667e-05
0.167652
0.000310335
0.166794
0.00164722
0.163116
0.00767004
0.148309
0.0331895
0.0766417
0.167997
-1.1718e-06
0.167997
-6.65729e-06
0.167999
-1.41129e-05
0.167988
-1.22671e-05
0.167961
5.84265e-05
0.167806
0.000429484
0.167185
0.00217247
0.164654
0.0102048
0.155833
0.0412406
0.114203
0.167996
-1.22888e-06
0.167994
-6.4198e-06
0.167985
-1.16563e-05
0.167952
5.8842e-06
0.167852
0.00012318
0.167493
0.000712387
0.166123
0.00340196
0.160458
0.0155123
0.148887
0.0511754
0.145646
0.167995
-5.75987e-07
0.167988
-2.25853e-06
0.167964
4.23074e-06
0.167898
5.30184e-05
0.167693
0.000285822
0.167035
0.00128095
0.164687
0.00558681
0.155374
0.0243783
0.130012
0.0746029
0.164964
0.167994
2.65556e-07
0.167986
3.27067e-06
0.167958
2.42778e-05
0.167872
0.000119059
0.167623
0.000491395
0.166858
0.00195382
0.164255
0.00803337
0.153994
0.034142
0.119848
0.106873
0.173239
0.167993
1.55837e-06
0.167983
1.11408e-05
0.167947
5.18663e-05
0.167847
0.000200527
0.16757
0.00072602
0.166765
0.00266921
0.164236
0.0104222
0.15494
0.0429142
0.123495
0.136607
0.183504
0.167991
4.92465e-06
0.167968
3.14568e-05
0.1679
0.000113191
0.167738
0.000346177
0.167399
0.00102744
0.166767
0.00323075
0.165737
0.0112647
0.165104
0.0429941
0.131033
0.169419
0.192025
0.251992
6.42057e-06
0.251981
3.93326e-05
0.251954
0.000130801
0.251914
0.000362474
0.251934
0.000956527
0.252449
0.00261225
0.255464
0.00805957
0.268667
0.0293551
0.326249
0.109538
0.178621
0.340573
0.251999
3.9025e-06
0.252012
2.45159e-05
0.252055
8.30881e-05
0.252177
0.000229921
0.252516
0.00059311
0.253545
0.0015352
0.257213
0.00426509
0.273248
0.0134263
0.335269
0.0467536
0.178182
0.335476
0.251999
3.15028e-06
0.252002
1.94393e-05
0.252017
6.47138e-05
0.252061
0.000176544
0.252187
0.000446936
0.252558
0.00111945
0.253788
0.0029405
0.258271
0.00880316
0.273647
0.0308459
0.110931
0.33913
0.252
2.37416e-06
0.252004
1.46464e-05
0.252017
4.86896e-05
0.252055
0.000132233
0.252156
0.000330815
0.252436
0.000805045
0.253321
0.00198591
0.256693
0.00527572
0.270369
0.0170301
0.0609954
0.319341
0.252001
1.3291e-06
0.252007
8.24598e-06
0.252027
2.75132e-05
0.25208
7.4593e-05
0.252216
0.000185111
0.252557
0.000442351
0.253446
0.00104922
0.256064
0.00255192
0.26621
0.0067123
0.0206212
0.306163
0.252002
4.83163e-07
0.252007
3.03245e-06
0.252023
1.02111e-05
0.252069
2.77299e-05
0.252182
6.85179e-05
0.252454
0.000162105
0.253109
0.000376781
0.254745
0.000878076
0.259276
0.00210321
0.00547211
0.274316
0.252001
1.34172e-07
0.252003
8.42155e-07
0.252011
2.82891e-06
0.25203
7.62846e-06
0.252079
1.8626e-05
0.252195
4.32578e-05
0.252469
9.79926e-05
0.25312
0.000219158
0.254719
0.000491698
0.00112527
0.258954
0.252001
3.30676e-08
0.252002
2.07513e-07
0.252004
6.95357e-07
0.252009
1.86355e-06
0.252023
4.50188e-06
0.252056
1.02911e-05
0.252129
2.28121e-05
0.252296
4.94708e-05
0.252668
0.000105979
0.000228461
0.253561
0.252001
7.57199e-09
0.252001
4.74411e-08
0.252002
1.58566e-07
0.252003
4.23548e-07
0.252006
1.0183e-06
0.252014
2.31284e-06
0.252032
5.0825e-06
0.25207
1.09088e-05
0.252151
2.31008e-05
4.64513e-05
0.25233
0.252001
0.252001
0.252001
0.252002
0.252003
0.252005
0.25201
0.25202
0.252043
0.25209
0.337098
0.0101095
0.33376
0.00677644
0.332
0.00305775
0.330888
0.000804887
0.329905
-0.000766997
0.328815
-0.00225896
0.327214
-0.00349203
0.324872
-0.00462624
0.321746
-0.0057159
-0.00674385
0.341133
0.00440623
0.341012
0.00683813
0.338419
0.00556092
0.336169
0.00292601
0.334923
0.00035719
0.333505
-0.000943876
0.331733
-0.00179227
0.329484
-0.00243517
0.326738
-0.00301199
-0.00362059
0.346792
-0.00331266
0.350862
0.00273287
0.35111
0.00529591
0.348351
0.00568925
0.343526
0.00515231
0.338369
0.00415442
0.333438
0.00305225
0.328826
0.00208509
0.324456
0.00126472
0.000631519
0.330734
-0.0151148
0.343691
-0.0107788
0.354906
-0.0059834
0.362774
-0.00191321
0.366559
0.00166942
0.366166
0.00489761
0.360421
0.00911616
0.35389
0.0088632
0.347405
0.00795137
0.00778721
0.306815
-0.015929
0.310883
-0.0150512
0.319359
-0.0146931
0.33048
-0.0133223
0.344973
-0.0131786
0.36117
-0.0118153
0.380964
-0.0112551
0.398635
-0.00930767
0.415244
-0.00891866
-0.00619441
0.273464
-0.0151316
0.273473
-0.0151083
0.273724
-0.0149996
0.275249
-0.0149088
0.276579
-0.0146116
0.279189
-0.0144339
0.281406
-0.0136698
0.285902
-0.013545
0.288369
-0.0125609
-0.0121141
0.256119
-0.0122871
0.253252
-0.0122439
0.250447
-0.0121844
0.247654
-0.0121391
0.245193
-0.0120757
0.242633
-0.0119417
0.24096
-0.0119176
0.238914
-0.0116909
0.238289
-0.0116357
-0.0113019
0.249616
-0.00834762
0.24569
-0.00833526
0.241817
-0.00832172
0.237981
-0.00831514
0.23421
-0.00829219
0.230549
-0.00828923
0.226877
-0.00825437
0.223464
-0.00826248
0.219907
-0.00820507
-0.00815316
0.248171
-0.00418953
0.244025
-0.00418847
0.239888
-0.00418718
0.235755
-0.00418519
0.231649
-0.00418151
0.22753
-0.00417857
0.223456
-0.00417395
0.219346
-0.00416586
0.215325
-0.00416513
-0.00414735
0.2479
0.243711
0.239523
0.235335
0.231156
0.226977
0.222797
0.218641
0.214464
)
;

boundaryField
{
    inlet
    {
        type            calculated;
        value           nonuniform List<scalar> 
20
(
-0.168
-0.167999
-0.167998
-0.167997
-0.167997
-0.167996
-0.167995
-0.167995
-0.167995
-0.167994
-0.251993
-0.251996
-0.251998
-0.251999
-0.252
-0.252001
-0.252001
-0.252001
-0.252001
-0.252001
)
;
    }
    outlet
    {
        type            calculated;
        value           nonuniform List<scalar> 
30
(
0.00179801
0.00321488
0.00432796
0.00533321
0.00665891
0.00900786
0.011943
0.015991
0.0208674
0.0271634
0.0345687
0.0413436
0.047076
0.0543201
0.0602149
0.0663253
0.0717416
0.0775078
0.0822226
0.086565
0.184842
0.20971
0.251438
0.306706
0.324509
0.367423
0.416128
0.438302
0.440963
0.366243
)
;
    }
    top
    {
        type            symmetryPlane;
        value           uniform 0;
    }
    bottom
    {
        type            symmetryPlane;
        value           uniform 0;
    }
    empty
    {
        type            empty;
        value           nonuniform 0();
    }
    wall
    {
        type            calculated;
        value           uniform 0;
    }
}


// ************************************************************************* //
