/*--------------------------------*- C++ -*----------------------------------*\
| =========                 |                                                 |
| \\      /  F ield         | OpenFOAM: The Open Source CFD Toolbox           |
|  \\    /   O peration     | Version:  v1912                                 |
|   \\  /    A nd           | Website:  www.openfoam.com                      |
|    \\/     M anipulation  |                                                 |
\*---------------------------------------------------------------------------*/
FoamFile
{
    version     2.0;
    format      ascii;
    class       volScalarField;
    location    "2.5";
    object      T;
}
// * * * * * * * * * * * * * * * * * * * * * * * * * * * * * * * * * * * * * //

dimensions      [0 0 0 1 0 0 0];


internalField   nonuniform List<scalar> 
1000
(
3.26977
3.22051
2.91585
2.8181
2.87653
3.01688
3.21282
3.3033
3.32211
3.01059
3.27146
3.36556
3.35513
3.45654
3.75504
3.86298
3.71579
3.22578
2.96127
2.53458
3.20085
3.52372
3.79369
4.03269
4.19355
3.58265
2.99376
2.31993
2.08106
1.86613
3.10298
3.46734
3.80197
3.99825
3.56437
2.6337
2.11127
1.75761
1.67243
1.53842
3.094
3.39274
3.82295
3.5781
2.86369
2.06601
1.70124
1.48813
1.41652
1.31653
3.11186
3.37385
3.68204
3.0918
2.18893
1.68438
1.50074
1.36876
1.30386
1.22657
3.34839
3.56018
3.1317
2.19672
1.73174
1.50081
1.40139
1.30027
1.24504
1.18828
3.077
3.22996
2.2989
1.75262
1.52579
1.3993
1.31508
1.24075
1.20716
1.17256
1.86245
1.74403
1.57704
1.47111
1.3783
1.31106
1.26342
1.22127
1.1991
1.16939
1.52294
1.4866
1.46155
1.39229
1.33291
1.292
1.25197
1.21902
1.19627
1.16972
1.58582
1.50972
1.43224
1.37626
1.32203
1.28585
1.24647
1.22383
1.19782
1.1857
1.55997
1.49322
1.42851
1.37466
1.32815
1.29738
1.2686
1.25563
1.23918
1.24192
1.58141
1.53102
1.49095
1.4563
1.42872
1.40375
1.38213
1.36343
1.34347
1.33305
1.6587
1.61889
1.5785
1.53777
1.50179
1.46834
1.43788
1.41058
1.38522
1.3686
1.71135
1.67081
1.63175
1.5953
1.55595
1.52058
1.4877
1.46122
1.43432
1.41929
1.7621
1.72066
1.68157
1.64591
1.6111
1.57859
1.54356
1.51322
1.4833
1.4668
1.80963
1.76769
1.72839
1.69207
1.65711
1.62471
1.59255
1.56344
1.53214
1.51362
1.8489
1.80719
1.76806
1.73125
1.69643
1.66371
1.63236
1.60415
1.57622
1.56031
1.881
1.84102
1.80347
1.76734
1.73329
1.70081
1.66995
1.64204
1.61485
1.5994
1.89993
1.86267
1.82758
1.79362
1.7613
1.73069
1.70109
1.67504
1.6493
1.63595
1.91578
1.88263
1.85068
1.82116
1.79128
1.76505
1.73819
1.71694
1.69547
1.68732
1.92146
1.89325
1.86397
1.83802
1.81314
1.79082
1.77329
1.76005
1.75936
1.76373
1.93635
1.90978
1.88407
1.86399
1.84688
1.84172
1.84928
1.86588
1.90243
1.92941
1.97796
1.95799
1.94592
1.93946
1.9478
1.96837
2.01052
2.11274
2.22703
2.34608
1.98634
1.9952
2.0151
2.04917
2.0934
2.18603
2.3111
2.4402
2.48984
2.47832
1.99908
2.04239
2.10468
2.18894
2.30327
2.40301
2.44452
2.43593
2.4205
2.40428
2.14368
2.21875
2.30719
2.37973
2.40007
2.3924
2.37676
2.34806
2.31793
2.30655
2.43404
2.46028
2.45344
2.43866
2.41143
2.37126
2.33455
2.30625
2.28764
2.28023
2.62772
2.58505
2.52662
2.46925
2.41954
2.38273
2.35765
2.34429
2.33569
2.33089
2.72051
2.67094
2.65268
2.6301
2.60653
2.5861
2.55308
2.53046
2.49947
2.47845
2.17264
2.14948
2.1269
2.10351
2.08075
2.05689
2.03293
2.00797
1.98217
1.9546
2.16721
2.14392
2.12091
2.09817
2.07485
2.05204
2.02898
2.00672
1.98169
1.95739
2.18904
2.16873
2.14473
2.12179
2.0967
2.07378
2.04766
2.0236
1.9957
1.97043
2.11438
2.11381
2.11015
2.10212
2.08894
2.07388
2.05764
2.03997
2.02191
2.00054
2.02344
1.9893
1.97861
1.97592
1.97733
1.98204
1.98538
1.98499
1.98393
1.98408
1.99716
1.99341
1.98086
1.96803
1.96413
1.96142
1.95511
1.95057
1.95248
1.96768
1.4987
1.77648
1.97468
1.98474
1.9814
1.97806
1.9824
1.99732
2.03051
2.07838
1.08398
1.23018
1.47447
1.76376
1.94225
1.97752
2.03717
2.15632
2.27531
2.36622
1.02141
1.04206
1.10166
1.23682
1.5071
1.82417
2.26073
2.5996
2.71131
2.67136
1.00762
1.01947
1.05355
1.14088
1.34039
1.90576
2.56228
2.8515
2.85893
2.80481
1.91954
1.80803
1.73837
1.69017
1.66203
1.64445
1.64124
1.64266
1.64737
1.63375
2.00184
1.89985
1.82263
1.7645
1.72145
1.69135
1.67041
1.65593
1.64135
1.61933
2.07337
2.00305
1.94174
1.88771
1.83972
1.79625
1.75582
1.71752
1.67955
1.63899
2.11436
2.05433
1.99995
1.94796
1.90083
1.85561
1.81485
1.77559
1.73949
1.705
2.14878
2.09646
2.04714
1.99925
1.95412
1.91134
1.87105
1.83345
1.79652
1.76101
2.17394
2.12932
2.08547
2.04253
2.00061
1.96055
1.92184
1.88524
1.84858
1.81265
2.19131
2.15344
2.11535
2.07735
2.03954
2.00256
1.9663
1.93117
1.89556
1.85993
2.19816
2.1657
2.13279
2.09964
2.06612
2.03282
1.99953
1.96669
1.9327
1.89821
2.19943
2.16989
2.14039
2.11087
2.08112
2.05135
2.02148
1.99149
1.96014
1.92772
2.19467
2.16801
2.14079
2.11321
2.08554
2.05811
2.03067
2.00306
1.97396
1.94377
2.52164
2.44404
2.40917
2.38234
2.37776
2.35929
2.34541
2.29829
2.21778
2.17279
2.5305
2.47856
2.43807
2.41391
2.38903
2.3656
2.32998
2.28779
2.22577
2.15246
2.52739
2.48201
2.44442
2.41162
2.38204
2.35
2.31508
2.27296
2.22354
2.16778
2.52055
2.47936
2.4408
2.40874
2.37613
2.34577
2.31067
2.27458
2.23084
2.18644
2.51786
2.47997
2.44264
2.4124
2.37998
2.35127
2.3173
2.28495
2.24522
2.20725
2.51593
2.47936
2.44456
2.41456
2.38397
2.35541
2.32374
2.29274
2.25696
2.22226
2.5128
2.4768
2.44583
2.41471
2.38744
2.35756
2.32952
2.29759
2.2663
2.2313
2.49967
2.46593
2.43921
2.40829
2.38368
2.3531
2.3276
2.29506
2.26708
2.23191
2.4792
2.4488
2.42463
2.39694
2.37332
2.3449
2.31971
2.2895
2.26249
2.23014
2.47388
2.44151
2.41887
2.39107
2.3681
2.33788
2.31308
2.28113
2.25507
2.22053
2.4251
2.67186
2.67545
2.68762
2.71698
2.74827
2.77827
2.80508
2.83872
2.84867
2.76075
2.75647
2.73595
2.72602
2.73034
2.74281
2.75225
2.7688
2.79612
2.8156
2.73176
2.74317
2.74993
2.7581
2.76322
2.76272
2.76353
2.7684
2.78966
2.80598
2.70119
2.70848
2.73561
2.75291
2.76296
2.76232
2.76025
2.76401
2.77638
2.79658
2.69788
2.69815
2.7068
2.7294
2.75004
2.75392
2.75256
2.75334
2.76609
2.77927
2.68252
2.68076
2.68957
2.69582
2.71476
2.72939
2.7384
2.74151
2.74794
2.76786
2.66176
2.65868
2.67138
2.67592
2.68698
2.70427
2.70724
2.71262
2.72982
2.74551
2.60936
2.61012
2.62685
2.63128
2.63712
2.65702
2.6785
2.68717
2.69429
2.72285
2.56815
2.57345
2.59417
2.60348
2.60315
2.60539
2.61716
2.63565
2.65659
2.67445
2.5015
2.5044
2.52479
2.5439
2.55372
2.55901
2.56321
2.57053
2.57781
2.61579
1.0001
1.00057
1.00114
1.00349
1.00684
1.01898
1.04224
1.10366
1.28064
1.77638
1.00022
1.00121
1.00258
1.00742
1.01617
1.04073
1.10371
1.26777
1.75072
2.56022
1.00037
1.00187
1.00423
1.01146
1.02622
1.06639
1.17469
1.45611
2.2448
2.65445
1.00061
1.00229
1.00576
1.01461
1.03543
1.08865
1.23055
1.61524
2.41939
2.70015
1.00088
1.0028
1.00727
1.0179
1.04363
1.10979
1.2805
1.78145
2.47083
2.68568
1.00109
1.00348
1.009
1.02211
1.05404
1.13741
1.35241
1.99149
2.55112
2.65242
1.00132
1.00418
1.01081
1.02654
1.06506
1.16635
1.43159
2.15941
2.61444
2.6321
1.00151
1.00476
1.01228
1.03007
1.07381
1.18871
1.49199
2.25585
2.61724
2.58953
1.00162
1.0051
1.01312
1.03205
1.07864
1.20072
1.52512
2.29515
2.59414
2.55943
1.00175
1.00551
1.01415
1.03453
1.0848
1.2156
1.56015
2.28736
2.51098
2.48721
1.00146
1.0046
1.01176
1.02848
1.06908
1.17415
1.44957
2.13561
2.44291
2.45139
1.00088
1.00275
1.00699
1.01675
1.03967
1.09646
1.2395
1.63946
2.25439
2.41087
1.00059
1.00187
1.00475
1.01134
1.02673
1.06383
1.15849
1.40514
2.03928
2.34052
1.00034
1.00107
1.00271
1.00645
1.01506
1.03531
1.08529
1.21006
1.56732
2.09426
1.00015
1.00047
1.00118
1.00279
1.00644
1.01478
1.03432
1.08069
1.20359
1.4933
1.00004
1.00013
1.00033
1.00078
1.00176
1.00394
1.00878
1.01959
1.04438
1.11125
1.00001
1.00003
1.00008
1.00019
1.00042
1.00093
1.00195
1.0046
1.00846
1.02325
1
1.00001
1.00002
1.00004
1.0001
1.00021
1.00044
1.00104
1.00178
1.00401
1
1
1
1.00001
1.00002
1.00005
1.00011
1.00026
1.00037
1.00091
1
1
1
1
1.00001
1.00002
1.00003
1.00008
1.0001
1.00022
2.43764
2.40745
2.36524
2.33398
2.30801
2.28675
2.26448
2.24275
2.21959
2.1942
2.40612
2.38927
2.36486
2.3398
2.31318
2.29356
2.2682
2.24728
2.21951
2.19521
2.36073
2.35318
2.33445
2.30861
2.27679
2.25088
2.23277
2.21905
2.20922
2.20116
2.19543
2.31438
2.36382
2.35463
2.32375
2.27972
2.22785
2.17875
2.15027
2.11957
1.52712
1.59354
1.67327
1.75357
1.84978
1.95504
2.05029
2.09565
2.09619
2.07554
1.12113
1.14714
1.16168
1.20279
1.23295
1.2916
1.34757
1.41818
1.52374
1.67918
1.02357
1.02887
1.03309
1.04578
1.04527
1.07113
1.06871
1.10838
1.10845
1.19377
1.00404
1.00564
1.00756
1.00788
1.0118
1.01195
1.01748
1.01737
1.02724
1.03401
1.0009
1.00103
1.00123
1.00162
1.00191
1.00263
1.00346
1.00439
1.00558
1.00797
1.00024
1.00022
1.00033
1.00039
1.00048
1.0005
1.00105
1.00045
1.00165
1.00156
)
;

boundaryField
{
    inlet
    {
        type            fixedValue;
        value           uniform 1;
    }
    outlet
    {
        type            zeroGradient;
    }
    top
    {
        type            symmetryPlane;
    }
    bottom
    {
        type            symmetryPlane;
    }
    empty
    {
        type            empty;
    }
    wall
    {
        type            zeroGradient;
    }
}


// ************************************************************************* //
