/*--------------------------------*- C++ -*----------------------------------*\
| =========                 |                                                 |
| \\      /  F ield         | OpenFOAM: The Open Source CFD Toolbox           |
|  \\    /   O peration     | Version:  v1912                                 |
|   \\  /    A nd           | Website:  www.openfoam.com                      |
|    \\/     M anipulation  |                                                 |
\*---------------------------------------------------------------------------*/
FoamFile
{
    version     2.0;
    format      ascii;
    class       volScalarField;
    location    "0.42";
    object      rho;
}
// * * * * * * * * * * * * * * * * * * * * * * * * * * * * * * * * * * * * * //

dimensions      [1 -3 0 0 0 0 0];


internalField   nonuniform List<scalar> 
4800
(
12.7618
1.49573
0.887421
0.878239
0.861571
0.844403
0.826483
0.809766
0.794563
0.780751
0.767227
0.754154
0.741598
0.728575
0.714489
0.698846
0.681961
0.664579
0.647559
0.631183
0.615232
0.599341
0.583684
0.568985
0.55614
0.545869
0.538275
0.533324
0.530622
0.529384
0.529048
0.529299
0.529695
0.530212
0.530891
0.531765
0.532947
0.534452
0.536182
0.537435
12.7678
1.4917
0.886462
0.877357
0.861058
0.844488
0.827296
0.810906
0.795538
0.781376
0.767617
0.754386
0.7415
0.728156
0.713825
0.698234
0.681586
0.664691
0.647922
0.631345
0.614976
0.598739
0.582922
0.568216
0.555503
0.545389
0.538097
0.533364
0.530668
0.529398
0.529008
0.52906
0.529428
0.53004
0.530858
0.531859
0.533086
0.534537
0.536296
0.537885
12.7766
1.4832
0.884996
0.87622
0.860645
0.844939
0.828399
0.812201
0.796711
0.782128
0.768113
0.754639
0.741328
0.727544
0.712958
0.697461
0.681346
0.664973
0.64832
0.631385
0.614384
0.597667
0.581663
0.567049
0.554555
0.544784
0.537822
0.533264
0.530603
0.529319
0.528741
0.528681
0.529196
0.530051
0.531079
0.532201
0.533412
0.534709
0.536188
0.53761
12.7891
1.47079
0.88308
0.874937
0.860373
0.845686
0.829818
0.813783
0.798193
0.783316
0.769039
0.755154
0.741183
0.726787
0.711919
0.696564
0.681157
0.665338
0.648786
0.631425
0.61366
0.59628
0.579903
0.56529
0.553138
0.543864
0.537298
0.533017
0.530448
0.52905
0.528383
0.528343
0.529018
0.53021
0.531482
0.532711
0.533888
0.534977
0.536078
0.537092
12.8041
1.4553
0.881011
0.873733
0.860326
0.846673
0.831372
0.815457
0.799815
0.784751
0.770238
0.755848
0.741081
0.726076
0.710912
0.695886
0.681079
0.665735
0.649223
0.631434
0.612968
0.594825
0.578013
0.563408
0.551655
0.542946
0.536744
0.532777
0.530204
0.528785
0.528104
0.528154
0.529013
0.530548
0.532094
0.533427
0.534498
0.535325
0.535989
0.536492
12.8197
1.43768
0.879248
0.87301
0.860738
0.847674
0.832785
0.817049
0.80145
0.786324
0.771556
0.756593
0.741099
0.725616
0.710266
0.695561
0.681183
0.666135
0.64957
0.631365
0.612239
0.593494
0.576387
0.561906
0.550511
0.542216
0.536375
0.532638
0.53013
0.528679
0.527993
0.528217
0.529243
0.531081
0.532922
0.534324
0.535226
0.535748
0.53595
0.535991
12.8362
1.41934
0.878028
0.872768
0.861274
0.848502
0.833957
0.818525
0.803063
0.787887
0.772762
0.757234
0.741271
0.725447
0.710129
0.695629
0.681416
0.666307
0.649557
0.631108
0.611616
0.592513
0.575257
0.560915
0.549765
0.54176
0.53626
0.532644
0.530263
0.528797
0.52814
0.528507
0.52964
0.531666
0.533738
0.535205
0.535954
0.536221
0.536093
0.535797
12.8527
1.40162
0.877278
0.872733
0.861691
0.849084
0.834846
0.819815
0.804544
0.789278
0.77374
0.757709
0.741494
0.725665
0.710636
0.696243
0.681791
0.666206
0.649047
0.630423
0.610969
0.591887
0.574693
0.560423
0.549418
0.541535
0.536219
0.532709
0.530528
0.529145
0.528599
0.529053
0.530227
0.532226
0.534398
0.535917
0.536644
0.536832
0.536512
0.536031
12.8684
1.38554
0.876957
0.872756
0.862144
0.849482
0.835443
0.820843
0.80576
0.790293
0.774307
0.757957
0.741778
0.72629
0.711672
0.697156
0.681982
0.665695
0.648144
0.62942
0.610224
0.591554
0.574664
0.560493
0.549516
0.541619
0.536378
0.532883
0.530834
0.52969
0.529383
0.52982
0.530965
0.532791
0.534923
0.536537
0.537374
0.537591
0.537251
0.536748
12.8823
1.37133
0.876985
0.872625
0.862415
0.849727
0.83585
0.8217
0.806768
0.790982
0.774505
0.757957
0.74206
0.727115
0.712752
0.69787
0.681884
0.664716
0.646612
0.62802
0.609353
0.591369
0.574958
0.561005
0.55006
0.542095
0.536827
0.53337
0.531349
0.530499
0.53036
0.530722
0.531662
0.533219
0.535238
0.536959
0.538033
0.538411
0.538203
0.537775
12.8934
1.35893
0.877253
0.872864
0.862755
0.849982
0.836248
0.822447
0.807543
0.791368
0.774434
0.757728
0.742174
0.727837
0.713562
0.698241
0.681481
0.66343
0.644785
0.626305
0.608353
0.591135
0.575325
0.561669
0.55085
0.542844
0.537565
0.5342
0.532169
0.531489
0.531336
0.531549
0.532217
0.533488
0.535385
0.537189
0.53851
0.539102
0.539085
0.538872
12.9017
1.34854
0.877741
0.873455
0.86303
0.850408
0.836839
0.823107
0.80805
0.791443
0.77409
0.757378
0.74225
0.728206
0.713822
0.698031
0.680711
0.662008
0.643142
0.62464
0.607266
0.590725
0.575434
0.562184
0.551552
0.543601
0.53838
0.535141
0.5331
0.532461
0.532196
0.532187
0.532546
0.533555
0.535267
0.537098
0.538539
0.539368
0.539793
0.539828
12.9074
1.34064
0.878315
0.873957
0.863431
0.851077
0.837627
0.823791
0.808307
0.791151
0.773452
0.756822
0.741983
0.728032
0.713415
0.697258
0.679623
0.660604
0.641644
0.623343
0.606185
0.590095
0.575223
0.562325
0.551946
0.544237
0.539201
0.536057
0.534027
0.533336
0.532869
0.532615
0.532647
0.533375
0.534865
0.536671
0.538177
0.53935
0.540148
0.540366
12.9106
1.33541
0.879027
0.874275
0.863757
0.851483
0.83839
0.824357
0.80822
0.790536
0.772595
0.755944
0.741121
0.727098
0.712262
0.696069
0.67859
0.659724
0.640867
0.622651
0.605413
0.589369
0.574762
0.562113
0.551985
0.544638
0.539876
0.536813
0.534887
0.534088
0.533398
0.532729
0.532508
0.533
0.534259
0.535834
0.537507
0.538986
0.539915
0.540203
12.9116
1.3327
0.879895
0.874684
0.86407
0.851739
0.838645
0.824232
0.807771
0.789798
0.771765
0.75492
0.739689
0.725384
0.71057
0.694751
0.677802
0.65959
0.64103
0.622767
0.605244
0.588901
0.574165
0.561668
0.55181
0.544787
0.540296
0.537328
0.535659
0.534733
0.533768
0.532728
0.532233
0.532473
0.533419
0.534693
0.536499
0.5381
0.539081
0.539449
12.9097
1.3325
0.880857
0.875424
0.864588
0.852349
0.83874
0.823583
0.806731
0.788864
0.771042
0.754075
0.738304
0.723465
0.708865
0.693545
0.677355
0.66025
0.642228
0.623892
0.605873
0.588971
0.573844
0.561215
0.5515
0.544721
0.540563
0.537791
0.536227
0.53521
0.534076
0.532714
0.531903
0.531842
0.532459
0.533402
0.535085
0.536666
0.537772
0.538444
12.9041
1.33618
0.881862
0.876598
0.865506
0.852888
0.838359
0.822255
0.804994
0.787415
0.770127
0.753346
0.737274
0.721998
0.707372
0.692671
0.677446
0.661325
0.644243
0.62599
0.607443
0.589765
0.573996
0.560985
0.55117
0.544542
0.540592
0.538043
0.536622
0.535587
0.534357
0.532763
0.531608
0.531234
0.531411
0.532008
0.533355
0.534867
0.536338
0.537597
12.8959
1.3444
0.882763
0.877898
0.866461
0.853067
0.837403
0.820261
0.80265
0.785536
0.76895
0.752607
0.736456
0.721068
0.706114
0.692
0.677912
0.662886
0.646608
0.628651
0.609785
0.591367
0.574732
0.561076
0.550952
0.544246
0.540395
0.538086
0.53679
0.535838
0.534605
0.532904
0.531447
0.530672
0.530332
0.530581
0.531632
0.533166
0.535138
0.537013
12.886
1.3558
0.883509
0.878974
0.867068
0.852883
0.835978
0.817778
0.799914
0.783414
0.767706
0.751919
0.736254
0.720538
0.705393
0.691639
0.678553
0.664657
0.648855
0.631304
0.612474
0.593556
0.576153
0.561611
0.550966
0.54397
0.540058
0.53789
0.536754
0.535961
0.534729
0.532983
0.531324
0.530077
0.529356
0.52933
0.530224
0.531887
0.534252
0.536667
12.8747
1.36894
0.884101
0.879612
0.86728
0.852321
0.834308
0.815299
0.797303
0.781291
0.76645
0.751352
0.736366
0.720404
0.705366
0.691767
0.679327
0.666315
0.651107
0.633765
0.614962
0.595906
0.578048
0.562778
0.551182
0.543717
0.539521
0.537471
0.536555
0.535916
0.534778
0.533072
0.531254
0.529676
0.528709
0.528585
0.529351
0.531074
0.533637
0.5365
12.8627
1.38279
0.884392
0.879651
0.867004
0.851482
0.83274
0.813335
0.795264
0.779561
0.765307
0.751004
0.7363
0.720751
0.706119
0.69247
0.680165
0.667471
0.652674
0.635629
0.617008
0.597991
0.579932
0.564148
0.55163
0.543409
0.538756
0.53673
0.535965
0.535579
0.534636
0.533097
0.531294
0.529663
0.528627
0.528402
0.529071
0.530725
0.533255
0.536393
12.8518
1.39592
0.884563
0.879251
0.866174
0.850481
0.831507
0.812117
0.794167
0.778588
0.764471
0.75063
0.736223
0.721477
0.707427
0.693763
0.680927
0.667913
0.65325
0.636584
0.618351
0.599536
0.581411
0.565294
0.552204
0.542946
0.537741
0.535527
0.534865
0.53471
0.534208
0.533102
0.53162
0.530122
0.529004
0.528668
0.529263
0.530757
0.533073
0.536201
12.843
1.40776
0.884689
0.878275
0.864687
0.849186
0.830599
0.81162
0.794041
0.778317
0.763959
0.750222
0.736155
0.72215
0.708593
0.694751
0.681401
0.667743
0.653108
0.636842
0.619032
0.600487
0.582388
0.566044
0.552467
0.542358
0.536472
0.533868
0.533243
0.533368
0.533621
0.533221
0.532409
0.531189
0.530063
0.529503
0.52984
0.530948
0.532884
0.535755
12.8365
1.41779
0.884366
0.876662
0.862596
0.847568
0.829923
0.811916
0.794679
0.778679
0.764089
0.750018
0.736271
0.722751
0.709209
0.695433
0.681458
0.667346
0.652567
0.636635
0.619276
0.601054
0.582988
0.566383
0.552391
0.541763
0.535018
0.53196
0.531285
0.531844
0.532983
0.53354
0.533439
0.532741
0.531684
0.530821
0.530732
0.531423
0.532753
0.53491
12.8331
1.42518
0.883599
0.874563
0.860132
0.845843
0.829578
0.812864
0.796028
0.779831
0.764678
0.750241
0.73666
0.723392
0.709867
0.695817
0.68127
0.666612
0.651859
0.636247
0.61928
0.601258
0.583173
0.56635
0.552002
0.540937
0.533528
0.530066
0.529262
0.530233
0.532243
0.533865
0.534488
0.534311
0.533523
0.532477
0.531927
0.532031
0.53261
0.533956
12.8324
1.42987
0.882446
0.872225
0.857618
0.844181
0.829472
0.81404
0.797858
0.781768
0.765809
0.750875
0.737022
0.723853
0.71033
0.695957
0.680987
0.665826
0.650897
0.635464
0.618856
0.601043
0.582939
0.565984
0.55132
0.539924
0.532291
0.528436
0.527446
0.528658
0.531355
0.533797
0.535271
0.535647
0.535158
0.534239
0.533289
0.532723
0.532639
0.533034
12.8334
1.43237
0.880923
0.869828
0.855275
0.842605
0.829245
0.815068
0.799751
0.783887
0.767565
0.752087
0.737777
0.724397
0.71066
0.696131
0.680786
0.665203
0.649907
0.63445
0.61802
0.600411
0.582428
0.56546
0.550596
0.53901
0.53131
0.527304
0.526207
0.527219
0.530235
0.533324
0.535588
0.53647
0.536441
0.535832
0.534713
0.533578
0.532669
0.532174
12.8366
1.43265
0.879024
0.867604
0.853397
0.841118
0.828714
0.81567
0.801407
0.7859
0.769693
0.753824
0.739077
0.725175
0.71098
0.696123
0.68065
0.664918
0.64923
0.633497
0.616991
0.599486
0.581646
0.564794
0.550012
0.538507
0.530791
0.526727
0.525421
0.526115
0.52895
0.53232
0.535158
0.536671
0.537211
0.536942
0.536024
0.534487
0.532873
0.531645
12.8416
1.43033
0.876816
0.865672
0.852123
0.839964
0.828142
0.815893
0.802592
0.787667
0.77186
0.755897
0.740667
0.726063
0.711476
0.696503
0.680999
0.665031
0.648829
0.632533
0.615753
0.598288
0.58066
0.564091
0.549696
0.538517
0.530822
0.526637
0.525153
0.525403
0.527582
0.530881
0.534
0.53626
0.53735
0.537538
0.537048
0.535274
0.533176
0.531427
12.8482
1.4255
0.874461
0.86399
0.851407
0.839421
0.827757
0.815983
0.803253
0.789004
0.773718
0.757991
0.742459
0.727282
0.712313
0.697223
0.681662
0.6655
0.648765
0.631701
0.614389
0.596838
0.579491
0.5634
0.549636
0.538961
0.531396
0.527042
0.525292
0.525112
0.526312
0.529123
0.532392
0.53531
0.537015
0.537723
0.537492
0.535983
0.533587
0.531598
12.8568
1.4179
0.872144
0.862628
0.851164
0.839459
0.827589
0.816014
0.803422
0.789716
0.775023
0.759736
0.744225
0.7288
0.713588
0.698341
0.682624
0.666122
0.64883
0.630963
0.612981
0.59526
0.578256
0.562796
0.54976
0.539722
0.532496
0.527988
0.525787
0.525179
0.525393
0.527244
0.53061
0.533985
0.536347
0.537545
0.537563
0.536325
0.534025
0.532157
12.8676
1.4071
0.869999
0.861742
0.851281
0.839899
0.828064
0.81592
0.803297
0.789887
0.775767
0.76098
0.745714
0.730304
0.715007
0.69965
0.683756
0.666887
0.648922
0.630258
0.611616
0.593721
0.577117
0.562343
0.550037
0.540606
0.533846
0.529266
0.526622
0.525388
0.524936
0.525705
0.528872
0.532511
0.535437
0.537147
0.537329
0.536601
0.534593
0.533051
12.8807
1.39316
0.868177
0.861396
0.851744
0.840848
0.828505
0.815974
0.803157
0.789796
0.776094
0.76179
0.746857
0.731589
0.716271
0.700796
0.684721
0.667449
0.648894
0.629592
0.610436
0.592412
0.576185
0.562039
0.550399
0.541483
0.535098
0.530591
0.527601
0.525758
0.524881
0.525075
0.527461
0.531133
0.534428
0.536392
0.536795
0.536559
0.535373
0.534242
12.8954
1.37706
0.866778
0.861504
0.852516
0.841734
0.829164
0.816167
0.803058
0.789601
0.776163
0.762219
0.747629
0.732537
0.717181
0.701553
0.685249
0.667695
0.648767
0.629043
0.609602
0.591566
0.575513
0.561807
0.550659
0.542139
0.535975
0.53164
0.528499
0.526298
0.525218
0.525167
0.526737
0.529938
0.533211
0.535274
0.535996
0.536259
0.536106
0.53557
12.9101
1.3604
0.865851
0.861981
0.853516
0.84265
0.82992
0.816527
0.80304
0.78937
0.775994
0.762216
0.747864
0.732944
0.717597
0.701824
0.685279
0.667536
0.648487
0.6287
0.609327
0.591172
0.575117
0.561578
0.550677
0.542347
0.536355
0.532274
0.529246
0.527074
0.525916
0.525771
0.526614
0.528929
0.53181
0.533993
0.535202
0.536121
0.537025
0.537196
12.9227
1.34493
0.865391
0.862731
0.854598
0.843641
0.830703
0.816968
0.8032
0.78926
0.775697
0.761907
0.747641
0.732855
0.717522
0.701585
0.684851
0.66705
0.648168
0.628722
0.609415
0.591224
0.574997
0.5613
0.550353
0.542095
0.536326
0.532553
0.529929
0.528112
0.527063
0.526698
0.526948
0.528134
0.530294
0.53263
0.534453
0.53608
0.537609
0.539283
12.9324
1.33245
0.8653
0.863616
0.855652
0.844582
0.831443
0.81747
0.803481
0.789279
0.775371
0.761389
0.747146
0.732437
0.717074
0.700966
0.68409
0.666409
0.647962
0.628941
0.609875
0.591643
0.575113
0.561005
0.54973
0.541432
0.535953
0.532595
0.530558
0.529325
0.528495
0.527847
0.527443
0.527654
0.528897
0.531216
0.533737
0.536134
0.538898
0.541422
12.9382
1.32385
0.865501
0.864494
0.856527
0.845318
0.832048
0.817962
0.803825
0.789305
0.775079
0.760759
0.746406
0.731715
0.716348
0.700168
0.683285
0.665847
0.647845
0.629299
0.610521
0.592222
0.575334
0.560697
0.549018
0.540593
0.535348
0.532414
0.531086
0.530504
0.529977
0.529085
0.527929
0.527419
0.527977
0.529886
0.532927
0.536573
0.540458
0.543188
12.9412
1.31948
0.865917
0.865226
0.857107
0.84577
0.832457
0.818349
0.804035
0.789448
0.774937
0.760273
0.74572
0.730991
0.715644
0.699491
0.682685
0.665444
0.647794
0.629625
0.611085
0.592726
0.5755
0.560478
0.548501
0.53997
0.534824
0.532071
0.53139
0.531353
0.531196
0.530274
0.528339
0.527221
0.527365
0.528908
0.532116
0.537174
0.541881
0.544527
12.9424
1.31781
0.866317
0.865786
0.857608
0.846247
0.832847
0.818593
0.804218
0.789577
0.774898
0.75996
0.745188
0.730359
0.715077
0.699079
0.682418
0.6653
0.647778
0.629785
0.611352
0.592966
0.57553
0.560225
0.548059
0.53947
0.534408
0.531887
0.531668
0.531892
0.532057
0.531283
0.528919
0.527295
0.52712
0.528351
0.531463
0.537187
0.54261
0.545304
0.540713
0.541484
0.542396
0.542638
0.542463
0.541935
0.541169
0.540177
0.538971
0.538359
0.538428
0.539212
0.540726
0.543112
0.546039
0.548792
0.550621
0.551308
0.550558
0.54917
0.548409
0.548131
0.549092
0.552158
0.555892
0.55885
0.560703
0.561506
0.561355
0.561005
0.560613
0.559637
0.558096
0.556556
0.555459
0.555555
0.557044
0.559655
0.562385
0.564351
0.565375
0.566253
0.567629
0.56981
0.572168
0.573895
0.574388
0.573552
0.57181
0.570292
0.569093
0.568167
0.566397
0.563196
0.560089
0.557935
0.556438
0.555782
0.55548
0.556482
0.559592
0.564767
0.570696
0.574973
0.576941
0.576331
0.573612
0.570113
0.566381
0.563858
0.562916
0.563615
0.565156
0.567072
0.569078
0.570789
0.572176
0.573141
0.573662
0.574301
0.539905
0.540793
0.541447
0.54148
0.541228
0.540592
0.540043
0.539345
0.538716
0.538528
0.538828
0.539884
0.541619
0.544031
0.546701
0.549038
0.55051
0.550968
0.550305
0.549233
0.548844
0.549095
0.550709
0.553985
0.557307
0.55973
0.560989
0.561258
0.561125
0.560748
0.560318
0.559399
0.557989
0.556621
0.555843
0.556293
0.558041
0.560575
0.563243
0.565023
0.566069
0.567043
0.568365
0.5703
0.572165
0.573231
0.573201
0.572177
0.570601
0.56898
0.567889
0.567088
0.565616
0.563058
0.56033
0.558138
0.556689
0.556216
0.556504
0.558122
0.561573
0.566482
0.571521
0.575017
0.576003
0.575251
0.572695
0.569462
0.566232
0.564419
0.563785
0.56404
0.565189
0.566963
0.568945
0.570761
0.57217
0.573027
0.573451
0.573924
0.539172
0.539948
0.540369
0.540359
0.540155
0.539743
0.539399
0.53903
0.538897
0.539054
0.539649
0.540862
0.542678
0.544813
0.546883
0.548704
0.549954
0.55041
0.550213
0.549954
0.550224
0.55094
0.552867
0.555523
0.558048
0.559855
0.560776
0.561146
0.561143
0.560876
0.560363
0.559445
0.558255
0.557151
0.55661
0.557171
0.558862
0.56116
0.563347
0.565212
0.566723
0.567848
0.569043
0.570389
0.571526
0.571906
0.571624
0.570862
0.569604
0.568596
0.567687
0.566582
0.565087
0.563299
0.560968
0.558791
0.557371
0.557075
0.557956
0.560043
0.563473
0.567633
0.571504
0.573818
0.574506
0.57404
0.57235
0.569852
0.567293
0.565653
0.564767
0.564417
0.564943
0.56643
0.56839
0.5704
0.571864
0.572642
0.572951
0.573275
0.538084
0.538549
0.538788
0.538821
0.538679
0.538617
0.538612
0.538828
0.539179
0.539802
0.540731
0.542031
0.543755
0.545481
0.546983
0.548233
0.549114
0.549757
0.550446
0.551276
0.552326
0.553741
0.555404
0.557154
0.558679
0.559841
0.560534
0.561013
0.56123
0.561001
0.560407
0.559525
0.55877
0.558107
0.557864
0.558435
0.559842
0.561723
0.563716
0.565871
0.567965
0.569113
0.569844
0.570217
0.570169
0.569932
0.569598
0.569242
0.568835
0.568074
0.56689
0.565625
0.564673
0.563584
0.561706
0.559592
0.558286
0.558393
0.559997
0.562523
0.565602
0.56862
0.570782
0.572126
0.572865
0.57293
0.572107
0.570774
0.56892
0.566982
0.565521
0.564804
0.565101
0.566215
0.567966
0.56986
0.571238
0.571932
0.572092
0.572266
0.536927
0.536991
0.537042
0.537173
0.537396
0.537728
0.538212
0.538886
0.539722
0.540723
0.541928
0.543241
0.54469
0.545855
0.546778
0.547483
0.548182
0.549334
0.551147
0.553133
0.555004
0.556559
0.557386
0.558224
0.558973
0.55977
0.560486
0.561098
0.561304
0.560973
0.560344
0.559743
0.559404
0.559311
0.55944
0.559965
0.560934
0.562376
0.564345
0.56674
0.56892
0.5702
0.570264
0.569667
0.56842
0.567813
0.567874
0.568234
0.56826
0.567681
0.566401
0.565114
0.564551
0.563801
0.56238
0.560572
0.559553
0.559839
0.561922
0.564614
0.567026
0.568673
0.569379
0.570099
0.571116
0.571699
0.572226
0.572
0.570706
0.568543
0.566677
0.565709
0.565763
0.566531
0.567858
0.569247
0.57031
0.570899
0.570996
0.5711
0.535955
0.53584
0.535952
0.536183
0.536561
0.537196
0.53805
0.539128
0.540307
0.541656
0.543119
0.544331
0.545433
0.545992
0.54634
0.54665
0.547539
0.549594
0.552477
0.555301
0.557448
0.558518
0.55857
0.558526
0.558842
0.559581
0.560495
0.561117
0.561111
0.560652
0.560221
0.559967
0.56024
0.560855
0.561417
0.561848
0.562329
0.563318
0.565146
0.567567
0.569627
0.570613
0.570194
0.568537
0.566867
0.566179
0.566407
0.567269
0.567863
0.567533
0.566494
0.56523
0.564502
0.563912
0.562983
0.561731
0.561169
0.561921
0.564127
0.566174
0.567466
0.567822
0.567755
0.568229
0.56934
0.571067
0.572587
0.572941
0.572099
0.570143
0.567936
0.56687
0.566892
0.567486
0.568321
0.569038
0.569469
0.569819
0.569826
0.569861
0.535491
0.535365
0.53547
0.535707
0.536187
0.536999
0.538072
0.539381
0.540871
0.54254
0.544149
0.545191
0.545886
0.545861
0.545714
0.546007
0.547443
0.550375
0.554063
0.557226
0.558979
0.559296
0.558925
0.558308
0.558363
0.559205
0.560319
0.560803
0.560604
0.560234
0.559959
0.560278
0.56132
0.562674
0.563568
0.563835
0.563907
0.564435
0.565782
0.567997
0.569788
0.570287
0.569593
0.567466
0.565647
0.565097
0.565635
0.567047
0.567899
0.567834
0.566885
0.56545
0.564421
0.564
0.563683
0.563405
0.563436
0.564149
0.565666
0.566648
0.566952
0.566608
0.566369
0.566758
0.568153
0.570609
0.57265
0.573318
0.572927
0.57178
0.569952
0.568859
0.568691
0.569022
0.569344
0.569392
0.569243
0.569134
0.568794
0.568644
0.535635
0.535481
0.535444
0.535627
0.536133
0.536989
0.538172
0.539656
0.541454
0.543377
0.54488
0.545683
0.545923
0.545469
0.545134
0.545789
0.547882
0.551492
0.555467
0.558385
0.559534
0.559431
0.558602
0.557774
0.557675
0.558466
0.559639
0.56016
0.560063
0.559762
0.559893
0.560896
0.562689
0.564587
0.565545
0.565611
0.565353
0.565539
0.566236
0.567811
0.569149
0.56917
0.568283
0.566352
0.565089
0.564847
0.565819
0.567327
0.568149
0.568105
0.567042
0.56549
0.564319
0.564213
0.564791
0.565806
0.566346
0.566158
0.566328
0.566086
0.565652
0.56531
0.565195
0.56559
0.567348
0.569841
0.571954
0.573019
0.573354
0.573178
0.572448
0.571557
0.571103
0.570999
0.570879
0.570497
0.569951
0.569439
0.568724
0.568374
0.536352
0.536029
0.535838
0.535902
0.536277
0.537052
0.538262
0.539933
0.541963
0.543897
0.545202
0.545795
0.545522
0.54485
0.544793
0.545904
0.548589
0.552489
0.556258
0.558585
0.559242
0.558876
0.557818
0.557109
0.55697
0.557549
0.55855
0.559178
0.55922
0.55935
0.560154
0.562032
0.564158
0.566093
0.567014
0.567034
0.566444
0.566283
0.566385
0.566907
0.56749
0.567268
0.566443
0.565572
0.565154
0.565477
0.566447
0.567551
0.568275
0.568294
0.56719
0.565529
0.564578
0.564939
0.56668
0.568648
0.569161
0.567786
0.566128
0.564545
0.563759
0.563606
0.563937
0.564935
0.566668
0.568611
0.570514
0.572158
0.573473
0.574457
0.574832
0.574456
0.573768
0.573081
0.572596
0.571993
0.571284
0.570392
0.569278
0.568654
0.537279
0.53681
0.536488
0.536316
0.53649
0.537131
0.53835
0.540152
0.542211
0.544005
0.545093
0.545277
0.544738
0.544276
0.544781
0.546453
0.54952
0.553193
0.556272
0.557883
0.558155
0.557577
0.556738
0.556279
0.556195
0.556467
0.557261
0.557928
0.558422
0.55931
0.56096
0.563206
0.565387
0.567047
0.567977
0.568116
0.567379
0.566574
0.565909
0.565191
0.564899
0.564767
0.564604
0.565213
0.565887
0.566361
0.567049
0.567901
0.568368
0.568146
0.567203
0.565994
0.565605
0.566703
0.568891
0.57062
0.570873
0.568711
0.56533
0.562624
0.561743
0.562068
0.562949
0.564449
0.565831
0.56707
0.568705
0.571038
0.57341
0.575566
0.576722
0.576802
0.576188
0.575162
0.574118
0.573352
0.572426
0.571204
0.56981
0.568988
0.538448
0.537858
0.537195
0.536745
0.536765
0.53731
0.538564
0.540313
0.542138
0.543656
0.544273
0.544208
0.543965
0.544141
0.545147
0.547445
0.550501
0.553383
0.555543
0.556428
0.556533
0.556104
0.555607
0.555376
0.555369
0.555378
0.555779
0.55664
0.557838
0.559608
0.561899
0.564104
0.566067
0.567329
0.568172
0.56839
0.567707
0.566395
0.564661
0.562669
0.561769
0.561916
0.563211
0.565258
0.566794
0.567252
0.567348
0.567651
0.567702
0.567553
0.567331
0.567024
0.567622
0.569047
0.570526
0.571428
0.571247
0.568853
0.564777
0.561479
0.560349
0.560825
0.562281
0.563898
0.564844
0.565441
0.56677
0.569429
0.572889
0.575916
0.577704
0.578217
0.577901
0.576925
0.575751
0.57453
0.573135
0.571756
0.570317
0.569318
0.539463
0.538672
0.537797
0.537226
0.537176
0.537693
0.538904
0.540413
0.54178
0.542662
0.542937
0.54308
0.543439
0.544307
0.546085
0.548682
0.551122
0.553041
0.554212
0.554677
0.554861
0.554853
0.554714
0.55454
0.554342
0.554071
0.554345
0.555555
0.557585
0.560118
0.562628
0.564483
0.566023
0.566929
0.567737
0.567961
0.567323
0.565412
0.562546
0.559875
0.558693
0.55938
0.562418
0.565323
0.56717
0.567422
0.567153
0.56657
0.566394
0.56675
0.567514
0.568728
0.569926
0.570772
0.571471
0.571423
0.570653
0.568447
0.564835
0.561463
0.559851
0.560346
0.561804
0.563164
0.563795
0.56408
0.565063
0.567639
0.571527
0.575239
0.577724
0.578833
0.579147
0.578357
0.576962
0.575485
0.573667
0.572038
0.570468
0.569376
0.539946
0.539155
0.538364
0.537857
0.537829
0.538379
0.539411
0.540426
0.541072
0.541363
0.54152
0.542088
0.543222
0.545021
0.547614
0.549869
0.551381
0.552312
0.552747
0.553072
0.553603
0.554002
0.554064
0.553729
0.553083
0.552803
0.5534
0.554963
0.557651
0.56067
0.562942
0.564301
0.565355
0.566015
0.566696
0.566999
0.566161
0.563625
0.560189
0.557642
0.556666
0.557617
0.561483
0.564792
0.56653
0.566613
0.565707
0.565022
0.56515
0.56606
0.56822
0.570523
0.571701
0.572168
0.572134
0.570835
0.569468
0.567821
0.565286
0.562265
0.560541
0.560831
0.561642
0.562343
0.562743
0.563003
0.563946
0.566261
0.569782
0.573756
0.576911
0.578771
0.57954
0.579434
0.578077
0.576151
0.573877
0.572011
0.570455
0.569378
0.539783
0.539234
0.538807
0.538643
0.538857
0.539425
0.540076
0.54045
0.540412
0.540278
0.540562
0.541796
0.543651
0.546514
0.549189
0.550813
0.551486
0.551623
0.551636
0.552026
0.552901
0.553515
0.553523
0.552878
0.552054
0.552051
0.553013
0.554827
0.557862
0.560946
0.562801
0.56361
0.564295
0.564813
0.56534
0.565375
0.564261
0.561681
0.558643
0.556709
0.556205
0.557242
0.560276
0.563428
0.564903
0.56492
0.564114
0.563628
0.564074
0.565953
0.569053
0.571607
0.572697
0.572802
0.57181
0.569634
0.568161
0.567295
0.566151
0.564041
0.562361
0.561809
0.561505
0.561524
0.561795
0.562385
0.563551
0.565434
0.568178
0.571728
0.5754
0.578065
0.579269
0.579552
0.578492
0.576471
0.574051
0.572078
0.57057
0.56958
0.539285
0.539128
0.539226
0.539651
0.540302
0.54077
0.540911
0.54061
0.539972
0.539709
0.540366
0.542305
0.54484
0.548036
0.550424
0.551494
0.551622
0.551351
0.551249
0.551727
0.552623
0.553164
0.552997
0.552216
0.551612
0.552017
0.553287
0.555227
0.558329
0.56098
0.56232
0.562746
0.563029
0.563413
0.563633
0.563451
0.56249
0.560612
0.558295
0.556918
0.556706
0.557348
0.558981
0.561152
0.562375
0.562585
0.562586
0.562575
0.563724
0.566163
0.569399
0.572
0.573039
0.573051
0.571181
0.568303
0.567187
0.566933
0.567386
0.566575
0.564647
0.562801
0.561494
0.560909
0.561145
0.56214
0.563526
0.564979
0.566868
0.569818
0.573225
0.5765
0.578237
0.578532
0.577638
0.575898
0.573972
0.572415
0.57107
0.570346
0.53877
0.539099
0.539761
0.540847
0.541811
0.542014
0.54191
0.540895
0.539976
0.539845
0.540974
0.543413
0.546342
0.549362
0.551271
0.551947
0.551827
0.551446
0.551384
0.551854
0.552447
0.552739
0.552405
0.551932
0.551855
0.552637
0.554176
0.556397
0.558865
0.560618
0.561504
0.561691
0.561811
0.561987
0.56202
0.561932
0.561553
0.560708
0.559385
0.558393
0.557942
0.557759
0.557836
0.558504
0.559506
0.56021
0.561199
0.562398
0.564061
0.566528
0.569233
0.571659
0.572496
0.571966
0.56986
0.567376
0.566895
0.567057
0.568724
0.568999
0.567107
0.564078
0.56169
0.560672
0.560745
0.561967
0.563484
0.56466
0.565829
0.567887
0.570969
0.57397
0.575791
0.576276
0.575681
0.57464
0.573561
0.572707
0.571879
0.571592
0.538548
0.539373
0.540517
0.541919
0.542907
0.543006
0.542621
0.541369
0.540512
0.540729
0.542236
0.544808
0.54792
0.550434
0.551781
0.552191
0.551976
0.551668
0.551566
0.551744
0.551961
0.551999
0.55188
0.552035
0.552625
0.553819
0.55573
0.557641
0.558974
0.55989
0.560541
0.56085
0.561009
0.561193
0.561507
0.561604
0.561722
0.561833
0.561878
0.561059
0.559767
0.558368
0.556925
0.556503
0.557217
0.558769
0.560853
0.562916
0.564919
0.566798
0.568776
0.570373
0.570551
0.569689
0.56846
0.567081
0.567192
0.568221
0.569941
0.570358
0.568815
0.565368
0.56222
0.560737
0.560605
0.561711
0.563155
0.564179
0.564941
0.566194
0.568
0.569906
0.571507
0.572552
0.573005
0.573113
0.573027
0.572786
0.572648
0.572853
0.538555
0.540003
0.541353
0.542611
0.543478
0.543636
0.543011
0.542007
0.541553
0.542197
0.543931
0.546549
0.549157
0.551024
0.552041
0.552263
0.552074
0.551729
0.551489
0.551246
0.551085
0.550952
0.551372
0.55251
0.553917
0.555622
0.557378
0.558436
0.558792
0.559099
0.559651
0.560233
0.56082
0.561377
0.561902
0.562404
0.563257
0.564468
0.565207
0.564407
0.561952
0.559019
0.556586
0.555565
0.556056
0.558203
0.561315
0.564235
0.566034
0.566988
0.56794
0.568217
0.567886
0.567733
0.568002
0.567802
0.568304
0.569722
0.570682
0.570653
0.569397
0.566457
0.563075
0.561173
0.560774
0.561378
0.562552
0.5636
0.564124
0.564341
0.56467
0.565538
0.566926
0.568637
0.5703
0.571587
0.572352
0.572708
0.573057
0.573496
0.538776
0.540661
0.542129
0.543136
0.54372
0.543643
0.543226
0.542865
0.543021
0.544035
0.545941
0.548148
0.550037
0.551244
0.551802
0.551961
0.551814
0.551396
0.550898
0.55027
0.549767
0.549874
0.55109
0.553117
0.55539
0.557327
0.558368
0.558448
0.558315
0.558284
0.558972
0.560154
0.561299
0.562175
0.562962
0.564034
0.56579
0.56774
0.56862
0.567535
0.564222
0.560056
0.557021
0.555645
0.556065
0.558877
0.563042
0.566002
0.567293
0.567225
0.566636
0.565787
0.565482
0.566518
0.568117
0.569037
0.570272
0.571216
0.571049
0.570412
0.569261
0.56715
0.56417
0.562056
0.561196
0.561127
0.561811
0.562642
0.562724
0.562184
0.561777
0.562245
0.563638
0.565632
0.567792
0.569766
0.571244
0.572277
0.573119
0.573856
0.539071
0.541176
0.542587
0.543224
0.543445
0.543362
0.543437
0.54382
0.544609
0.546157
0.54791
0.549351
0.550306
0.550786
0.551012
0.55109
0.550959
0.550472
0.549676
0.548759
0.548306
0.548967
0.550894
0.553751
0.556609
0.558332
0.558665
0.558234
0.557858
0.557728
0.55873
0.560382
0.561882
0.563236
0.564637
0.566337
0.568618
0.570419
0.570968
0.569602
0.566144
0.561426
0.558228
0.557205
0.558003
0.56121
0.565157
0.567536
0.568294
0.567206
0.565272
0.563871
0.56398
0.565743
0.56827
0.570965
0.572412
0.572566
0.57172
0.569934
0.568701
0.567462
0.56539
0.563229
0.561798
0.561082
0.560976
0.560975
0.560637
0.560085
0.559866
0.560502
0.56183
0.563719
0.565916
0.568202
0.570119
0.571728
0.572791
0.573725
0.539215
0.541474
0.542743
0.543069
0.543041
0.543016
0.54375
0.544664
0.546445
0.548384
0.549602
0.550117
0.550123
0.549986
0.549888
0.549854
0.54956
0.549051
0.548011
0.54701
0.546964
0.548276
0.550809
0.554173
0.557169
0.558566
0.558542
0.557884
0.557509
0.557808
0.558672
0.560536
0.562535
0.564473
0.566433
0.568542
0.570594
0.571986
0.572067
0.570426
0.567274
0.563021
0.560191
0.559562
0.560657
0.563365
0.566626
0.56856
0.568766
0.567011
0.564299
0.56292
0.563348
0.565428
0.569262
0.572928
0.574204
0.573732
0.572153
0.569877
0.568146
0.567536
0.56636
0.564517
0.562678
0.561109
0.559843
0.558793
0.558314
0.558398
0.558865
0.559921
0.561256
0.562917
0.564858
0.566798
0.568734
0.570506
0.571808
0.572931
0.539003
0.541363
0.542467
0.542705
0.54262
0.542833
0.544091
0.545655
0.548156
0.550108
0.550861
0.550611
0.549872
0.549153
0.548582
0.548221
0.547868
0.547255
0.546091
0.545367
0.545833
0.547677
0.550657
0.554013
0.556931
0.558105
0.558194
0.557803
0.557658
0.558209
0.559257
0.561071
0.563341
0.565736
0.568086
0.570084
0.571532
0.572086
0.571715
0.569934
0.567383
0.564597
0.562824
0.562435
0.563205
0.5649
0.567347
0.568825
0.568547
0.566631
0.564137
0.563063
0.563714
0.566224
0.570867
0.574143
0.575352
0.574727
0.572593
0.569896
0.567979
0.567627
0.567058
0.565672
0.563434
0.561117
0.558534
0.556773
0.556319
0.557004
0.558457
0.559965
0.561536
0.563072
0.564627
0.566251
0.567816
0.569253
0.570266
0.571434
0.53834
0.540517
0.541528
0.541888
0.542195
0.543023
0.544662
0.546808
0.54946
0.551133
0.551548
0.550816
0.549574
0.54818
0.547009
0.546363
0.545987
0.545271
0.544506
0.544297
0.545165
0.547313
0.550302
0.553356
0.556011
0.557267
0.557774
0.558048
0.558342
0.559015
0.560287
0.561966
0.564294
0.566841
0.569017
0.570497
0.571033
0.570872
0.570017
0.568478
0.566966
0.566159
0.565481
0.565014
0.565155
0.566022
0.567199
0.567899
0.567397
0.566049
0.564666
0.56419
0.565208
0.568239
0.572063
0.574647
0.575663
0.57529
0.573188
0.570455
0.568397
0.567863
0.567432
0.566212
0.563842
0.560793
0.55748
0.555481
0.55506
0.555975
0.557871
0.560108
0.562286
0.564023
0.56534
0.566447
0.567345
0.568233
0.568967
0.570011
0.537234
0.539255
0.540329
0.541071
0.541929
0.543305
0.545382
0.548023
0.55033
0.551451
0.5515
0.55062
0.548968
0.547099
0.545611
0.544793
0.544198
0.543717
0.543612
0.54402
0.545275
0.547424
0.549897
0.55242
0.554667
0.556334
0.55759
0.558699
0.559538
0.560359
0.56158
0.563159
0.565151
0.567423
0.569078
0.569794
0.569424
0.568515
0.567412
0.566553
0.566655
0.567488
0.567639
0.567035
0.566615
0.566423
0.566081
0.565753
0.565648
0.56555
0.565677
0.566031
0.567542
0.569866
0.572226
0.57423
0.575084
0.574827
0.573663
0.571411
0.56954
0.568322
0.567444
0.565988
0.563554
0.560209
0.557115
0.555089
0.554613
0.555439
0.557606
0.560387
0.563118
0.56518
0.566275
0.566733
0.56701
0.567254
0.567531
0.568311
0.535823
0.537522
0.538978
0.540393
0.542075
0.544117
0.546652
0.549112
0.550717
0.551322
0.550979
0.549998
0.54826
0.546289
0.544866
0.543654
0.543007
0.542967
0.543432
0.544423
0.545994
0.547767
0.549557
0.551447
0.553462
0.555601
0.557752
0.559646
0.561079
0.562074
0.56302
0.564233
0.565679
0.567461
0.568518
0.568275
0.567025
0.565475
0.564501
0.564593
0.566261
0.568196
0.568967
0.568423
0.567284
0.565781
0.564061
0.563301
0.563815
0.564981
0.566354
0.568504
0.569822
0.570734
0.571846
0.572891
0.573554
0.573975
0.573897
0.572909
0.571227
0.569287
0.567552
0.565271
0.562596
0.55978
0.557442
0.555652
0.554994
0.555604
0.557674
0.560776
0.563718
0.565767
0.566746
0.566865
0.566563
0.566285
0.566234
0.566783
0.534137
0.535636
0.537624
0.53989
0.542449
0.545126
0.547864
0.549858
0.550727
0.550831
0.550288
0.549274
0.547745
0.546092
0.544529
0.543163
0.542608
0.542988
0.544062
0.545669
0.547202
0.548269
0.549406
0.550706
0.552562
0.555095
0.557928
0.560526
0.562471
0.563651
0.564329
0.565103
0.56593
0.567084
0.56739
0.566323
0.564241
0.562328
0.561533
0.562568
0.565568
0.568097
0.569622
0.569274
0.567508
0.564494
0.561928
0.561204
0.562178
0.564248
0.567606
0.5704
0.571193
0.570888
0.570877
0.570802
0.571531
0.572935
0.574128
0.574588
0.573199
0.570675
0.567731
0.56453
0.561629
0.559591
0.558015
0.556746
0.556287
0.556637
0.55826
0.560879
0.563424
0.565272
0.566186
0.566145
0.565771
0.565493
0.565357
0.565839
0.532573
0.533903
0.536365
0.539472
0.542845
0.546262
0.548776
0.55007
0.550366
0.550038
0.549394
0.548492
0.547229
0.546005
0.544353
0.54322
0.543093
0.543935
0.545722
0.547572
0.548707
0.549081
0.549506
0.55033
0.552112
0.554882
0.558152
0.56107
0.563309
0.564726
0.565283
0.565705
0.566053
0.566421
0.565921
0.56407
0.561607
0.559796
0.559512
0.561179
0.564495
0.567495
0.569522
0.569299
0.567099
0.563104
0.56041
0.559931
0.560993
0.564025
0.568306
0.571041
0.571599
0.570464
0.569128
0.568614
0.569474
0.571691
0.5742
0.575696
0.575149
0.572466
0.568573
0.564491
0.561335
0.559557
0.558619
0.557951
0.557689
0.55824
0.559201
0.560625
0.562421
0.563974
0.564852
0.565039
0.564933
0.564848
0.56489
0.565405
0.531399
0.532632
0.535403
0.538975
0.543462
0.547164
0.549217
0.549874
0.549659
0.549038
0.548292
0.54751
0.546806
0.545678
0.544342
0.543671
0.544171
0.545682
0.54798
0.549764
0.550327
0.550073
0.549927
0.550445
0.552156
0.554866
0.558167
0.561249
0.56355
0.565185
0.565806
0.56608
0.566008
0.565405
0.56408
0.561902
0.559569
0.558545
0.559104
0.56094
0.563564
0.566688
0.568312
0.568055
0.566076
0.562412
0.55988
0.559424
0.560395
0.563704
0.568116
0.570459
0.571034
0.569463
0.56748
0.566967
0.568014
0.570802
0.574535
0.576562
0.576607
0.574421
0.570038
0.565586
0.562148
0.560242
0.55974
0.559993
0.560362
0.560589
0.560696
0.560936
0.561603
0.562267
0.56289
0.563457
0.563933
0.564307
0.564655
0.565265
0.530825
0.532039
0.534594
0.538818
0.543822
0.547582
0.549207
0.549386
0.548849
0.548055
0.547334
0.546816
0.545964
0.545099
0.544453
0.544544
0.545684
0.547921
0.550342
0.551748
0.551866
0.551191
0.550719
0.550965
0.552436
0.554884
0.557805
0.560741
0.563135
0.565027
0.565803
0.565912
0.56538
0.563876
0.562
0.559914
0.558651
0.558823
0.559832
0.561193
0.563043
0.565254
0.566392
0.566191
0.565044
0.562738
0.560496
0.559989
0.561017
0.563961
0.567231
0.569086
0.569532
0.568281
0.566708
0.566175
0.567287
0.570158
0.574491
0.577098
0.577519
0.575763
0.572143
0.567947
0.56449
0.563397
0.563569
0.564522
0.565119
0.564604
0.563451
0.561946
0.561229
0.560919
0.561117
0.561761
0.562545
0.56322
0.563865
0.564547
0.530957
0.531985
0.534285
0.538653
0.543826
0.547395
0.548764
0.548656
0.54798
0.547134
0.54638
0.545667
0.544938
0.544626
0.544779
0.545824
0.547629
0.550059
0.552142
0.553127
0.55295
0.552219
0.551666
0.551809
0.552879
0.554746
0.557164
0.559694
0.562138
0.564271
0.565251
0.565132
0.563973
0.561781
0.559734
0.558363
0.558674
0.560212
0.561148
0.562084
0.562845
0.563636
0.564127
0.564252
0.564093
0.563468
0.562128
0.561683
0.562784
0.564435
0.566047
0.567329
0.56757
0.56723
0.566622
0.566476
0.567755
0.570411
0.573946
0.576812
0.577634
0.576441
0.574062
0.571077
0.568797
0.568212
0.568724
0.5696
0.570205
0.569367
0.567187
0.564197
0.561697
0.560589
0.56021
0.560515
0.561418
0.562562
0.563622
0.564485
0.531579
0.532374
0.534451
0.538465
0.543196
0.546466
0.547733
0.547677
0.54715
0.546276
0.545422
0.544603
0.544076
0.544302
0.545343
0.547226
0.54941
0.551579
0.553059
0.553735
0.553603
0.553069
0.552641
0.552681
0.553325
0.554517
0.556227
0.558374
0.560759
0.562875
0.563928
0.563581
0.56198
0.559864
0.558448
0.558354
0.559766
0.561883
0.562688
0.563184
0.562877
0.562459
0.562197
0.562646
0.56341
0.563916
0.564149
0.564572
0.564873
0.564914
0.564933
0.565277
0.565724
0.566472
0.567135
0.568117
0.569387
0.571035
0.573076
0.575293
0.576563
0.576624
0.575745
0.574423
0.573109
0.572258
0.571942
0.571741
0.57203
0.571607
0.569949
0.567068
0.563686
0.561193
0.560147
0.560097
0.560754
0.562029
0.563445
0.564488
0.532659
0.533357
0.535518
0.538844
0.542262
0.544932
0.546176
0.546457
0.546244
0.545404
0.544395
0.543609
0.543378
0.544218
0.546057
0.54832
0.550605
0.552252
0.553255
0.553727
0.553824
0.553711
0.553528
0.553312
0.553587
0.554156
0.555326
0.557103
0.559249
0.561107
0.561952
0.561435
0.559925
0.558782
0.558485
0.559253
0.561305
0.563525
0.564465
0.564481
0.563493
0.561939
0.561041
0.561541
0.562851
0.564462
0.566736
0.567868
0.567137
0.565587
0.564283
0.563641
0.564426
0.566167
0.568554
0.570465
0.571117
0.571389
0.571892
0.572721
0.574522
0.576054
0.576707
0.576997
0.576187
0.574731
0.573277
0.572235
0.571479
0.571002
0.57034
0.568856
0.56632
0.563571
0.561744
0.561204
0.561696
0.562912
0.564332
0.565298
0.534046
0.53492
0.536967
0.539306
0.541374
0.543297
0.544706
0.545157
0.545204
0.544446
0.543548
0.542962
0.54312
0.544443
0.546615
0.54918
0.551196
0.552334
0.552904
0.55322
0.55363
0.554059
0.554215
0.553943
0.553766
0.553912
0.554632
0.555966
0.557718
0.559134
0.559643
0.559223
0.558532
0.558484
0.559117
0.560379
0.562783
0.565145
0.566122
0.56593
0.564526
0.56218
0.56076
0.561002
0.56247
0.565735
0.569281
0.570497
0.569177
0.566297
0.563795
0.562747
0.563703
0.566358
0.570017
0.572251
0.572418
0.571831
0.570939
0.570427
0.571713
0.574515
0.576962
0.578204
0.577789
0.576025
0.573806
0.57191
0.57011
0.569098
0.569078
0.569043
0.568571
0.567417
0.566031
0.565049
0.565105
0.565579
0.566113
0.566562
0.535781
0.536914
0.538416
0.539629
0.540517
0.541514
0.542884
0.543667
0.543852
0.543348
0.542866
0.542751
0.543372
0.544922
0.547295
0.549761
0.551409
0.552158
0.552257
0.552387
0.553098
0.554038
0.554574
0.554388
0.553842
0.553638
0.553993
0.554917
0.556125
0.556997
0.557363
0.557508
0.557923
0.55888
0.560345
0.561957
0.564179
0.566531
0.567587
0.567381
0.565854
0.563114
0.56144
0.561277
0.563029
0.567505
0.571044
0.571842
0.570472
0.566954
0.563788
0.562658
0.563738
0.567034
0.570882
0.573227
0.573174
0.57177
0.56969
0.568729
0.569286
0.572281
0.575977
0.577651
0.577426
0.575649
0.573577
0.571058
0.568816
0.567542
0.567465
0.568543
0.569849
0.570766
0.570929
0.570076
0.568829
0.567967
0.567474
0.567386
0.53801
0.539063
0.539676
0.539827
0.539772
0.539893
0.54077
0.541677
0.542231
0.54236
0.542373
0.542766
0.543782
0.545554
0.547975
0.550064
0.551297
0.551699
0.551604
0.551692
0.55245
0.553646
0.554484
0.554545
0.553937
0.553341
0.553418
0.553901
0.554519
0.554972
0.555477
0.556452
0.558046
0.559974
0.561941
0.563829
0.565636
0.56756
0.568696
0.568646
0.567146
0.564641
0.562975
0.56283
0.565257
0.569117
0.57162
0.571903
0.57062
0.567455
0.564423
0.563373
0.564593
0.567686
0.571015
0.573123
0.57331
0.571456
0.568727
0.567629
0.568213
0.570277
0.573864
0.5758
0.575621
0.574071
0.571954
0.569068
0.567017
0.566388
0.566811
0.568447
0.570498
0.572287
0.573285
0.57299
0.571456
0.569674
0.568586
0.568114
0.540483
0.540958
0.540668
0.539941
0.539181
0.538703
0.538662
0.539313
0.540242
0.541135
0.54203
0.543139
0.544444
0.546318
0.548415
0.550031
0.550944
0.551147
0.551063
0.551348
0.551918
0.552982
0.553899
0.554271
0.553799
0.553102
0.552781
0.552847
0.553067
0.553422
0.554294
0.556098
0.558766
0.561519
0.563906
0.565891
0.567229
0.568299
0.569265
0.569448
0.568392
0.566644
0.565128
0.56578
0.567715
0.569688
0.570912
0.571017
0.56982
0.567586
0.565504
0.564674
0.565697
0.567873
0.570464
0.572025
0.571764
0.570517
0.568486
0.567478
0.568028
0.569735
0.571439
0.572799
0.572903
0.571392
0.569172
0.567176
0.56617
0.566207
0.567322
0.569008
0.571066
0.572723
0.573739
0.573771
0.572474
0.570574
0.569122
0.568206
0.542562
0.542486
0.541537
0.540054
0.538573
0.537352
0.536805
0.537077
0.538107
0.5397
0.541405
0.543137
0.545215
0.547081
0.548626
0.549786
0.550466
0.550652
0.550812
0.551126
0.551663
0.552232
0.552993
0.553504
0.553412
0.552656
0.552071
0.551789
0.551907
0.552546
0.553977
0.556509
0.559873
0.563127
0.565797
0.567664
0.56855
0.568734
0.569258
0.569768
0.569582
0.568564
0.568596
0.569337
0.569745
0.569557
0.569334
0.569067
0.568269
0.567583
0.566858
0.566513
0.566881
0.567912
0.569204
0.569901
0.569931
0.569877
0.569148
0.568448
0.568829
0.569562
0.569758
0.569806
0.569332
0.567947
0.56668
0.566233
0.566314
0.567021
0.568533
0.570297
0.571883
0.572901
0.573222
0.572968
0.572043
0.570575
0.569022
0.567519
0.544145
0.543701
0.542308
0.540152
0.53793
0.536143
0.535204
0.535209
0.536129
0.538108
0.540761
0.543466
0.545905
0.547585
0.548658
0.549401
0.549906
0.550285
0.550775
0.551202
0.551546
0.55174
0.552167
0.552667
0.55287
0.552158
0.55125
0.550851
0.551088
0.552239
0.554313
0.557473
0.561136
0.56457
0.567448
0.569326
0.569637
0.56897
0.569015
0.569781
0.570575
0.571153
0.572331
0.57268
0.571415
0.569541
0.567717
0.566687
0.566645
0.56719
0.568192
0.568518
0.568173
0.568005
0.567499
0.567292
0.567993
0.569197
0.570112
0.570159
0.569923
0.569305
0.567889
0.566522
0.565579
0.564854
0.564944
0.565787
0.56717
0.568554
0.57002
0.571425
0.572692
0.573274
0.572999
0.572441
0.571389
0.56993
0.568247
0.566137
0.545157
0.544423
0.542801
0.540221
0.537426
0.535174
0.534043
0.534024
0.534782
0.536619
0.540019
0.543797
0.546421
0.547879
0.548621
0.549023
0.549411
0.550016
0.550802
0.551377
0.551556
0.551585
0.551667
0.552036
0.552403
0.551736
0.55062
0.550182
0.550638
0.552226
0.554878
0.558426
0.562156
0.56572
0.568729
0.570494
0.570256
0.568974
0.568592
0.569261
0.571095
0.573549
0.57521
0.574842
0.572577
0.569345
0.566034
0.564656
0.565151
0.566906
0.569192
0.57015
0.569369
0.56754
0.565722
0.565307
0.566489
0.568442
0.570686
0.571928
0.571277
0.569306
0.566471
0.563842
0.562764
0.562782
0.563763
0.565812
0.568268
0.570227
0.571632
0.572513
0.573093
0.572887
0.572164
0.571359
0.570452
0.569323
0.567603
0.564887
0.545677
0.545057
0.543297
0.540342
0.537196
0.534662
0.533373
0.533222
0.533771
0.535467
0.539285
0.543703
0.546573
0.547998
0.548651
0.548807
0.549061
0.549772
0.550822
0.551608
0.551759
0.551625
0.551693
0.551687
0.552054
0.551293
0.550054
0.549672
0.550391
0.552222
0.555259
0.559082
0.563004
0.566726
0.569764
0.571437
0.570755
0.568984
0.568433
0.568592
0.571321
0.575059
0.577076
0.57632
0.573769
0.569142
0.565132
0.563508
0.563894
0.566593
0.569674
0.571176
0.570415
0.567423
0.564701
0.564098
0.565133
0.567776
0.571083
0.572753
0.572539
0.569704
0.565576
0.562217
0.560782
0.56088
0.56252
0.565485
0.568548
0.571495
0.572856
0.573455
0.573696
0.573017
0.572051
0.570979
0.570034
0.568864
0.567051
0.563993
)
;

boundaryField
{
    inlet
    {
        type            calculated;
        value           uniform 0.140001;
    }
    outlet
    {
        type            calculated;
        value           nonuniform List<scalar> 
40
(
0.574301
0.573924
0.573275
0.572266
0.5711
0.569861
0.568644
0.568374
0.568654
0.568988
0.569318
0.569376
0.569378
0.56958
0.570346
0.571592
0.572853
0.573496
0.573856
0.573725
0.572931
0.571434
0.570011
0.568311
0.566783
0.565839
0.565405
0.565265
0.564547
0.564485
0.564488
0.565298
0.566562
0.567386
0.568114
0.568206
0.567519
0.566137
0.564887
0.563993
)
;
    }
    bottom
    {
        type            symmetryPlane;
    }
    top
    {
        type            symmetryPlane;
    }
    obstacle
    {
        type            calculated;
        value           nonuniform List<scalar> 
80
(
0.540713
0.541484
0.542396
0.542638
0.542463
0.541935
0.541169
0.540177
0.538971
0.538359
0.538428
0.539212
0.540726
0.543112
0.546039
0.548792
0.550621
0.551308
0.550558
0.54917
0.548409
0.548131
0.549092
0.552158
0.555892
0.55885
0.560703
0.561506
0.561355
0.561005
0.560613
0.559637
0.558096
0.556556
0.555459
0.555555
0.557044
0.559655
0.562385
0.564351
0.565375
0.566253
0.567629
0.56981
0.572168
0.573895
0.574388
0.573552
0.57181
0.570292
0.569093
0.568167
0.566397
0.563196
0.560089
0.557935
0.556438
0.555782
0.55548
0.556482
0.559592
0.564767
0.570696
0.574973
0.576941
0.576331
0.573612
0.570113
0.566381
0.563858
0.562916
0.563615
0.565156
0.567072
0.569078
0.570789
0.572176
0.573141
0.573662
0.574301
)
;
    }
    defaultFaces
    {
        type            empty;
    }
}


// ************************************************************************* //
