/*--------------------------------*- C++ -*----------------------------------*\
| =========                 |                                                 |
| \\      /  F ield         | OpenFOAM: The Open Source CFD Toolbox           |
|  \\    /   O peration     | Version:  v1912                                 |
|   \\  /    A nd           | Website:  www.openfoam.com                      |
|    \\/     M anipulation  |                                                 |
\*---------------------------------------------------------------------------*/
FoamFile
{
    version     2.0;
    format      ascii;
    class       volScalarField;
    location    "1.16";
    object      T;
}
// * * * * * * * * * * * * * * * * * * * * * * * * * * * * * * * * * * * * * //

dimensions      [0 0 0 1 0 0 0];


internalField   nonuniform List<scalar> 
4800
(
10.4307
8.49709
8.63248
9.09906
9.85577
10.7391
11.4423
11.8779
12.0331
11.6444
11.286
11.555
11.942
12.3295
12.6978
13.0466
13.3758
13.6805
13.9565
14.206
14.4452
14.6918
14.9557
15.2403
15.5524
15.9106
16.342
16.8243
17.2767
17.5851
17.633
17.1093
16.0848
15.8885
15.988
16.2167
16.4693
16.7301
16.9942
17.2789
10.4287
8.50884
8.67418
9.15415
9.87634
10.7313
11.4347
11.8827
11.9761
11.5419
11.2258
11.4753
11.8648
12.2595
12.6392
13.002
13.3451
13.662
13.9525
14.2227
14.4814
14.7419
15.0164
15.3085
15.6249
15.9784
16.393
16.8432
17.2409
17.4937
17.5782
17.0882
16.0831
15.9028
16.0359
16.2754
16.5272
16.7821
17.0434
17.3273
10.4321
8.55178
8.74605
9.24099
9.91244
10.7406
11.4604
11.9249
11.9038
11.3538
11.1336
11.3663
11.7582
12.166
12.5672
12.9504
13.3076
13.6395
13.9501
14.2473
14.5349
14.8222
15.1136
15.4156
15.7357
16.0857
16.4774
16.8784
17.1988
17.398
17.5422
17.0913
16.1214
15.9632
16.1438
16.3947
16.6394
16.8775
17.1283
17.4035
10.4401
8.61665
8.84383
9.35819
9.97894
10.7781
11.4896
11.9508
11.7678
11.1195
11.0439
11.2712
11.6482
12.0501
12.4597
12.862
13.2415
13.5965
13.9365
14.2723
14.6007
14.917
15.2263
15.5437
15.8805
16.2315
16.6004
16.9329
17.1824
17.3542
17.5131
17.0742
16.1423
16.0316
16.2855
16.5515
16.799
17.0288
17.2699
17.5365
10.4502
8.68775
8.94643
9.48217
10.0648
10.8329
11.5104
11.9277
11.562
10.8751
10.9439
11.2087
11.582
11.9681
12.3629
12.7663
13.1643
13.5494
13.9223
14.2894
14.6508
14.9972
15.3291
15.6652
16.0147
16.3795
16.7433
17.0233
17.2273
17.3732
17.5207
17.0602
16.1408
16.0932
16.4141
16.7303
16.9902
17.2198
17.4565
17.7212
10.4596
8.75165
9.02905
9.58674
10.156
10.896
11.5236
11.836
11.2778
10.6678
10.8458
11.1605
11.5264
11.909
12.3024
12.697
13.094
13.4996
13.9026
14.2959
14.6775
15.0448
15.4001
15.7595
16.1297
16.5092
16.8777
17.1514
17.3443
17.4707
17.5892
17.075
16.1234
16.1435
16.5131
16.9044
17.2094
17.4502
17.6886
17.9531
10.469
8.80512
9.08484
9.65978
10.2451
10.9594
11.5375
11.6926
10.9533
10.4926
10.7787
11.1299
11.4942
11.8692
12.2568
12.6568
13.0631
13.4759
13.8897
14.2926
14.6821
15.0633
15.4404
15.8252
16.2174
16.612
16.9939
17.3013
17.529
17.6645
17.7426
17.1418
16.1437
16.1946
16.6068
17.0549
17.4294
17.7057
17.9551
18.214
10.4774
8.84865
9.12465
9.71478
10.3199
10.9988
11.5417
11.5322
10.638
10.3463
10.7135
11.1043
11.4767
11.8517
12.2389
12.6419
13.0563
13.4696
13.8731
14.2769
14.6751
15.0723
15.4685
15.8713
16.2807
16.688
17.0908
17.4537
17.7538
17.938
17.9743
17.2616
16.2389
16.2823
16.7014
17.1963
17.6305
17.9644
18.2308
18.4815
10.4857
8.88327
9.16129
9.75842
10.373
11.0245
11.5232
11.3647
10.3873
10.2333
10.6336
11.0693
11.4692
11.8566
12.2552
12.6647
13.0766
13.4804
13.8758
14.2743
14.6793
15.0918
15.506
15.9181
16.3317
16.7411
17.1606
17.5929
17.9864
18.2491
18.2491
17.4267
16.3931
16.4183
16.8112
17.3271
17.8115
18.2107
18.4969
18.743
10.4915
8.90986
9.18622
9.79059
10.4048
11.0335
11.4695
11.2006
10.2377
10.1557
10.5519
11.0139
11.4585
11.8834
12.3071
12.7263
13.1301
13.5128
13.8884
14.2851
14.7069
15.1409
15.5637
15.9723
16.3751
16.777
17.2079
17.7056
18.199
18.5558
18.5446
17.634
16.5736
16.589
16.9505
17.458
17.9789
18.4238
18.7554
19.0001
10.4975
8.93269
9.20107
9.81324
10.4213
11.0332
11.399
11.0647
10.1761
10.1206
10.4908
10.9554
11.4299
11.908
12.3805
12.8173
13.2115
13.5722
13.9332
14.3266
14.7603
15.2123
15.6504
16.0605
16.4467
16.8261
17.2607
17.7957
18.3602
18.8024
18.8171
17.8644
16.765
16.7837
17.1196
17.6105
18.1307
18.62
19.0191
19.2781
10.5002
8.94581
9.19919
9.81012
10.3996
10.9969
11.3222
10.9927
10.1898
10.1271
10.4629
10.9176
11.4017
11.9123
12.4311
12.9066
13.3078
13.6582
14.0116
14.4036
14.8419
15.2998
15.7384
16.1459
16.5317
16.9167
17.3544
17.8878
18.4795
18.9673
19.0414
18.1045
16.9601
17.004
17.3307
17.802
18.2973
18.8257
19.2706
19.6
10.5007
8.95455
9.17101
9.76792
10.3446
10.9354
11.2652
10.9874
10.2537
10.1659
10.4732
10.9096
11.3826
11.9041
12.4479
12.966
13.3944
13.7584
14.1179
14.5095
14.9445
15.3965
15.8313
16.2393
16.6333
17.0278
17.4814
18.0121
18.5894
19.072
19.2095
18.3355
17.1671
17.257
17.6003
18.0369
18.507
19.0111
19.5157
19.9248
10.5001
8.9612
9.11596
9.68813
10.2808
10.8868
11.2483
11.0199
10.3358
10.2236
10.515
10.9391
11.3919
11.8982
12.4393
12.9823
13.4681
13.865
14.2439
14.6375
15.0634
15.5037
15.9336
16.3449
16.7525
17.1674
17.6325
18.1651
18.7249
19.1654
19.3406
18.5593
17.4071
17.5417
17.9189
18.3218
18.739
19.1799
19.694
20.1516
10.5
8.96424
9.07118
9.62375
10.2403
10.8671
11.2467
11.0668
10.4138
10.2811
10.5844
11.013
11.4515
11.916
12.4232
12.9668
13.5058
13.9779
14.3808
14.7789
15.1958
15.6226
16.0479
16.4657
16.887
17.3234
17.7999
18.3292
18.8733
19.3048
19.4903
18.8112
17.6984
17.8316
18.2282
18.6059
18.9493
19.3246
19.7663
20.2597
10.5065
8.96803
9.05193
9.59895
10.229
10.8672
11.266
11.1125
10.4735
10.3295
10.6675
11.108
11.5324
11.9532
12.4092
12.9328
13.5075
14.0608
14.5094
14.9209
15.3297
15.7406
16.1621
16.5914
17.0272
17.4813
17.9688
18.5033
19.043
19.4935
19.7293
19.1177
17.9992
18.0822
18.4608
18.8258
19.1266
19.4356
19.8001
20.2601
10.5029
8.958
9.05472
9.60685
10.2464
10.8983
11.3098
11.1514
10.5067
10.3787
10.7557
11.2071
11.6158
11.9974
12.4021
12.8967
13.4814
14.0925
14.6021
15.0361
15.4435
15.8468
16.2671
16.7121
17.1683
17.6362
18.1354
18.6813
19.2394
19.7266
19.9913
19.3995
18.2647
18.2817
18.6333
18.9981
19.2892
19.534
19.8328
20.1998
10.5027
8.94849
9.0781
9.64608
10.2874
10.9482
11.3647
11.1875
10.5211
10.4304
10.8363
11.2902
11.685
12.032
12.4014
12.8656
13.4382
14.0726
14.648
15.0979
15.5207
15.9317
16.3589
16.8243
17.2985
17.7839
18.3002
18.8606
19.4434
19.9501
20.2105
19.6291
18.5086
18.4442
18.7614
19.1402
19.4356
19.6521
19.876
20.1414
10.5031
8.94091
9.1085
9.69527
10.3354
11.0016
11.4247
11.2231
10.5196
10.476
10.8952
11.3395
11.7194
12.0532
12.4072
12.8501
13.4045
14.0266
14.6395
15.1268
15.5592
15.9796
16.4204
16.9086
17.4129
17.924
18.4608
19.0355
19.6312
20.132
20.3898
19.834
18.7151
18.562
18.8359
19.23
19.5491
19.7617
19.9272
20.1184
10.5032
8.93506
9.13789
9.73879
10.37
11.0444
11.4872
11.2642
10.5075
10.5054
10.9238
11.3505
11.7244
12.0616
12.4173
12.8561
13.3973
14.0017
14.6009
15.1123
15.5636
16.0017
16.4593
16.9737
17.5095
18.0542
18.6102
19.1918
19.7813
20.2765
20.5318
19.9879
18.8566
18.6423
18.8915
19.305
19.6523
19.8786
20.0039
20.1153
10.5019
8.9318
9.15377
9.75373
10.372
11.0585
11.5409
11.3117
10.4949
10.5152
10.9227
11.3385
11.7174
12.0688
12.4371
12.8762
13.4079
13.9959
14.5688
15.0781
15.5451
15.9978
16.4759
17.0144
17.5859
18.1663
18.7368
19.3207
19.8888
20.3737
20.6292
20.1045
18.9648
18.7181
18.9438
19.3593
19.7311
19.9868
20.1057
20.161
10.4981
8.93102
9.15873
9.74397
10.341
11.0429
11.5719
11.3616
10.4918
10.5072
10.8984
11.3133
11.7064
12.0837
12.4735
12.9156
13.4315
13.9896
14.5387
15.0423
15.517
15.9791
16.4745
17.0367
17.6404
18.2465
18.8269
19.4093
19.9557
20.4231
20.697
20.1949
19.0451
18.7851
18.9888
19.3918
19.771
20.0621
20.2054
20.2479
10.4951
8.93174
9.16014
9.72296
10.2941
11.0039
11.5698
11.3915
10.501
10.4813
10.8485
11.2731
11.6931
12.1042
12.5215
12.9675
13.4524
13.9692
14.4922
15.0002
15.4909
15.9699
16.4761
17.0474
17.6687
18.286
18.8692
19.4389
19.9847
20.4426
20.7469
20.2527
19.0898
18.8349
19.0257
19.4071
19.7749
20.0797
20.2806
20.3541
10.4881
8.93032
9.1582
9.69761
10.2443
10.9563
11.5361
11.387
10.5105
10.4358
10.775
11.2145
11.6684
12.1217
12.5693
13.0071
13.4487
13.9243
14.4314
14.9504
15.4655
15.9665
16.4848
17.0575
17.6727
18.2875
18.8679
19.4315
19.9872
20.4463
20.7759
20.2781
19.1022
18.8731
19.0668
19.4212
19.7656
20.0663
20.308
20.4584
10.4836
8.92375
9.1472
9.66777
10.2034
10.904
11.4836
11.3566
10.5109
10.3768
10.6844
11.1398
11.6308
12.1328
12.603
13.0194
13.4239
13.8649
14.3644
14.9011
15.4425
15.9707
16.498
17.059
17.6531
18.2529
18.8415
19.4073
19.9772
20.4423
20.7846
20.2643
19.0775
18.8933
19.0967
19.4244
19.7411
20.0369
20.3082
20.5264
10.4782
8.9109
9.12999
9.63631
10.159
10.8511
11.4073
11.3039
10.5041
10.3158
10.5903
11.0636
11.5976
12.1359
12.6172
13.0226
13.4041
13.8166
14.2996
14.8526
15.4246
15.9813
16.5114
17.0475
17.6168
18.203
18.7911
19.3679
19.953
20.4186
20.7544
20.1947
19.0042
18.8872
19.1016
19.4044
19.6981
19.9938
20.2793
20.5291
10.4738
8.89514
9.09988
9.59517
10.1106
10.7992
11.3275
11.2442
10.4986
10.27
10.5227
11.0153
11.5691
12.1223
12.5996
13.0018
13.3778
13.7691
14.2374
14.8
15.4046
15.9902
16.5231
17.0319
17.5739
18.1427
18.7239
19.3071
19.9017
20.3575
20.6641
20.0537
18.8784
18.8421
19.0734
19.3603
19.6324
19.9125
20.1928
20.4587
10.4697
8.8755
9.06636
9.55315
10.0744
10.7586
11.2632
11.204
10.5106
10.2533
10.5136
10.9962
11.5327
12.0587
12.5297
12.9409
13.3236
13.7152
14.177
14.7437
15.3666
15.9852
16.528
17.0177
17.5328
18.078
18.6461
19.2327
19.8231
20.2513
20.4985
19.8221
18.7064
18.7404
18.9926
19.275
19.531
19.7893
20.0547
20.2952
10.4681
8.85749
9.02982
9.50645
10.0453
10.7325
11.2241
11.2002
10.5521
10.2572
10.5385
11.0001
11.4792
11.9504
12.4129
12.8502
13.2592
13.6679
14.1255
14.6771
15.3045
15.9461
16.5177
17.0015
17.493
18.0113
18.5564
19.1332
19.7025
20.089
20.2469
19.4779
18.4602
18.5578
18.8351
19.1181
19.3603
19.5889
19.8153
20.0227
10.4697
8.84371
9.00387
9.4767
10.0319
10.7142
11.2086
11.2376
10.6229
10.2871
10.5883
11.0085
11.4241
11.8485
12.2969
12.7552
13.1962
13.6225
14.0722
14.5968
15.2048
15.8444
16.4557
16.9655
17.4347
17.9252
18.4337
18.9782
19.4998
19.8392
19.8817
18.9886
18.1064
18.267
18.5709
18.8522
19.0772
19.2762
19.4731
19.6613
10.4734
8.83333
8.99663
9.46972
10.0273
10.7062
11.2215
11.3203
10.7163
10.3452
10.6466
11.0131
11.3843
11.7799
12.2116
12.6717
13.1323
13.5702
14.0087
14.4956
15.0644
15.6867
16.3142
16.8734
17.3384
17.7892
18.2513
18.7479
19.1927
19.4697
19.3797
18.3449
17.6329
17.8483
18.1733
18.4483
18.663
18.8433
19.0213
19.2013
10.4785
8.82576
8.99554
9.4725
10.0304
10.7104
11.2651
11.4398
10.823
10.4207
10.6974
11.0163
11.3657
11.7482
12.1638
12.609
13.0678
13.5051
13.9249
14.3677
14.8824
15.4752
16.1023
16.6968
17.1924
17.5913
18.0024
18.4356
18.7783
18.9753
18.7362
17.577
17.051
17.3065
17.6399
17.9131
18.1245
18.3001
18.4702
18.6426
10.481
8.8125
8.99949
9.49025
10.0525
10.7381
11.3329
11.57
10.9275
10.4945
10.7273
11.0287
11.3682
11.7382
12.1471
12.5829
13.0194
13.4324
13.822
14.2181
14.6705
15.2135
15.826
16.4316
16.9626
17.348
17.6995
18.0484
18.2765
18.3959
17.9897
16.7507
16.3967
16.6711
16.9999
17.2835
17.4987
17.6746
17.8438
18.0151
10.4815
8.79492
9.00011
9.50673
10.0823
10.7876
11.4115
11.6875
11.0081
10.54
10.7366
11.043
11.3852
11.7536
12.1523
12.5657
12.9703
13.3523
13.7107
14.0627
14.4491
14.9203
15.4863
16.0863
16.6391
17.0639
17.3728
17.6261
17.7401
17.8017
17.2123
15.9589
15.739
16.0046
16.3131
16.6117
16.8408
17.0235
17.1916
17.3605
10.4796
8.77365
8.99054
9.5077
10.1011
10.8436
11.4967
11.773
11.0599
10.5581
10.7366
11.0614
11.4142
11.7823
12.16
12.5404
12.9084
13.2584
13.5885
13.9091
14.2433
14.6326
15.1201
15.6863
16.2501
16.7113
17.0465
17.2299
17.251
17.2578
16.4816
15.2754
15.1712
15.3782
15.6676
15.9585
16.2098
16.4081
16.5741
16.7398
10.4748
8.74826
8.96803
9.49443
10.1091
10.8992
11.5653
11.8218
11.0982
10.5659
10.7436
11.0845
11.4431
11.8028
12.1574
12.5037
12.8393
13.1671
13.4804
13.78
14.0783
14.3996
14.7969
15.2925
15.8326
16.3232
16.7175
16.9065
16.8687
16.8093
15.8754
14.7531
14.7277
14.8871
15.1408
15.406
15.6587
15.8834
16.0645
16.2319
10.4692
8.72124
8.93127
9.45885
10.1123
10.9461
11.6013
11.8306
11.1234
10.5578
10.7559
11.1042
11.462
11.8105
12.1446
12.4648
12.7789
13.0895
13.3924
13.6837
13.9637
14.2512
14.5732
14.9778
15.4455
15.9313
16.3801
16.6361
16.5935
16.4944
15.4332
14.3963
14.4144
14.5482
14.7687
15.0001
15.2356
15.4698
15.6862
15.8834
10.4608
8.69785
8.88476
9.40223
10.0993
10.972
11.6055
11.8111
11.146
10.5445
10.764
11.1193
11.4717
11.8089
12.129
12.4349
12.7348
13.0327
13.33
13.6227
13.904
14.1837
14.4757
14.7868
15.148
15.5655
16.0333
16.3686
16.4768
16.301
15.1441
14.1897
14.1963
14.3379
14.5396
14.7459
14.9618
15.1946
15.4356
15.6785
10.4556
8.68144
8.84016
9.34442
10.0838
10.9847
11.5992
11.7857
11.1673
10.5319
10.7719
11.132
11.4785
11.8045
12.1155
12.415
12.7087
13.0002
13.2945
13.5901
13.8868
14.1763
14.4517
14.7201
14.9904
15.3026
15.7309
16.1381
16.4545
16.2102
14.9902
14.0935
14.09
14.2459
14.4439
14.6298
14.8158
15.0343
15.3101
15.6253
10.4497
8.67402
8.80581
9.29644
10.0586
10.9832
11.6044
11.7816
11.1814
10.5175
10.7725
11.1393
11.4872
11.8076
12.1114
12.4061
12.6968
12.9869
13.2796
13.5806
13.8897
14.1938
14.4745
14.7211
14.9461
15.1924
15.5607
15.9949
16.4245
16.1812
14.9286
14.0692
14.0453
14.218
14.4265
14.6051
14.7699
14.975
15.2691
15.6258
17.549
17.8703
18.213
18.5571
18.8808
19.1699
19.4334
19.6906
19.9565
20.2449
20.5414
20.8174
21.0597
21.2889
21.5628
21.9672
22.5512
22.9927
23.0879
22.5821
21.079
20.4999
20.7066
21.11
21.4592
21.6215
21.6268
21.557
21.4773
21.4272
21.4033
21.3779
21.3358
21.2686
21.1919
21.137
21.1298
21.17
21.2349
21.2582
21.2028
21.0955
21.01
21.0124
21.0701
21.0864
21.0593
20.7299
19.945
19.1514
18.9663
18.9937
19.0914
19.1643
19.1706
19.1211
19.067
19.0345
19.0237
19.0347
19.0771
19.1724
19.3107
19.4338
19.4902
19.4352
19.3261
19.2759
19.3938
19.6933
20.1436
20.452
20.5473
20.1099
19.3335
18.9432
18.9204
19.0096
19.1517
19.3536
17.6171
17.947
18.29
18.6337
18.9501
19.235
19.4966
19.7588
20.0278
20.3174
20.6178
20.901
21.1635
21.4292
21.7508
22.1557
22.6355
22.8504
22.823
22.1909
20.8182
20.4538
20.665
21.0288
21.3277
21.4617
21.4868
21.461
21.4213
21.3922
21.3791
21.3659
21.3207
21.2598
21.1998
21.1632
21.1699
21.2141
21.2727
21.2709
21.2098
21.1095
21.0397
21.0572
21.1108
21.1008
21.0002
20.5496
19.7547
19.1061
19.0034
19.0514
19.1429
19.192
19.1821
19.1357
19.0867
19.0652
19.0706
19.0968
19.1468
19.2282
19.314
19.3869
19.3889
19.3699
19.3597
19.4074
19.5821
19.8994
20.2143
20.3372
20.3375
19.8764
19.1937
18.9374
18.9482
19.0549
19.1927
19.3666
17.6946
18.0215
18.3568
18.688
18.9956
19.2765
19.5424
19.8056
20.0786
20.3711
20.6791
20.9836
21.2677
21.5598
21.8842
22.261
22.6601
22.8044
22.7641
21.9584
20.586
20.2985
20.4349
20.674
20.9567
21.1649
21.282
21.3413
21.3402
21.3315
21.3235
21.3049
21.2703
21.2227
21.1787
21.1606
21.1736
21.202
21.2281
21.215
21.1639
21.0863
21.044
21.0706
21.1221
21.0689
20.898
20.4204
19.6178
19.1124
19.0418
19.0811
19.1301
19.1595
19.1583
19.1325
19.1032
19.0972
19.1166
19.1557
19.2058
19.2365
19.2474
19.2493
19.2713
19.3543
19.4702
19.6245
19.8312
20.0535
20.2278
20.2054
20.1008
19.6672
19.0656
18.9019
18.9839
19.0934
19.2002
19.3539
17.8219
18.1428
18.4679
18.7871
19.0899
19.3765
19.6531
19.9249
20.204
20.4909
20.7939
21.1118
21.4449
21.7604
22.0487
22.3748
22.6462
22.6757
22.5567
21.5653
20.3361
20.1296
20.117
20.2338
20.4616
20.759
20.989
21.1357
21.2121
21.2232
21.2078
21.1852
21.1616
21.1454
21.1423
21.1499
21.1637
21.1707
21.1615
21.1376
21.1099
21.0904
21.0799
21.1035
21.1149
21.0028
20.7608
20.2607
19.4908
19.1397
19.0917
19.0844
19.1002
19.1202
19.1355
19.1432
19.1363
19.146
19.1794
19.2167
19.22
19.1954
19.1498
19.1422
19.2141
19.3678
19.6237
19.9106
20.0863
20.2231
20.2239
20.0777
19.876
19.3883
18.9042
18.8652
18.9821
19.1103
19.2241
19.3596
17.9986
18.3071
18.6173
18.9256
19.2285
19.5249
19.8139
20.0974
20.3759
20.6576
20.964
21.3018
21.6298
21.9101
22.1551
22.3877
22.5317
22.5269
22.2792
21.1662
20.0872
19.8959
19.8062
19.8526
19.9768
20.2167
20.5684
20.8407
21.0196
21.0763
21.0662
21.0487
21.0436
21.0579
21.0832
21.1067
21.1152
21.0987
21.065
21.0494
21.0642
21.0966
21.1046
21.1193
21.0791
20.8971
20.6443
20.0861
19.3927
19.156
19.1033
19.0504
19.0547
19.0773
19.1154
19.1603
19.1773
19.1925
19.2149
19.2216
19.1903
19.1274
19.0898
19.1023
19.2162
19.4758
19.8467
20.1145
20.2547
20.3221
20.2184
20.0082
19.7576
19.1746
18.6897
18.75
18.9255
19.0831
19.2193
19.341
18.2172
18.5084
18.8058
19.1103
19.4185
19.7295
20.0393
20.3329
20.6135
20.8986
21.1984
21.4961
21.7592
21.9767
22.1941
22.3286
22.3423
22.2863
21.902
20.773
19.8332
19.6354
19.5416
19.5734
19.6572
19.8099
20.0975
20.466
20.7293
20.862
20.9054
20.9192
20.9436
20.9814
21.0156
21.0283
21.0121
20.9855
20.9536
20.9789
21.0414
21.1159
21.1271
21.1073
21.0232
20.8104
20.5313
19.9002
19.3213
19.1561
19.0766
19.0133
19.0131
19.0461
19.1093
19.1811
19.2207
19.2179
19.206
19.1786
19.1296
19.0969
19.1029
19.1723
19.3516
19.6706
19.978
20.179
20.3171
20.3826
20.2593
20.0207
19.7335
19.0932
18.5936
18.5933
18.779
19.0044
19.1582
19.2585
18.4623
18.7372
19.0282
19.3328
19.655
19.9867
20.308
20.6129
20.9032
21.164
21.3954
21.611
21.8017
21.9636
22.143
22.1942
22.1529
22.008
21.5244
20.4453
19.5801
19.3986
19.3229
19.3505
19.425
19.5516
19.7318
20.0264
20.3451
20.5732
20.693
20.7874
20.8671
20.9235
20.9443
20.9285
20.8849
20.8635
20.8506
20.9142
21.0229
21.123
21.1308
21.0777
20.9685
20.758
20.421
19.7139
19.2505
19.1345
19.0422
18.9965
19.002
19.044
19.1116
19.1942
19.2416
19.209
19.156
19.107
19.1045
19.1433
19.2119
19.3715
19.5905
19.8041
19.991
20.151
20.2819
20.3914
20.3453
20.1158
19.7835
19.0783
18.58
18.5421
18.629
18.8413
19.0069
19.0858
18.7182
18.985
19.2747
19.5709
19.8964
20.2528
20.602
20.9193
21.1784
21.3648
21.5055
21.6395
21.7656
21.8906
21.9906
22.0128
21.9329
21.6858
21.1899
20.1873
19.3664
19.208
19.1571
19.1859
19.2552
19.3481
19.467
19.6384
19.9067
20.2082
20.4524
20.6376
20.7905
20.8767
20.8861
20.842
20.789
20.7825
20.7872
20.8639
20.9948
21.093
21.1139
21.0529
20.9206
20.7246
20.2912
19.5266
19.1595
19.0821
19.0218
19.0095
19.0202
19.0575
19.1145
19.1844
19.2149
19.1642
19.0994
19.0797
19.1259
19.2332
19.4388
19.6375
19.7727
19.8677
19.9538
20.0622
20.2063
20.3791
20.4111
20.2513
19.8639
19.0963
18.5985
18.5323
18.5813
18.676
18.7578
18.8061
18.9713
19.2316
19.5066
19.8178
20.1684
20.54
20.9006
21.1855
21.3598
21.4506
21.5154
21.5953
21.6682
21.7619
21.8037
21.7976
21.7008
21.405
20.9406
20.0001
19.2055
19.0727
19.0515
19.0938
19.1621
19.2166
19.269
19.3523
19.5274
19.8147
20.1638
20.4685
20.6937
20.8084
20.8368
20.7937
20.7567
20.7632
20.7677
20.829
20.947
21.0255
21.0693
21.0339
20.8913
20.6951
20.1165
19.3345
19.0622
19.0292
19.0279
19.0494
19.0548
19.0745
19.1009
19.1344
19.1425
19.1138
19.0762
19.0965
19.1971
19.4332
19.6835
19.8322
19.8779
19.846
19.868
19.9595
20.1301
20.3298
20.4141
20.3485
19.9405
19.1609
18.6865
18.5682
18.5633
18.6128
18.6281
18.6732
19.2216
19.4841
19.7662
20.0809
20.4383
20.8096
21.1326
21.3299
21.4079
21.4332
21.4621
21.4907
21.5309
21.5805
21.5915
21.5658
21.4712
21.2004
20.757
19.852
19.0934
18.983
18.9977
19.0572
19.117
19.1376
19.1454
19.1814
19.2822
19.5088
19.8579
20.2436
20.5355
20.7016
20.7668
20.7769
20.7746
20.7964
20.7945
20.8112
20.8696
20.9257
20.9981
21.0036
20.8928
20.6433
19.8948
19.1572
18.9868
18.9887
19.0553
19.1051
19.0948
19.0645
19.0476
19.0491
19.0732
19.1047
19.1302
19.1873
19.3743
19.6102
19.8033
19.896
19.8703
19.8224
19.8031
19.8777
20.048
20.2509
20.355
20.334
19.9091
19.1406
18.7138
18.5857
18.5455
18.5689
18.5878
18.6555
19.5018
19.7636
20.0452
20.3547
20.6872
20.9986
21.2242
21.3346
21.3682
21.3675
21.3651
21.3553
21.3556
21.3789
21.3748
21.3645
21.2892
21.0363
20.6234
19.7401
19.0197
18.9257
18.9733
19.0401
19.0831
19.0737
19.0546
19.0698
19.1644
19.3482
19.6164
19.9568
20.2784
20.5189
20.6612
20.7549
20.8281
20.8773
20.8704
20.8229
20.8074
20.8303
20.9231
20.9583
20.9014
20.5337
19.6484
19.0297
18.9399
18.9775
19.0806
19.1421
19.1064
19.0285
18.9717
18.9752
19.0437
19.144
19.2377
19.3716
19.5174
19.6789
19.8071
19.8518
19.8322
19.7996
19.7814
19.8283
19.9575
20.1343
20.2238
20.2011
19.7754
19.0052
18.6351
18.5331
18.5019
18.5177
18.5469
18.6275
19.8287
20.0878
20.349
20.6122
20.8614
21.0612
21.1933
21.2652
21.2798
21.2731
21.2502
21.2068
21.1908
21.1878
21.1786
21.1881
21.1386
20.9209
20.5233
19.6552
18.9681
18.8901
18.9531
19.0129
19.0365
19.015
18.9954
19.0253
19.1257
19.2911
19.4923
19.6841
19.9416
20.2323
20.4922
20.7029
20.8587
20.9543
20.9264
20.8674
20.802
20.8016
20.8812
20.936
20.8792
20.3446
19.3987
18.9581
18.9071
18.9743
19.0788
19.1269
19.0836
18.9813
18.9128
18.9324
19.0414
19.2204
19.4213
19.5565
19.633
19.6801
19.7254
19.7788
19.8134
19.8084
19.8045
19.8338
19.8998
19.9975
20.039
19.993
19.5241
18.7687
18.4886
18.4313
18.4207
18.4474
18.4949
18.5956
20.1862
20.4201
20.6238
20.7986
20.935
21.0335
21.1078
21.1483
21.1682
21.1634
21.1347
21.0852
21.0427
21.0151
20.9747
21.0141
21.0173
20.8371
20.4502
19.5939
18.933
18.8602
18.9223
18.9712
18.9919
18.9769
18.9728
19.0212
19.1345
19.2825
19.4041
19.5067
19.6546
19.9041
20.2464
20.6009
20.8653
20.978
20.9742
20.9187
20.8628
20.8743
20.9037
20.9434
20.7901
20.0682
19.17
18.9069
18.8775
18.9392
19.0179
19.0448
19.0209
18.9583
18.9293
18.9684
19.1196
19.3816
19.6108
19.6978
19.6837
19.6689
19.6839
19.7572
19.857
19.9118
19.9097
19.9148
19.916
19.9369
19.9088
19.7397
19.1794
18.4865
18.2994
18.2789
18.3113
18.3716
18.4231
18.5361
20.4938
20.6971
20.8202
20.8906
20.9351
20.9707
20.9979
21.0331
21.0602
21.0682
21.0496
20.9885
20.8974
20.8156
20.8113
20.8825
20.9174
20.7794
20.4008
19.553
18.9089
18.8335
18.8824
18.9286
18.9578
18.9622
18.976
19.0407
19.1591
19.2814
19.3476
19.391
19.4717
19.6409
19.9633
20.3941
20.7674
20.9449
20.9734
20.9755
20.9823
21.0229
21.0232
20.9714
20.6133
19.7129
18.9764
18.8342
18.8053
18.851
18.9052
18.9478
18.9871
18.9997
19.0168
19.1359
19.3366
19.5588
19.7345
19.7965
19.7569
19.7335
19.7774
19.8627
19.9703
20.0559
20.0846
20.084
20.0324
19.9672
19.8518
19.5515
18.8667
18.2465
18.1356
18.149
18.2104
18.311
18.3784
18.4869
20.6406
20.8721
20.9501
20.9479
20.9204
20.9026
20.9179
20.951
20.9896
21.0113
20.9857
20.8956
20.7537
20.6706
20.7016
20.7969
20.8383
20.7476
20.3751
19.5339
18.8918
18.8151
18.8379
18.8888
18.9418
18.9723
19.0067
19.08
19.181
19.2615
19.3094
19.3408
19.3938
19.5275
19.7547
20.1181
20.5049
20.7888
20.9375
21.0123
21.1315
21.2184
21.1831
21
20.3583
19.3157
18.82
18.7249
18.7026
18.7459
18.8186
18.8952
18.9852
19.1207
19.2793
19.4183
19.5506
19.6847
19.7956
19.8714
19.8921
19.9147
19.987
20.1023
20.2207
20.3154
20.3405
20.329
20.254
20.117
19.9155
19.504
18.7944
18.2208
18.1122
18.107
18.1687
18.2674
18.3557
18.4613
20.6707
20.9242
20.9902
20.972
20.9149
20.8805
20.9005
20.9375
20.9728
20.976
20.9285
20.8039
20.6651
20.5936
20.6382
20.7463
20.7875
20.7278
20.3685
19.5335
18.8849
18.7998
18.8047
18.8703
18.9526
19.0093
19.0626
19.1255
19.1782
19.2223
19.2695
19.3292
19.3987
19.5102
19.6836
19.8897
20.1728
20.4914
20.7803
21.0279
21.2937
21.4382
21.3469
21.0297
20.0747
18.9633
18.702
18.6495
18.6504
18.7289
18.8294
18.9568
19.1661
19.4056
19.5739
19.6364
19.6681
19.7341
19.8375
19.9579
20.0771
20.162
20.2381
20.3164
20.4035
20.4687
20.5146
20.5414
20.5341
20.4116
20.1261
19.6714
18.9824
18.45
18.3193
18.2598
18.2515
18.3274
18.4203
18.5212
20.6179
20.8936
20.9945
20.9799
20.9355
20.9158
20.9397
20.9703
20.9732
20.9371
20.8518
20.7413
20.635
20.5782
20.6201
20.7307
20.7622
20.7194
20.375
19.541
18.8976
18.7872
18.7902
18.8696
18.9795
19.067
19.1276
19.1538
19.1621
19.1854
19.2491
19.3536
19.4645
19.5723
19.681
19.7864
19.9109
20.1621
20.5424
20.9719
21.3863
21.6386
21.5732
21.1199
19.8979
18.7784
18.6514
18.6827
18.73
18.8332
18.991
19.1973
19.4054
19.5705
19.6649
19.7097
19.734
19.7818
19.8809
20.0428
20.2234
20.3683
20.4472
20.4669
20.4465
20.4366
20.4829
20.5579
20.5986
20.5069
20.257
19.8397
19.1276
18.6081
18.5072
18.5167
18.5917
18.6831
18.7839
18.8789
20.475
20.7747
20.9604
21.0022
20.9928
20.9841
20.9895
20.9855
20.9468
20.8803
20.7954
20.7172
20.6496
20.6006
20.6272
20.7349
20.7564
20.7236
20.3904
19.5514
18.9254
18.7909
18.791
18.8855
19.0217
19.13
19.1783
19.1674
19.1544
19.1684
19.2527
19.4011
19.5651
19.686
19.7282
19.7477
19.8006
19.9632
20.3331
20.9094
21.4594
21.8206
21.8489
21.3759
20.0039
18.8285
18.7423
18.8471
19.0041
19.179
19.3196
19.4251
19.5128
19.6134
19.6742
19.706
19.7441
19.8054
19.9143
20.0961
20.2965
20.4368
20.4882
20.453
20.3665
20.2745
20.2602
20.3529
20.4305
20.3946
20.278
19.9028
19.1859
18.6816
18.6022
18.6776
18.8448
19.0006
19.1154
19.2058
20.34
20.6157
20.8695
21.0366
21.0743
21.0622
21.0301
20.9815
20.9208
20.8502
20.7828
20.7266
20.6852
20.6491
20.651
20.7424
20.764
20.74
20.4036
19.5554
18.9587
18.8152
18.8183
18.9266
19.0769
19.1887
19.2163
19.1909
19.1719
19.2057
19.3073
19.4741
19.6583
19.7779
19.8035
19.7913
19.8252
19.9624
20.2721
20.8018
21.3955
21.8966
22.0469
21.6357
20.5018
19.3014
19.2172
19.3664
19.5423
19.6343
19.633
19.6354
19.6184
19.582
19.6057
19.665
19.7415
19.8364
19.952
20.0833
20.2517
20.3451
20.332
20.2321
20.0989
19.9843
19.9585
20.0585
20.2388
20.3272
20.2567
19.8506
19.1159
18.6689
18.663
18.7778
18.9507
19.1028
19.196
19.2775
20.272
20.4845
20.7831
21.0359
21.159
21.1364
21.0662
20.9801
20.9036
20.8475
20.8051
20.7706
20.7387
20.7032
20.6982
20.7664
20.782
20.761
20.402
19.5428
18.9854
18.857
18.8754
18.9914
19.1388
19.2385
19.2582
19.2411
19.2422
19.2961
19.4173
19.579
19.728
19.8182
19.8662
19.8993
19.9655
20.1174
20.3618
20.7111
21.1956
21.704
21.9387
21.7454
20.8266
19.8127
19.6122
19.6944
19.8167
19.8905
19.8857
19.7863
19.6859
19.6301
19.6368
19.6939
19.7757
19.8514
19.9271
20.0022
20.0374
20.0671
20.0318
19.9252
19.7964
19.7199
19.7591
19.9042
20.0922
20.1635
20.1176
19.732
19.0164
18.665
18.6897
18.8385
19.0028
19.1391
19.2153
19.2916
20.2584
20.4292
20.7117
21.0243
21.1913
21.1967
21.0913
20.9769
20.8976
20.8644
20.8544
20.8445
20.8099
20.7556
20.7469
20.8081
20.8094
20.7711
20.3804
19.5166
19.008
18.9128
18.9519
19.0713
19.2078
19.2932
19.3217
19.3312
19.3608
19.4367
19.558
19.687
19.7792
19.8409
19.9157
20.0312
20.204
20.3953
20.5903
20.7808
21.0285
21.3516
21.5897
21.5771
21.0189
20.1402
19.8133
19.795
19.9014
19.9954
19.998
19.9359
19.8403
19.7824
19.7607
19.772
19.8043
19.8333
19.825
19.7908
19.7354
19.6653
19.6272
19.596
19.5861
19.6124
19.6709
19.7891
19.9384
19.9704
19.9164
19.5901
18.952
18.7054
18.7403
18.8526
18.9782
19.0836
19.1401
19.2134
20.3036
20.4553
20.6845
20.9817
21.1697
21.2071
21.1056
20.9835
20.9109
20.891
20.9125
20.9236
20.8896
20.815
20.7979
20.8616
20.8473
20.7702
20.3358
19.475
19.0385
18.9833
19.0396
19.157
19.2812
19.3629
19.411
19.4503
19.5158
19.6071
19.7068
19.7811
19.8166
19.8647
19.978
20.1829
20.4385
20.6736
20.82
20.8966
20.9423
21.0186
21.1246
21.2175
20.9042
20.2201
19.8122
19.7212
19.7764
19.8866
19.9656
19.9609
19.9236
19.8743
19.8092
19.7643
19.7345
19.6944
19.619
19.5029
19.3812
19.3171
19.3497
19.4364
19.5353
19.6076
19.6513
19.7317
19.8285
19.8365
19.7963
19.4788
18.9275
18.7564
18.7943
18.8529
18.9377
19.024
19.084
19.1628
20.3964
20.5107
20.6798
20.8906
21.0802
21.1466
21.0912
21.0032
20.9426
20.9378
20.958
20.9765
20.9474
20.8739
20.8591
20.9134
20.8974
20.7643
20.2832
19.4276
19.0711
19.0546
19.1112
19.2293
19.3446
19.4326
19.516
19.6003
19.687
19.7685
19.821
19.8329
19.8421
19.9108
20.0808
20.3417
20.6353
20.8396
20.9333
20.9562
20.8915
20.7901
20.6796
20.7266
20.6241
20.0993
19.6544
19.5452
19.5272
19.5969
19.7493
19.8953
19.9502
19.9245
19.8433
19.7201
19.594
19.4751
19.3459
19.2173
19.1661
19.1805
19.2705
19.4266
19.5628
19.6061
19.6303
19.6891
19.7647
19.7789
19.7448
19.417
18.9236
18.7739
18.8065
18.8294
18.9011
18.9943
19.0704
19.1627
20.5176
20.5804
20.6653
20.7721
20.9126
21.0369
21.0877
21.0566
21.0068
20.9886
21.0056
21.0195
20.9937
20.9424
20.9395
20.973
20.9533
20.7643
20.2506
19.4025
19.1213
19.1373
19.2037
19.3183
19.426
19.5258
19.6385
19.7512
19.8383
19.8753
19.8632
19.8448
19.8813
20.01
20.2228
20.5001
20.7398
20.8895
20.9262
20.9177
20.8093
20.6261
20.4574
20.3075
20.2054
19.771
19.3387
19.2506
19.2275
19.284
19.4093
19.5579
19.7055
19.77
19.7259
19.579
19.3904
19.2274
19.1321
19.0944
19.1093
19.1994
19.3371
19.4842
19.5568
19.5673
19.5925
19.6602
19.7521
19.7721
19.7649
19.3922
18.8893
18.7398
18.7388
18.7918
18.8992
19.0068
19.0918
19.1948
20.616
20.6304
20.6302
20.6486
20.7255
20.8815
21.0416
21.1289
21.1055
21.0676
21.0564
21.0589
21.0455
21.0331
21.048
21.0575
21.0169
20.795
20.2461
19.4167
19.1929
19.2317
19.3071
19.4152
19.5172
19.6194
19.7381
19.8539
19.9134
19.8932
19.8542
19.8614
19.9666
20.1515
20.393
20.5899
20.7195
20.7836
20.79
20.7247
20.5919
20.4699
20.3137
20.0538
19.8271
19.3325
18.9356
18.8907
18.9295
18.9492
18.9759
19.0856
19.2268
19.349
19.3966
19.324
19.1817
19.0831
19.0621
19.1061
19.1829
19.3023
19.427
19.4949
19.5098
19.5051
19.5479
19.6498
19.7689
19.8292
19.8059
19.3431
18.8011
18.6533
18.6593
18.7574
18.896
19.0226
19.1222
19.2366
20.6485
20.6315
20.5658
20.5295
20.5653
20.7072
20.9478
21.1444
21.2234
21.1661
21.1231
21.1103
21.1145
21.1469
21.1908
21.1828
21.1056
20.8715
20.265
19.4708
19.292
19.3427
19.4207
19.5246
19.6186
19.7128
19.8164
19.8909
19.8935
19.8668
19.8554
19.9218
20.0749
20.3124
20.5031
20.5991
20.6028
20.5045
20.4188
20.3377
20.3039
20.3217
20.2142
19.9693
19.6398
19.0606
18.5732
18.5692
18.6759
18.7747
18.8453
18.9131
18.9757
19.0342
19.0998
19.1285
19.0975
19.0582
19.0661
19.1384
19.2806
19.427
19.5068
19.5039
19.4778
19.4701
19.5431
19.6922
19.8395
19.9378
19.7968
19.2272
18.6714
18.5532
18.5974
18.7288
18.8843
19.0248
19.1308
19.2488
20.6035
20.5848
20.5088
20.431
20.4331
20.5598
20.8118
21.1078
21.2787
21.2651
21.2132
21.1903
21.2225
21.2923
21.3576
21.3474
21.2297
20.9873
20.3108
19.5566
19.4127
19.4716
19.5589
19.6666
19.7528
19.8173
19.8553
19.8641
19.8629
19.8673
19.9194
20.0334
20.2316
20.4156
20.5121
20.505
20.3558
20.1486
20.0289
20.0169
20.0955
20.1994
20.1581
19.9658
19.5946
19.0054
18.4388
18.4082
18.5621
18.7594
18.8486
18.8838
18.9087
18.9449
18.9927
19.0487
19.0925
19.0963
19.1263
19.2255
19.3551
19.4526
19.4845
19.4662
19.443
19.4731
19.6125
19.8139
19.9758
20.009
19.7335
19.0702
18.5562
18.4907
18.565
18.7267
18.8896
19.0228
19.1181
19.2381
20.4417
20.4622
20.4193
20.3528
20.3428
20.457
20.6736
20.9972
21.243
21.3194
21.2979
21.3089
21.3737
21.4796
21.5535
21.5321
21.3793
21.1193
20.3791
19.6586
19.5368
19.6015
19.6973
19.8024
19.8609
19.8707
19.853
19.8444
19.8719
19.9445
20.0597
20.2218
20.3607
20.4163
20.3929
20.2755
20.1131
19.9717
19.8901
19.8496
19.9418
20.0842
20.1269
20.0001
19.6292
19.063
18.4445
18.3512
18.5183
18.7523
18.8864
18.8991
18.8811
18.8733
18.911
19.0002
19.0842
19.1498
19.2051
19.2759
19.3336
19.3521
19.3336
19.3457
19.3984
19.5348
19.782
20.0037
20.1127
20.0309
19.6306
18.9587
18.5219
18.4998
18.5843
18.7315
18.8738
18.9931
19.0755
19.1893
20.1781
20.2488
20.2635
20.2565
20.2737
20.3787
20.5766
20.8377
21.1214
21.3
21.3727
21.464
21.5646
21.6971
21.7642
21.7138
21.5395
21.2466
20.4415
19.7414
19.6512
19.7293
19.8354
19.9241
19.9437
19.9118
19.8759
19.8833
19.9606
20.0912
20.268
20.3883
20.3963
20.305
20.1564
20.0599
20.0069
19.9371
19.8221
19.7687
19.8521
20.0032
20.0916
20.0478
19.7159
19.1682
18.5062
18.3342
18.457
18.6987
18.8873
18.9122
18.8764
18.8419
18.8703
18.9678
19.0895
19.1971
19.2466
19.2459
19.1853
19.1252
19.0988
19.1365
19.271
19.5465
19.8982
20.1489
20.2073
20.0686
19.6079
18.9264
18.5437
18.5284
18.6099
18.7263
18.8375
18.9352
19.0187
19.1326
19.8288
19.9504
20.0392
20.1074
20.1795
20.2952
20.4723
20.6838
20.9287
21.1858
21.3888
21.5776
21.7541
21.9014
21.9376
21.8759
21.6976
21.3506
20.4841
19.8056
19.7519
19.8401
19.9503
20.0104
20.0061
19.9667
19.9483
20.0007
20.1086
20.2992
20.4371
20.4503
20.3195
20.1028
19.9785
19.9662
19.9741
19.9176
19.8227
19.7643
19.8057
19.9352
20.0501
20.073
19.8495
19.2985
18.6054
18.3397
18.3868
18.5843
18.7806
18.8784
18.8533
18.8325
18.8639
18.9702
19.1232
19.2262
19.2552
19.1822
19.0334
18.8757
18.8143
18.8918
19.1264
19.5259
19.938
20.1695
20.1917
20.0802
19.6356
18.986
18.6275
18.5673
18.5928
18.689
18.7978
18.8971
18.9837
19.0997
19.3843
19.5563
19.7211
19.8719
20.0145
20.1629
20.3307
20.5111
20.7124
20.9829
21.2959
21.5927
21.8412
22.026
22.0655
22.0124
21.8459
21.4519
20.5133
19.8473
19.8254
19.9129
20.0156
20.0715
20.0792
20.0686
20.089
20.1537
20.3178
20.4569
20.4876
20.3786
20.1605
19.9751
19.9127
19.9206
19.9276
19.9102
19.8606
19.8019
19.786
19.8723
19.9847
20.0451
19.9394
19.4347
18.7316
18.3827
18.3386
18.4399
18.5938
18.7505
18.8441
18.846
18.8867
19.0008
19.163
19.2754
19.2929
19.1806
18.9793
18.7933
18.6994
18.7515
18.9684
19.3184
19.7002
19.9426
20.024
19.9757
19.5999
19.0471
18.7593
18.6724
18.6421
18.6939
18.7854
18.8817
18.9673
19.0835
18.8334
19.0453
19.2799
19.5194
19.7442
19.9469
20.119
20.2769
20.4648
20.7303
21.0827
21.4767
21.8003
22.0213
22.1304
22.098
21.9719
21.5524
20.5381
19.8726
19.8527
19.9296
20.0302
20.1099
20.1627
20.1922
20.2379
20.3634
20.4705
20.4858
20.3999
20.23
20.0634
19.9432
19.8887
19.8758
19.8826
19.8992
19.9043
19.8541
19.8019
19.8251
19.91
19.9576
19.9563
19.561
18.8705
18.4634
18.3134
18.315
18.4007
18.5774
18.751
18.8741
18.9453
19.0562
19.1926
19.2841
19.298
19.1744
18.9762
18.842
18.7648
18.8013
18.9494
19.117
19.3126
19.5036
19.6772
19.746
19.4749
19.0065
18.7955
18.777
18.7436
18.7652
18.8221
18.8945
18.9636
19.0758
18.2033
18.433
18.7243
19.0502
19.3616
19.6171
19.8002
19.9576
20.152
20.4314
20.7844
21.1858
21.5545
21.8537
22.0881
22.1174
22.0589
21.6376
20.5478
19.8914
19.8207
19.8843
19.9976
20.1072
20.1996
20.2981
20.4284
20.5071
20.4908
20.3986
20.2588
20.1415
20.0429
19.9629
19.897
19.8537
19.8453
19.8837
19.9226
19.9028
19.8323
19.7981
19.838
19.8471
19.9162
19.6363
18.9876
18.5492
18.308
18.2314
18.2702
18.4118
18.6536
18.8645
19.0218
19.1194
19.1952
19.2344
19.2297
19.1626
19.0551
18.9842
18.9661
18.995
19.0499
19.108
19.1728
19.1911
19.1941
19.2595
19.1153
18.8423
18.7262
18.7446
18.7976
18.8579
18.9033
18.954
19.0045
19.1179
17.5436
17.7793
18.1107
18.5042
18.8914
19.1734
19.3685
19.5411
19.7578
20.0584
20.4073
20.7683
21.1098
21.474
21.8567
22.0476
22.11
21.6907
20.5372
19.8784
19.7377
19.7789
19.8992
20.0433
20.1923
20.3929
20.5239
20.5233
20.4237
20.2956
20.178
20.1119
20.0726
20.0192
19.9333
19.8479
19.8245
19.8665
19.9222
19.9322
19.855
19.7942
19.7766
19.7656
19.8451
19.6458
19.066
18.6225
18.3402
18.2075
18.2082
18.3197
18.5394
18.8481
19.0573
19.1586
19.1467
19.1064
19.083
19.112
19.1743
19.2109
19.2597
19.2658
19.2134
19.1433
19.1312
19.1176
19.0812
18.9511
18.6623
18.4197
18.4835
18.6159
18.7385
18.842
18.9374
19.0218
19.0832
19.2052
16.9245
17.1671
17.5115
17.9284
18.3539
18.6505
18.8601
19.051
19.2964
19.6252
19.9841
20.3092
20.6026
20.9631
21.4377
21.8215
22.0921
21.6498
20.448
19.8041
19.6168
19.6513
19.7721
19.9264
20.144
20.3987
20.5037
20.4732
20.3806
20.2289
20.1478
20.1308
20.1239
20.0758
19.9668
19.8559
19.8195
19.852
19.9125
19.9333
19.8608
19.7946
19.7458
19.7173
19.7726
19.6139
19.0822
18.6545
18.394
18.2395
18.2172
18.3051
18.4847
18.7945
19.0335
19.1221
19.0378
18.9622
18.9658
19.0837
19.2571
19.4334
19.5228
19.5129
19.4173
19.3046
19.2181
19.165
19.0784
18.8684
18.5141
18.1441
18.0831
18.2714
18.5344
18.744
18.8968
19.004
19.082
19.2121
16.4223
16.6667
17.0094
17.4299
17.8308
18.1197
18.3486
18.5691
18.8386
19.1764
19.5471
19.884
20.1732
20.5003
20.9916
21.4773
21.9188
21.484
20.2384
19.6473
19.4949
19.543
19.6752
19.8695
20.1401
20.3519
20.446
20.4453
20.321
20.2156
20.1772
20.1748
20.1664
20.1077
19.9944
19.8771
19.8228
19.8379
19.884
19.9046
19.8525
19.7966
19.7519
19.7203
19.72
19.5429
19.0473
18.6307
18.4526
18.3162
18.2892
18.3529
18.5
18.7087
18.9288
18.9909
18.9183
18.8561
18.898
19.0581
19.3317
19.5796
19.679
19.6653
19.6095
19.5199
19.403
19.2787
19.1194
18.8524
18.4666
18.0972
17.966
18.0027
18.1554
18.428
18.699
18.9041
19.0421
19.178
16.086
16.3417
16.6731
17.0368
17.365
17.6622
17.9291
18.183
18.4667
18.7899
19.1438
19.4939
19.8259
20.2027
20.6778
21.1111
21.5401
21.1855
19.9486
19.4517
19.3949
19.5051
19.6993
19.9376
20.1576
20.3121
20.3948
20.3648
20.3162
20.2744
20.2527
20.2377
20.1969
20.1203
20.0189
19.9125
19.8418
19.8278
19.8392
19.8396
19.8259
19.8071
19.7944
19.7688
19.6885
19.4539
18.9592
18.5847
18.5015
18.4254
18.4097
18.4483
18.5359
18.6452
18.7328
18.7897
18.8113
18.8233
18.8902
19.0781
19.3714
19.6178
19.7294
19.7586
19.7341
19.6762
19.5641
19.4108
19.204
18.9136
18.5262
18.1497
17.9903
17.9803
18.0315
18.1598
18.3588
18.5877
18.7866
18.9265
15.9366
16.2137
16.492
16.7584
17.0196
17.3092
17.6123
17.9106
18.2156
18.5221
18.8331
19.1656
19.547
20.0194
20.5466
20.8957
21.0961
20.7614
19.5967
19.2276
19.3483
19.5892
19.8435
20.0416
20.1918
20.2598
20.273
20.2957
20.3406
20.3672
20.3468
20.2971
20.2148
20.1224
20.033
19.9465
19.871
19.818
19.7787
19.7599
19.7837
19.832
19.8625
19.836
19.6681
19.3718
18.8362
18.5139
18.5018
18.5517
18.5691
18.5763
18.5779
18.5534
18.5209
18.5666
18.6845
18.8241
18.9627
19.1564
19.3745
19.5746
19.7176
19.7872
19.798
19.7814
19.6529
19.4794
19.2685
19.0177
18.6679
18.2922
18.0831
18.0217
18.0479
18.1368
18.26
18.3827
18.4883
18.5919
15.9332
16.2055
16.4194
16.5967
16.8015
17.0666
17.3945
17.7554
18.0928
18.3815
18.6464
18.9579
19.3742
19.9326
20.5271
20.8734
20.8333
20.38
19.2452
19.0586
19.3584
19.7602
20.0173
20.1371
20.1571
20.1498
20.1712
20.2653
20.3821
20.4457
20.4239
20.3383
20.2253
20.1236
20.046
19.9761
19.8947
19.8014
19.72
19.6963
19.756
19.8644
19.9285
19.8925
19.6762
19.3115
18.7389
18.4296
18.4777
18.6249
18.728
18.7046
18.6004
18.441
18.3598
18.4055
18.5787
18.8182
19.0785
19.2433
19.3719
19.5038
19.6549
19.7709
19.8223
19.8133
19.7039
19.5012
19.2843
19.0649
18.7986
18.4752
18.2645
18.1592
18.1189
18.1444
18.208
18.28
18.3353
18.4144
15.977
16.2447
16.4314
16.5681
16.7314
16.9684
17.3015
17.6898
18.0511
18.3381
18.5775
18.8653
19.2923
19.9018
20.5397
20.8946
20.731
20.1711
19.0143
18.9221
19.3816
19.8718
20.1817
20.2268
20.1409
20.0884
20.1146
20.2221
20.3617
20.44
20.4431
20.357
20.2267
20.1159
20.0408
19.9824
19.9109
19.7987
19.6848
19.6544
19.7226
19.8505
19.9524
19.9437
19.6975
19.2736
18.6801
18.3533
18.4406
18.6588
18.8288
18.812
18.622
18.3815
18.2646
18.2953
18.4685
18.8323
19.1469
19.3331
19.3611
19.4581
19.6039
19.7373
19.8192
19.8152
19.7035
19.5226
19.3021
19.0696
18.8357
18.5692
18.4022
18.3308
18.2484
18.1865
18.1702
18.1978
18.2238
18.2881
)
;

boundaryField
{
    inlet
    {
        type            fixedValue;
        value           uniform 10;
    }
    outlet
    {
        type            zeroGradient;
    }
    bottom
    {
        type            symmetryPlane;
    }
    top
    {
        type            symmetryPlane;
    }
    obstacle
    {
        type            zeroGradient;
    }
    defaultFaces
    {
        type            empty;
    }
}


// ************************************************************************* //
