/*--------------------------------*- C++ -*----------------------------------*\
| =========                 |                                                 |
| \\      /  F ield         | OpenFOAM: The Open Source CFD Toolbox           |
|  \\    /   O peration     | Version:  v1912                                 |
|   \\  /    A nd           | Website:  www.openfoam.com                      |
|    \\/     M anipulation  |                                                 |
\*---------------------------------------------------------------------------*/
FoamFile
{
    version     2.0;
    format      ascii;
    class       volScalarField;
    location    "0.52";
    object      rho;
}
// * * * * * * * * * * * * * * * * * * * * * * * * * * * * * * * * * * * * * //

dimensions      [1 -3 0 0 0 0 0];


internalField   nonuniform List<scalar> 
4800
(
24.658
1.99254
0.796368
0.812123
0.822819
0.905106
0.996691
1.05245
1.06334
1.0525
1.03307
1.00401
0.928731
0.787996
0.700711
0.688435
0.685852
0.693387
0.705592
0.718536
0.73133
0.742291
0.748651
0.750007
0.747131
0.73809
0.716746
0.679395
0.592235
0.50832
0.486074
0.481624
0.486534
0.495811
0.507477
0.520924
0.53466
0.546997
0.557729
0.567431
24.6658
1.9894
0.794949
0.812568
0.823033
0.905001
0.996221
1.05177
1.06266
1.05197
1.03317
1.00463
0.930467
0.790587
0.702446
0.689282
0.68658
0.694493
0.707415
0.721156
0.734521
0.745807
0.752044
0.753061
0.750112
0.741358
0.720568
0.683889
0.59687
0.512438
0.489796
0.485017
0.489582
0.498132
0.508668
0.521007
0.534541
0.547148
0.55816
0.569401
24.676
1.98387
0.793477
0.812822
0.823594
0.905495
0.996385
1.05122
1.06128
1.05036
1.03233
1.00474
0.93236
0.794523
0.704897
0.69051
0.687971
0.696607
0.710647
0.725676
0.740033
0.751712
0.757654
0.758162
0.754896
0.745942
0.725453
0.689606
0.603291
0.518337
0.49502
0.489717
0.493803
0.501518
0.510828
0.521865
0.534621
0.547926
0.559798
0.571046
24.6905
1.97611
0.791226
0.812243
0.823658
0.905187
0.995144
1.04951
1.05953
1.04899
1.03186
1.00513
0.93564
0.800314
0.707341
0.690742
0.687827
0.696864
0.712145
0.728961
0.744874
0.757496
0.76358
0.763739
0.759955
0.750277
0.729816
0.695605
0.612017
0.526839
0.502425
0.496392
0.499856
0.50684
0.515133
0.524799
0.536008
0.548598
0.560587
0.571519
24.7089
1.96869
0.788973
0.811562
0.824158
0.905532
0.994671
1.04772
1.05688
1.04632
1.03004
1.00467
0.93921
0.807521
0.710654
0.691444
0.687914
0.697495
0.713642
0.731625
0.748822
0.762251
0.768518
0.767998
0.763074
0.752324
0.731733
0.698736
0.618641
0.534291
0.508821
0.502125
0.505092
0.511643
0.519635
0.528838
0.539432
0.550833
0.562441
0.572663
24.7287
1.96248
0.787302
0.810853
0.824536
0.905591
0.993539
1.04497
1.05304
1.04267
1.02702
1.00281
0.941657
0.814247
0.713623
0.691387
0.686749
0.696234
0.713049
0.732122
0.750273
0.763993
0.769921
0.768471
0.762395
0.75052
0.729859
0.698386
0.622485
0.54001
0.513565
0.506229
0.50879
0.515244
0.523076
0.532157
0.542967
0.555
0.566091
0.575798
24.7594
1.95814
0.786759
0.810536
0.824798
0.905402
0.992335
1.04232
1.04941
1.03913
1.02352
0.999884
0.942133
0.819442
0.715965
0.690762
0.684835
0.693781
0.710662
0.730324
0.748842
0.762589
0.768111
0.765649
0.758109
0.744674
0.724148
0.694382
0.623174
0.543098
0.515898
0.508273
0.510471
0.516847
0.525157
0.534723
0.545664
0.558244
0.570708
0.581476
24.7934
1.95414
0.787008
0.810578
0.825245
0.905179
0.991316
1.04034
1.04686
1.03656
1.02071
0.997083
0.941344
0.822911
0.717934
0.690221
0.68318
0.691
0.706817
0.726126
0.744553
0.758307
0.76353
0.76068
0.752126
0.736761
0.716108
0.686975
0.620648
0.543828
0.516355
0.50883
0.510873
0.51754
0.526125
0.536031
0.547482
0.560279
0.573561
0.586255
24.8179
1.94666
0.787918
0.810981
0.826281
0.905939
0.991376
1.0398
1.04584
1.03527
1.01851
0.993706
0.939273
0.824912
0.71987
0.690687
0.683499
0.690709
0.705406
0.723014
0.739813
0.752425
0.757257
0.754193
0.745316
0.728177
0.707314
0.678175
0.615059
0.54178
0.514419
0.507459
0.509928
0.516992
0.526097
0.536506
0.548222
0.561228
0.57475
0.588862
24.8303
1.93633
0.789051
0.811781
0.827747
0.907896
0.993097
1.04116
1.04653
1.03569
1.01773
0.991341
0.937367
0.826119
0.722131
0.692505
0.685531
0.692415
0.706619
0.723067
0.737793
0.74805
0.751206
0.748296
0.739195
0.720921
0.699999
0.670509
0.609879
0.539282
0.511776
0.505411
0.508295
0.515852
0.525464
0.535898
0.5474
0.56012
0.573697
0.588326
24.8321
1.92576
0.79026
0.813273
0.829492
0.910554
0.996104
1.04377
1.04854
1.03732
1.01807
0.990174
0.936114
0.826998
0.724709
0.695516
0.689081
0.695753
0.709325
0.724689
0.737892
0.74558
0.74728
0.744329
0.73475
0.71591
0.694898
0.664957
0.606224
0.537956
0.509836
0.504201
0.507397
0.515333
0.525
0.534923
0.545428
0.557289
0.570691
0.585764
24.8333
1.91652
0.791731
0.814859
0.831648
0.913496
0.99942
1.04692
1.05104
1.03916
1.0188
0.989999
0.935366
0.827195
0.726913
0.699023
0.69358
0.700118
0.712948
0.726781
0.738481
0.744602
0.745361
0.742345
0.732122
0.713156
0.691767
0.661822
0.604946
0.538039
0.509057
0.503955
0.50717
0.515153
0.524651
0.533905
0.54342
0.554093
0.56677
0.581436
24.8309
1.90801
0.793629
0.816534
0.833249
0.916154
1.0022
1.04894
1.05256
1.04017
1.01919
0.990054
0.934913
0.826834
0.728644
0.70262
0.69836
0.704611
0.716569
0.728855
0.739056
0.744229
0.744391
0.741029
0.730452
0.711459
0.690049
0.661025
0.606194
0.539799
0.509651
0.504926
0.508074
0.515941
0.524952
0.533352
0.541834
0.55161
0.563474
0.577402
24.8114
1.89766
0.795739
0.818348
0.834555
0.917507
1.00324
1.04911
1.05256
1.0396
1.01845
0.989733
0.934203
0.825651
0.729321
0.705437
0.702113
0.707874
0.718828
0.729886
0.738966
0.743402
0.743252
0.7393
0.728467
0.709617
0.688801
0.661658
0.609521
0.543205
0.511516
0.507692
0.510657
0.51813
0.526333
0.533797
0.541254
0.550161
0.56095
0.573427
24.7881
1.88683
0.79757
0.820036
0.835617
0.918209
1.00284
1.04667
1.04979
1.03595
1.01549
0.988142
0.932911
0.823651
0.72908
0.707234
0.704502
0.709871
0.719907
0.729819
0.737665
0.741601
0.741238
0.736558
0.725563
0.707806
0.686875
0.661497
0.612792
0.547092
0.514775
0.512033
0.514452
0.521402
0.528687
0.535196
0.541895
0.549574
0.55873
0.569367
24.7744
1.87761
0.798764
0.821611
0.836811
0.918817
1.00189
1.04281
1.04534
1.03043
1.01055
0.98498
0.93086
0.820883
0.728192
0.708141
0.705318
0.710318
0.719486
0.728336
0.735596
0.739526
0.739045
0.733457
0.721701
0.704806
0.683628
0.660462
0.614559
0.549763
0.51796
0.516136
0.518309
0.525006
0.531953
0.537791
0.543324
0.549606
0.556817
0.565627
24.7656
1.86737
0.799071
0.82326
0.838702
0.920377
1.00166
1.03941
1.04109
1.02479
1.00527
0.981328
0.927985
0.817064
0.72684
0.708541
0.705102
0.709555
0.718146
0.726959
0.734288
0.738426
0.737916
0.731731
0.719034
0.701893
0.680666
0.658709
0.614332
0.550206
0.519505
0.518373
0.520835
0.527852
0.534601
0.539809
0.544569
0.549633
0.555265
0.56277
24.764
1.84365
0.798256
0.824127
0.841357
0.923843
1.00357
1.03808
1.03853
1.02059
1.00114
0.978232
0.92433
0.811559
0.72502
0.708561
0.704564
0.709205
0.717654
0.726548
0.734839
0.739604
0.739049
0.732102
0.718385
0.700656
0.678782
0.656103
0.611444
0.547908
0.518132
0.51719
0.520292
0.528305
0.535825
0.541204
0.545393
0.549505
0.554484
0.561339
24.773
1.80174
0.796414
0.825547
0.84591
0.929464
1.0077
1.0394
1.03819
1.01862
0.999281
0.976352
0.919548
0.803625
0.722033
0.707543
0.703557
0.709108
0.718715
0.728804
0.737806
0.74266
0.741708
0.734239
0.720183
0.701784
0.679466
0.655077
0.606421
0.542354
0.514222
0.512222
0.516531
0.525616
0.534366
0.540809
0.545529
0.549733
0.554835
0.561231
24.7948
1.74193
0.79315
0.826713
0.85113
0.937479
1.01431
1.0428
1.03989
1.01927
0.999918
0.976391
0.912807
0.7925
0.71788
0.705127
0.702406
0.709803
0.721525
0.733549
0.743734
0.748417
0.746589
0.738546
0.724554
0.705089
0.682618
0.655234
0.600042
0.534648
0.508868
0.50569
0.5108
0.520691
0.530769
0.538975
0.545393
0.550814
0.556011
0.561982
24.8316
1.66734
0.788997
0.827389
0.856828
0.946976
1.02282
1.04796
1.04311
1.02206
1.00313
0.97717
0.902787
0.778361
0.713422
0.701407
0.701168
0.710661
0.724407
0.738194
0.749587
0.754463
0.752346
0.74439
0.730542
0.709766
0.687055
0.65529
0.592145
0.526527
0.503746
0.49995
0.5058
0.516408
0.527561
0.537473
0.545587
0.552039
0.557508
0.563498
24.8742
1.57949
0.784812
0.827799
0.863033
0.957408
1.03195
1.05408
1.04723
1.02676
1.00743
0.97704
0.888982
0.762172
0.70855
0.697332
0.699822
0.711329
0.726984
0.742266
0.754451
0.759455
0.757533
0.750351
0.736965
0.716057
0.692165
0.654259
0.583229
0.519891
0.500748
0.497219
0.50355
0.514421
0.52598
0.536407
0.54521
0.552668
0.559256
0.565944
24.9243
1.48051
0.781377
0.828545
0.869894
0.968098
1.0406
1.05979
1.05121
1.03145
1.0114
0.974726
0.872045
0.745849
0.702777
0.692677
0.69764
0.711328
0.728672
0.744981
0.757607
0.76283
0.761409
0.755005
0.741361
0.720477
0.694912
0.650658
0.573922
0.515603
0.500327
0.498035
0.504784
0.515313
0.526328
0.536636
0.545849
0.554211
0.561881
0.569488
24.982
1.37546
0.779108
0.830148
0.877507
0.978475
1.04798
1.06433
1.05409
1.03493
1.0137
0.969291
0.853227
0.730921
0.696232
0.687565
0.694444
0.709973
0.729046
0.746695
0.760047
0.765273
0.763693
0.757569
0.744141
0.723021
0.695188
0.643776
0.564232
0.513127
0.501292
0.501282
0.509215
0.519475
0.529464
0.538942
0.548264
0.557464
0.566205
0.574699
25.0447
1.26638
0.777996
0.83288
0.886089
0.988318
1.05374
1.06735
1.05563
1.03689
1.01398
0.960757
0.83412
0.718765
0.690362
0.683068
0.691205
0.707752
0.727813
0.746272
0.760351
0.766462
0.765436
0.759237
0.744815
0.722984
0.692725
0.634106
0.554577
0.51215
0.502747
0.505698
0.515112
0.525776
0.535609
0.544413
0.553117
0.562883
0.572955
0.58221
25.1138
1.15549
0.777672
0.837074
0.896174
0.998232
1.05832
1.0688
1.05563
1.03713
1.01217
0.949996
0.816522
0.710211
0.686647
0.680726
0.689371
0.706197
0.726383
0.745503
0.759897
0.766695
0.766202
0.759786
0.744594
0.721163
0.688274
0.622677
0.545639
0.512204
0.50549
0.510774
0.521065
0.532129
0.542698
0.552627
0.561653
0.570925
0.581177
0.590597
25.1907
1.05062
0.777932
0.842857
0.907948
1.00887
1.06271
1.06949
1.05471
1.03576
1.00813
0.938065
0.80141
0.705349
0.685483
0.681034
0.690083
0.706673
0.726191
0.745223
0.760301
0.76779
0.767615
0.760241
0.743979
0.719423
0.682638
0.610321
0.537939
0.512937
0.509149
0.515537
0.525895
0.536724
0.547614
0.559384
0.571346
0.582225
0.591842
0.597987
25.2643
0.961961
0.778058
0.849801
0.921459
1.02031
1.06752
1.07009
1.05381
1.0338
1.00281
0.925604
0.788705
0.703446
0.686877
0.684226
0.693896
0.710258
0.728914
0.746804
0.761242
0.769073
0.769305
0.760854
0.743087
0.717503
0.675449
0.597546
0.531775
0.513883
0.512419
0.519199
0.529348
0.539677
0.550495
0.562882
0.577367
0.59231
0.602927
0.606442
25.3253
0.891274
0.777549
0.857738
0.93701
1.03258
1.07283
1.07067
1.05356
1.03225
0.9974
0.913061
0.777947
0.704159
0.69065
0.690458
0.700995
0.716939
0.734434
0.751252
0.764133
0.771172
0.770902
0.760991
0.741828
0.714894
0.666059
0.584489
0.527219
0.514703
0.51469
0.521835
0.531451
0.54155
0.552481
0.564859
0.579719
0.597192
0.610022
0.612675
25.372
0.837454
0.776774
0.866817
0.954626
1.04575
1.07842
1.07216
1.05439
1.03177
0.992538
0.900449
0.768422
0.706954
0.696195
0.698763
0.710396
0.726109
0.742748
0.758191
0.769705
0.775175
0.773204
0.761266
0.740462
0.711492
0.654351
0.571533
0.524124
0.515086
0.516324
0.523321
0.532546
0.542895
0.554022
0.566104
0.579988
0.596942
0.611653
0.614932
25.4024
0.803358
0.776556
0.877604
0.973983
1.0595
1.08445
1.07493
1.0565
1.03237
0.987973
0.887157
0.759564
0.710353
0.70258
0.707887
0.721243
0.737307
0.753458
0.767515
0.776995
0.781282
0.776844
0.762231
0.74017
0.707699
0.641326
0.55931
0.522478
0.514931
0.516844
0.523706
0.532976
0.543652
0.555341
0.567568
0.580416
0.594886
0.608945
0.614776
25.4177
0.78384
0.777546
0.890203
0.994125
1.0733
1.09073
1.07875
1.05938
1.03343
0.982745
0.872219
0.750562
0.712882
0.708307
0.716434
0.732166
0.749145
0.765175
0.778165
0.785891
0.78864
0.782112
0.765061
0.741602
0.704403
0.628216
0.548866
0.521504
0.514665
0.517084
0.523927
0.533293
0.544247
0.556063
0.567831
0.579257
0.591127
0.604917
0.614203
25.4186
0.776431
0.780191
0.904257
1.01384
1.08654
1.09678
1.08331
1.0621
1.03395
0.97587
0.85523
0.741152
0.713535
0.711773
0.722976
0.741521
0.760103
0.776498
0.789094
0.795688
0.797197
0.789541
0.770495
0.745588
0.702026
0.615643
0.540898
0.521087
0.514954
0.517698
0.524447
0.533769
0.54481
0.556517
0.567736
0.577752
0.587761
0.600327
0.612887
25.4156
0.7713
0.784986
0.918509
1.03192
1.09842
1.10238
1.0878
1.06473
1.03419
0.96745
0.836848
0.731915
0.712081
0.712777
0.727015
0.748397
0.769202
0.786623
0.799633
0.805952
0.806692
0.799169
0.77853
0.752554
0.700369
0.603949
0.535353
0.520766
0.515782
0.518956
0.525635
0.53463
0.545157
0.556334
0.5669
0.576038
0.58511
0.597199
0.611796
25.4031
0.768657
0.791341
0.931961
1.04711
1.10795
1.10758
1.09147
1.06694
1.03384
0.95822
0.819003
0.723562
0.708809
0.71158
0.728163
0.751564
0.77459
0.793691
0.808228
0.815521
0.816326
0.810192
0.788965
0.761397
0.698462
0.593236
0.531648
0.520139
0.51693
0.520723
0.527373
0.535627
0.544939
0.55485
0.564565
0.573516
0.58246
0.594545
0.611532
25.3895
0.768858
0.797781
0.943381
1.05865
1.11449
1.11177
1.0945
1.06865
1.03335
0.949661
0.803869
0.716856
0.704806
0.709035
0.727163
0.751851
0.776667
0.798059
0.814687
0.823279
0.824856
0.820681
0.800107
0.770024
0.695506
0.583669
0.528961
0.519141
0.518057
0.522469
0.528923
0.536071
0.543758
0.551832
0.560559
0.569733
0.579431
0.592159
0.611202
25.3744
0.769453
0.803376
0.95211
1.06644
1.11839
1.11464
1.09647
1.06975
1.03323
0.94334
0.792923
0.712304
0.701185
0.706095
0.724733
0.750075
0.775988
0.79919
0.817422
0.828245
0.83121
0.828857
0.809579
0.776693
0.691577
0.575366
0.526822
0.517905
0.518673
0.523868
0.529865
0.535571
0.541212
0.547482
0.555296
0.564706
0.575547
0.589941
0.611305
25.3642
0.770379
0.807657
0.95825
1.07116
1.12013
1.11591
1.09715
1.07022
1.03348
0.939677
0.78614
0.709635
0.698666
0.703517
0.721641
0.746636
0.773203
0.797962
0.81788
0.830984
0.835437
0.834207
0.816022
0.780277
0.686849
0.568291
0.524445
0.516482
0.51885
0.524745
0.530133
0.534152
0.537729
0.542408
0.549353
0.55887
0.570875
0.587175
0.610554
25.3565
0.771561
0.811311
0.962257
1.07349
1.12002
1.11536
1.09648
1.06984
1.03375
0.938243
0.782939
0.708557
0.697391
0.701856
0.719246
0.743424
0.769917
0.795893
0.817802
0.832358
0.837955
0.837328
0.819651
0.781272
0.682102
0.56279
0.522068
0.515132
0.51892
0.525394
0.530106
0.53268
0.534673
0.538017
0.544198
0.553741
0.566653
0.584565
0.609349
25.353
0.772859
0.814259
0.96416
1.07443
1.12061
1.11635
1.09727
1.07021
1.03407
0.937568
0.781474
0.708149
0.696965
0.701012
0.717866
0.741586
0.767582
0.79394
0.817021
0.832657
0.839243
0.83915
0.821253
0.780962
0.678309
0.55935
0.519817
0.513261
0.517815
0.524839
0.529605
0.531525
0.532665
0.535272
0.540918
0.550081
0.563136
0.582056
0.608145
0.58102
0.596235
0.623005
0.651663
0.659552
0.64837
0.586098
0.505919
0.489986
0.494658
0.504288
0.517608
0.529398
0.538681
0.547386
0.557152
0.568402
0.58123
0.597317
0.620532
0.653226
0.682016
0.689204
0.672747
0.594878
0.515747
0.501876
0.505122
0.514413
0.527749
0.539803
0.54792
0.553327
0.556192
0.557965
0.561795
0.570541
0.584513
0.602111
0.617785
0.622055
0.622163
0.610075
0.587246
0.5787
0.583749
0.59345
0.606434
0.612
0.610549
0.602411
0.589096
0.57597
0.572011
0.573017
0.577492
0.583948
0.589057
0.590063
0.589766
0.58907
0.588402
0.586004
0.584499
0.582866
0.580376
0.576648
0.574314
0.574896
0.578501
0.584877
0.593444
0.602178
0.607899
0.609818
0.60906
0.607195
0.605236
0.603801
0.6032
0.584417
0.599908
0.622817
0.642544
0.642506
0.627071
0.564319
0.502688
0.494308
0.499515
0.509143
0.521617
0.533084
0.54256
0.551696
0.562049
0.574009
0.587342
0.602944
0.623615
0.64979
0.669147
0.668511
0.651137
0.583385
0.523801
0.51295
0.513275
0.519488
0.530266
0.541161
0.549511
0.555279
0.558812
0.562757
0.569031
0.578323
0.59209
0.608552
0.621383
0.623822
0.620959
0.606079
0.587558
0.582778
0.588718
0.596586
0.606222
0.609664
0.606829
0.599082
0.587457
0.577313
0.574305
0.57571
0.579644
0.58547
0.589924
0.590783
0.590542
0.589895
0.588836
0.586107
0.583645
0.581646
0.579273
0.57712
0.576694
0.578407
0.582835
0.589696
0.596424
0.602155
0.606528
0.608199
0.607709
0.606431
0.605162
0.604395
0.604308
0.58552
0.600728
0.622061
0.637308
0.63747
0.617659
0.551087
0.500677
0.495935
0.500843
0.510499
0.523067
0.535053
0.545626
0.555582
0.56575
0.576839
0.589454
0.6047
0.62508
0.64989
0.663198
0.66196
0.638864
0.576364
0.533395
0.525801
0.523722
0.525988
0.53271
0.54135
0.548879
0.554852
0.559974
0.565463
0.572031
0.581758
0.596396
0.613349
0.623385
0.624912
0.621736
0.604346
0.587691
0.585338
0.591308
0.59789
0.605321
0.608401
0.605587
0.597552
0.588937
0.58056
0.576904
0.5776
0.580941
0.586408
0.591008
0.592444
0.592292
0.591756
0.589515
0.585331
0.582017
0.580042
0.579319
0.579287
0.580592
0.583718
0.58858
0.593702
0.597773
0.600862
0.603422
0.605608
0.60669
0.606537
0.606042
0.605663
0.605528
0.584979
0.600736
0.619898
0.627326
0.625738
0.60122
0.539227
0.499486
0.497474
0.502333
0.512303
0.525268
0.537904
0.548719
0.558484
0.56859
0.579596
0.592142
0.607515
0.628005
0.648577
0.653763
0.648946
0.620086
0.565335
0.538835
0.537691
0.537692
0.5371
0.538133
0.542248
0.548219
0.554672
0.561732
0.56959
0.57811
0.588785
0.604482
0.620642
0.62639
0.627168
0.6223
0.603134
0.588542
0.588017
0.592693
0.598251
0.60306
0.604647
0.602103
0.596058
0.591104
0.585336
0.581196
0.580975
0.583322
0.588071
0.592793
0.594923
0.59545
0.593933
0.589715
0.58402
0.580434
0.578921
0.579762
0.582071
0.586007
0.591034
0.594997
0.59789
0.5995
0.600432
0.601266
0.602925
0.605223
0.606502
0.606402
0.606137
0.60591
0.584881
0.60142
0.616194
0.618413
0.613487
0.586897
0.530898
0.498223
0.497414
0.502544
0.512542
0.525693
0.539013
0.550585
0.560832
0.5707
0.581265
0.593539
0.609328
0.630686
0.645474
0.647625
0.637878
0.602214
0.554579
0.541423
0.543683
0.548321
0.549116
0.547224
0.546024
0.548787
0.555038
0.563951
0.574133
0.584496
0.596124
0.612335
0.626586
0.62961
0.63046
0.623513
0.602586
0.589069
0.588818
0.591756
0.596164
0.599164
0.599846
0.598592
0.596541
0.594187
0.590839
0.586462
0.584796
0.586192
0.589927
0.59415
0.597735
0.598774
0.595872
0.589719
0.583002
0.57978
0.579424
0.581459
0.586888
0.592822
0.597509
0.600145
0.600336
0.600152
0.600036
0.600453
0.601686
0.603577
0.605229
0.605647
0.605413
0.604928
0.587452
0.602819
0.610998
0.610076
0.602376
0.575152
0.524749
0.496936
0.496333
0.501313
0.51108
0.524664
0.538692
0.551223
0.561798
0.571506
0.58184
0.594512
0.612137
0.63326
0.641726
0.640033
0.623345
0.582986
0.546697
0.542009
0.546394
0.554052
0.558703
0.557011
0.553358
0.552571
0.557128
0.566546
0.578295
0.590242
0.603455
0.619868
0.631536
0.633268
0.633797
0.623653
0.601354
0.588057
0.587384
0.588755
0.59087
0.592498
0.594233
0.596501
0.597935
0.597898
0.596652
0.592866
0.589383
0.589549
0.592281
0.59661
0.600187
0.600773
0.597002
0.589717
0.583399
0.580918
0.581937
0.586036
0.591978
0.597672
0.601551
0.60277
0.602672
0.601746
0.601042
0.601188
0.601889
0.602594
0.603174
0.603399
0.603173
0.602246
0.593246
0.604955
0.607771
0.605227
0.595133
0.56708
0.520554
0.495575
0.494821
0.499393
0.508857
0.522636
0.537841
0.551468
0.56253
0.572306
0.583268
0.59781
0.616581
0.633192
0.637252
0.629794
0.604883
0.565534
0.542512
0.541256
0.546506
0.555635
0.564468
0.56544
0.562354
0.559389
0.561822
0.569621
0.581192
0.593854
0.608937
0.625967
0.635468
0.637433
0.635862
0.620667
0.596832
0.584895
0.582818
0.583221
0.584241
0.585576
0.589751
0.595913
0.600454
0.6021
0.60172
0.598978
0.594739
0.593188
0.595161
0.598364
0.60068
0.600743
0.597078
0.590405
0.585445
0.584094
0.586204
0.590848
0.595619
0.600102
0.603
0.604611
0.605048
0.604314
0.603243
0.602713
0.602455
0.60199
0.601416
0.600695
0.599937
0.598515
0.599214
0.606679
0.606199
0.602722
0.590784
0.563113
0.518923
0.494927
0.493862
0.498279
0.50771
0.521835
0.537546
0.551742
0.563622
0.574163
0.585818
0.601829
0.621022
0.629357
0.62886
0.614671
0.584743
0.554473
0.541585
0.5418
0.546903
0.554181
0.566517
0.57192
0.571208
0.568829
0.568939
0.573846
0.583383
0.59587
0.612668
0.630457
0.638534
0.640975
0.635432
0.614371
0.589618
0.579095
0.575888
0.574833
0.57533
0.579014
0.587262
0.596211
0.603735
0.606269
0.606044
0.604068
0.600009
0.596547
0.596799
0.598329
0.59929
0.599047
0.595872
0.591507
0.589131
0.589156
0.591389
0.594835
0.598484
0.600982
0.603203
0.605344
0.60686
0.60706
0.606054
0.604379
0.60245
0.600587
0.598932
0.597652
0.596826
0.595312
0.602431
0.607873
0.606627
0.602731
0.590567
0.563508
0.520458
0.496071
0.494586
0.498884
0.508106
0.52227
0.537952
0.552268
0.564609
0.576434
0.59015
0.606735
0.619724
0.622971
0.616131
0.595682
0.568639
0.550151
0.542828
0.543527
0.547773
0.553641
0.564512
0.57589
0.579281
0.578539
0.576999
0.578972
0.585451
0.597339
0.61557
0.633648
0.640932
0.642633
0.631486
0.604512
0.581072
0.571323
0.566323
0.564572
0.567319
0.574907
0.586511
0.598222
0.60691
0.60951
0.609378
0.608034
0.604381
0.599324
0.597313
0.596838
0.596487
0.596375
0.594505
0.592744
0.593407
0.594727
0.596572
0.598199
0.599478
0.601266
0.603459
0.605753
0.607677
0.608471
0.607887
0.60539
0.601962
0.598961
0.596861
0.59565
0.594984
0.593374
0.60171
0.607143
0.606929
0.604019
0.595482
0.571423
0.527818
0.50013
0.49778
0.501751
0.510224
0.523487
0.538621
0.553006
0.566267
0.579931
0.595525
0.609711
0.614039
0.611966
0.598466
0.576955
0.560199
0.550436
0.545649
0.545853
0.548967
0.553911
0.563215
0.577472
0.586476
0.587738
0.586041
0.585072
0.588702
0.600137
0.619104
0.635927
0.642994
0.640632
0.621531
0.59035
0.570114
0.561028
0.556716
0.55675
0.56205
0.573184
0.586974
0.600246
0.609327
0.612036
0.611951
0.611037
0.60767
0.60137
0.596543
0.593904
0.592785
0.592939
0.593241
0.594834
0.597096
0.598953
0.599946
0.600174
0.600896
0.602289
0.604452
0.606481
0.607944
0.60852
0.60763
0.604814
0.60119
0.598071
0.596066
0.595053
0.594529
0.592888
0.598896
0.605452
0.606337
0.604281
0.598534
0.581052
0.542102
0.509465
0.504369
0.507363
0.514435
0.525964
0.540138
0.554893
0.569639
0.585029
0.599289
0.606319
0.605455
0.596268
0.579203
0.564825
0.558084
0.553224
0.549316
0.548537
0.550395
0.554888
0.56356
0.577669
0.592304
0.596451
0.594902
0.592236
0.594094
0.605184
0.623897
0.636893
0.642863
0.633024
0.604368
0.573148
0.558855
0.552486
0.550364
0.553282
0.560943
0.57316
0.587621
0.601339
0.610622
0.614046
0.61419
0.613349
0.609702
0.60214
0.59434
0.590536
0.588912
0.589797
0.592417
0.596232
0.599158
0.60124
0.60179
0.602098
0.602986
0.604402
0.605921
0.60702
0.607505
0.606588
0.604652
0.60261
0.600462
0.598651
0.597281
0.596459
0.59596
0.594429
0.594346
0.60272
0.605453
0.604628
0.600491
0.588386
0.557669
0.524561
0.516028
0.516833
0.521453
0.530521
0.543337
0.558299
0.574225
0.589259
0.596955
0.598006
0.591526
0.577504
0.565092
0.560575
0.559564
0.557093
0.553059
0.551405
0.552089
0.556498
0.565231
0.579011
0.595533
0.603899
0.603836
0.60167
0.603225
0.61367
0.628962
0.637513
0.63762
0.616623
0.580489
0.558392
0.550927
0.548333
0.549451
0.55392
0.56275
0.575023
0.588882
0.602425
0.611605
0.616042
0.616684
0.615274
0.610746
0.602045
0.593012
0.588255
0.586451
0.587313
0.590657
0.595553
0.599168
0.601187
0.601993
0.603309
0.604685
0.606005
0.606675
0.606437
0.604981
0.60282
0.601164
0.600368
0.600018
0.599798
0.599446
0.599074
0.598746
0.597528
0.589356
0.598615
0.604036
0.604884
0.601863
0.594779
0.570063
0.539585
0.5314
0.531172
0.53278
0.538616
0.549201
0.56315
0.578335
0.587566
0.590175
0.585336
0.573965
0.563351
0.560163
0.561488
0.562749
0.560758
0.556387
0.554307
0.554064
0.558486
0.567568
0.581004
0.597086
0.609796
0.613571
0.614086
0.617291
0.625396
0.632516
0.636429
0.62366
0.590034
0.559869
0.551091
0.548911
0.549178
0.551934
0.557548
0.566466
0.577945
0.590854
0.603743
0.613132
0.61856
0.619615
0.616993
0.611485
0.602163
0.592537
0.587148
0.585192
0.585425
0.587961
0.592627
0.596995
0.600085
0.602037
0.603769
0.605086
0.605573
0.605229
0.603713
0.601496
0.599392
0.598416
0.598612
0.599662
0.600928
0.601843
0.602391
0.602369
0.601321
0.584283
0.594298
0.602524
0.6056
0.603964
0.599149
0.578509
0.550467
0.543999
0.545165
0.547503
0.550914
0.557885
0.568387
0.578075
0.581426
0.577622
0.568635
0.560509
0.558178
0.560525
0.564616
0.566419
0.563889
0.559075
0.556866
0.556356
0.560777
0.569759
0.582815
0.598742
0.614542
0.624427
0.630036
0.634409
0.636976
0.636989
0.627875
0.59846
0.564266
0.552262
0.549904
0.550141
0.552385
0.556444
0.562908
0.571212
0.581026
0.59241
0.604798
0.615169
0.621373
0.622297
0.618741
0.612668
0.603085
0.593351
0.587176
0.584839
0.584437
0.585374
0.588583
0.593322
0.597824
0.600993
0.603093
0.603979
0.603378
0.601983
0.600257
0.598487
0.597318
0.597041
0.598004
0.599865
0.601827
0.603413
0.604319
0.604508
0.603693
0.579652
0.591098
0.601362
0.60677
0.607732
0.603735
0.583561
0.556229
0.551498
0.552809
0.558445
0.564682
0.570196
0.575218
0.575529
0.571186
0.562623
0.556344
0.555986
0.557895
0.5634
0.568471
0.569673
0.56622
0.560942
0.558983
0.558707
0.563047
0.571471
0.583917
0.60016
0.619501
0.637061
0.647696
0.651123
0.647958
0.636354
0.607639
0.569324
0.552384
0.550081
0.550401
0.552558
0.556761
0.562267
0.56859
0.575287
0.583264
0.593335
0.605348
0.616738
0.623755
0.624567
0.620676
0.614929
0.605374
0.595078
0.587802
0.585375
0.584284
0.583769
0.585252
0.589189
0.594687
0.598912
0.600836
0.600616
0.598889
0.5966
0.594991
0.594094
0.594089
0.595013
0.597156
0.600095
0.602821
0.604689
0.605462
0.605195
0.604197
0.575555
0.588255
0.600451
0.608541
0.612098
0.60785
0.58665
0.55894
0.554059
0.555624
0.563679
0.574501
0.580432
0.578965
0.570881
0.559662
0.553177
0.552162
0.555525
0.560433
0.566996
0.571484
0.57153
0.567383
0.562084
0.56065
0.560962
0.565136
0.572694
0.584629
0.601931
0.625911
0.651069
0.663157
0.665861
0.655324
0.624429
0.578557
0.552524
0.548956
0.549497
0.551855
0.556047
0.561605
0.567598
0.573097
0.578307
0.584881
0.593945
0.605604
0.617731
0.625467
0.626496
0.623049
0.618227
0.609359
0.598015
0.589089
0.586279
0.584749
0.583345
0.584286
0.587227
0.591267
0.59496
0.596369
0.595413
0.593118
0.590703
0.589356
0.589285
0.590742
0.593687
0.597285
0.600926
0.603532
0.604727
0.604699
0.60376
0.602097
0.572515
0.586365
0.600632
0.610198
0.615135
0.609414
0.585853
0.557621
0.552283
0.553963
0.563065
0.576378
0.582871
0.578669
0.5666
0.555168
0.552194
0.55326
0.558011
0.564241
0.569916
0.572985
0.571832
0.567212
0.562449
0.561686
0.562911
0.566756
0.573747
0.58616
0.606461
0.635338
0.663361
0.674099
0.674526
0.652948
0.600235
0.556919
0.547928
0.54684
0.549392
0.554042
0.559621
0.5655
0.570968
0.575446
0.579699
0.585538
0.594115
0.605353
0.617802
0.626265
0.628385
0.626375
0.622047
0.613326
0.600906
0.591021
0.587462
0.586033
0.585175
0.586059
0.588095
0.590185
0.590924
0.590754
0.589163
0.586427
0.583575
0.581968
0.582298
0.584908
0.589664
0.594866
0.598954
0.601279
0.601806
0.600737
0.598891
0.596826
0.570785
0.585207
0.600708
0.6108
0.616279
0.609059
0.583186
0.554581
0.548228
0.549417
0.55801
0.569988
0.576631
0.573669
0.567384
0.561114
0.557929
0.559056
0.563275
0.568152
0.571544
0.572786
0.571022
0.566119
0.562359
0.562204
0.564176
0.567712
0.575024
0.58914
0.613232
0.64376
0.669688
0.680669
0.675383
0.638176
0.575887
0.549886
0.545335
0.546399
0.550799
0.556887
0.562684
0.567735
0.572138
0.576245
0.580519
0.586177
0.594203
0.605112
0.617791
0.62693
0.63076
0.630667
0.626562
0.617214
0.603225
0.592659
0.589257
0.588603
0.588486
0.58929
0.590463
0.590843
0.589986
0.588221
0.585735
0.582489
0.579905
0.578816
0.579528
0.581827
0.585435
0.589064
0.591914
0.593253
0.593238
0.592326
0.591139
0.589185
0.570382
0.584743
0.600309
0.610017
0.61497
0.606054
0.578093
0.549762
0.543201
0.543876
0.54949
0.557758
0.565748
0.569658
0.570225
0.570184
0.569453
0.569151
0.570222
0.57173
0.572378
0.571466
0.569366
0.564375
0.561886
0.562248
0.564218
0.568446
0.57717
0.593541
0.619472
0.648301
0.670785
0.679131
0.664683
0.616562
0.565224
0.548112
0.545428
0.547905
0.553538
0.559919
0.565019
0.568775
0.572071
0.575929
0.580576
0.586614
0.594522
0.60506
0.617848
0.627951
0.633493
0.635574
0.630912
0.620729
0.605353
0.594335
0.59168
0.592071
0.592518
0.593173
0.593005
0.592019
0.590379
0.588268
0.586119
0.583586
0.582196
0.581869
0.582183
0.58278
0.583864
0.584507
0.584731
0.584032
0.582812
0.582054
0.581561
0.579875
0.570829
0.584779
0.599073
0.607186
0.610761
0.59977
0.569996
0.543695
0.538137
0.537826
0.540688
0.547125
0.557378
0.567781
0.574264
0.579301
0.582617
0.582471
0.579067
0.575398
0.572414
0.569764
0.567398
0.562632
0.560893
0.561653
0.563827
0.569493
0.580329
0.598472
0.62319
0.651996
0.666576
0.666325
0.642142
0.597799
0.564522
0.55013
0.548685
0.552084
0.557278
0.562513
0.566418
0.569116
0.57171
0.575405
0.58068
0.587055
0.594995
0.605161
0.61789
0.629248
0.63634
0.639643
0.635149
0.623851
0.607215
0.596548
0.59454
0.595275
0.595882
0.595992
0.594759
0.593145
0.591118
0.589791
0.589127
0.588329
0.587827
0.58701
0.58563
0.584584
0.584123
0.583664
0.581966
0.579899
0.578158
0.576832
0.576014
0.574008
0.572261
0.585103
0.597108
0.60325
0.603736
0.590644
0.559438
0.536479
0.532381
0.532106
0.534903
0.541431
0.551383
0.564418
0.578194
0.587539
0.59418
0.595284
0.589411
0.580145
0.572917
0.56865
0.565416
0.561056
0.55986
0.560888
0.563904
0.571493
0.584559
0.602938
0.626816
0.647879
0.654494
0.642771
0.615898
0.591234
0.569557
0.555257
0.553306
0.556454
0.560611
0.564447
0.567398
0.56947
0.571719
0.575288
0.580658
0.587601
0.595929
0.605918
0.61834
0.630041
0.638276
0.642519
0.638885
0.627202
0.60982
0.599226
0.596971
0.597165
0.597746
0.597367
0.595897
0.593939
0.592154
0.591393
0.591406
0.591574
0.59161
0.590834
0.589198
0.586759
0.584137
0.581999
0.579887
0.578451
0.57773
0.57702
0.576796
0.575345
0.574992
0.586138
0.594127
0.598436
0.595647
0.579368
0.547523
0.529859
0.528136
0.52913
0.532801
0.539545
0.549527
0.563637
0.581138
0.59494
0.603068
0.605243
0.598779
0.586869
0.575516
0.568689
0.564272
0.560282
0.559136
0.56053
0.565159
0.574665
0.588864
0.60732
0.626026
0.634184
0.629908
0.614489
0.600229
0.590445
0.576971
0.561253
0.556873
0.559269
0.563146
0.566268
0.568576
0.570475
0.572678
0.576259
0.581586
0.588212
0.596535
0.606626
0.618749
0.630292
0.638657
0.64349
0.641226
0.629748
0.612294
0.60143
0.598102
0.59771
0.597975
0.59753
0.596331
0.594531
0.592714
0.591591
0.591438
0.591886
0.592591
0.59234
0.590494
0.587676
0.584541
0.582064
0.581002
0.58031
0.581022
0.582921
0.58463
0.584361
0.578946
0.587976
0.591719
0.59304
0.58775
0.567512
0.537
0.525407
0.52605
0.527853
0.5325
0.540081
0.550922
0.565529
0.583987
0.601007
0.609476
0.611953
0.606605
0.595238
0.581277
0.570594
0.564029
0.559838
0.558941
0.561291
0.567349
0.578522
0.593809
0.60848
0.615081
0.610872
0.602616
0.595365
0.594048
0.592274
0.583785
0.567353
0.559833
0.560587
0.564017
0.567206
0.570086
0.572552
0.574982
0.57839
0.583254
0.589448
0.597656
0.607671
0.61901
0.629898
0.637871
0.643158
0.642011
0.630963
0.613926
0.603118
0.598444
0.596827
0.59651
0.596861
0.596192
0.594603
0.59238
0.590543
0.590208
0.590428
0.590839
0.590706
0.589502
0.5878
0.586151
0.584856
0.584393
0.586676
0.590224
0.592317
0.592691
0.591764
0.583741
0.58985
0.590649
0.58832
0.579976
0.555505
0.528817
0.522288
0.524303
0.527351
0.533578
0.542812
0.554725
0.569351
0.587045
0.60489
0.613762
0.616185
0.61334
0.604239
0.589366
0.574082
0.564108
0.559711
0.559016
0.56213
0.570417
0.58314
0.59594
0.601324
0.595272
0.586762
0.584994
0.588211
0.591208
0.593606
0.588731
0.57288
0.562258
0.56107
0.56376
0.567172
0.571404
0.575253
0.578312
0.581501
0.585662
0.591292
0.599208
0.608698
0.618926
0.628498
0.635522
0.641144
0.641151
0.630183
0.613343
0.60305
0.597385
0.594565
0.594476
0.595176
0.595282
0.59387
0.591529
0.58954
0.588057
0.586966
0.586448
0.586552
0.587503
0.588155
0.588395
0.589436
0.593178
0.596987
0.598441
0.597951
0.596435
0.594959
0.5888
0.59102
0.589812
0.584705
0.571859
0.543918
0.522365
0.519137
0.522082
0.527119
0.535686
0.547
0.559901
0.574094
0.589799
0.606286
0.616207
0.619408
0.619489
0.613101
0.598345
0.578231
0.564047
0.559264
0.558472
0.563841
0.574063
0.585771
0.591199
0.585535
0.575855
0.572622
0.576805
0.584796
0.590727
0.59463
0.592269
0.577614
0.564137
0.560842
0.562812
0.566531
0.57234
0.578149
0.582426
0.585648
0.589113
0.593763
0.600654
0.609366
0.618247
0.625845
0.630643
0.636299
0.637494
0.626324
0.610389
0.601089
0.595523
0.592324
0.592004
0.592512
0.592539
0.591882
0.589806
0.586866
0.584583
0.583259
0.582908
0.584195
0.586376
0.58941
0.594152
0.599809
0.602802
0.602969
0.601955
0.600208
0.597994
0.596116
0.593928
0.592756
0.588517
0.58116
0.563582
0.533628
0.516837
0.515956
0.519664
0.527054
0.538308
0.551809
0.565518
0.578741
0.592093
0.606532
0.617463
0.622762
0.624986
0.62085
0.606674
0.581972
0.562971
0.557572
0.558688
0.566039
0.576226
0.581853
0.577998
0.569649
0.56502
0.566343
0.573486
0.584428
0.591678
0.596201
0.595302
0.581405
0.565495
0.560278
0.561684
0.565589
0.572753
0.580352
0.586181
0.589798
0.5927
0.596344
0.60215
0.609775
0.617221
0.622226
0.623513
0.626646
0.628285
0.618811
0.604859
0.59756
0.593493
0.590148
0.588798
0.588632
0.589079
0.588602
0.586584
0.584022
0.58212
0.581242
0.582262
0.584664
0.589145
0.596056
0.602793
0.606324
0.606743
0.605578
0.603348
0.600322
0.597171
0.59486
0.597998
0.594798
0.587326
0.577491
0.555622
0.525396
0.512326
0.51311
0.517897
0.527611
0.541307
0.556504
0.570486
0.582325
0.593602
0.606227
0.617884
0.625523
0.62871
0.626651
0.613077
0.584615
0.561421
0.556337
0.559224
0.566481
0.571851
0.57035
0.564867
0.561254
0.560644
0.563987
0.573592
0.585588
0.593748
0.59848
0.598166
0.584569
0.56622
0.559662
0.561074
0.565059
0.572902
0.581815
0.588947
0.593202
0.595891
0.599027
0.603999
0.610264
0.615847
0.61876
0.617887
0.615979
0.613802
0.605954
0.597505
0.592792
0.591007
0.587956
0.585873
0.585167
0.584973
0.584627
0.58404
0.582919
0.582237
0.582997
0.584884
0.589939
0.596983
0.603187
0.606613
0.607605
0.606953
0.605269
0.602156
0.598355
0.59506
0.59255
0.603476
0.596179
0.587448
0.57392
0.548263
0.519223
0.509549
0.511229
0.517427
0.528955
0.544405
0.560602
0.574292
0.585206
0.594676
0.606254
0.618223
0.627592
0.631082
0.630314
0.617057
0.585902
0.559778
0.555268
0.557831
0.561394
0.561716
0.55973
0.557963
0.557769
0.559382
0.564971
0.575229
0.587866
0.596815
0.601438
0.601017
0.587436
0.566757
0.5592
0.560714
0.565264
0.572941
0.582189
0.590291
0.59544
0.598377
0.60119
0.605645
0.610964
0.614985
0.61672
0.615073
0.61076
0.602062
0.5913
0.586938
0.586801
0.58734
0.585885
0.583412
0.581869
0.581533
0.581911
0.582967
0.584308
0.585323
0.587514
0.592246
0.597835
0.603024
0.606501
0.607532
0.607211
0.604999
0.601175
0.597558
0.594982
0.593274
0.591561
0.609113
0.600555
0.589342
0.571525
0.541948
0.515137
0.508842
0.51111
0.518516
0.531289
0.547423
0.563496
0.576586
0.586022
0.59464
0.605694
0.618498
0.628703
0.632016
0.631498
0.618551
0.586071
0.557809
0.552348
0.552506
0.55274
0.552894
0.553903
0.55512
0.556971
0.560801
0.567696
0.578004
0.590886
0.600766
0.605025
0.604159
0.590511
0.567536
0.558887
0.560395
0.565579
0.572779
0.581863
0.590387
0.596583
0.600296
0.602912
0.606645
0.610705
0.613202
0.614293
0.612706
0.607352
0.596025
0.581625
0.575164
0.579076
0.582621
0.583709
0.581612
0.580204
0.580056
0.581199
0.583573
0.586567
0.590355
0.59571
0.600238
0.603588
0.606641
0.608013
0.606839
0.603774
0.599971
0.596812
0.594784
0.593649
0.592842
0.591509
0.613357
0.606512
0.593347
0.570994
0.536844
0.513167
0.509725
0.512839
0.521345
0.534672
0.550548
0.565487
0.577378
0.586208
0.594387
0.605007
0.61823
0.628354
0.631323
0.630155
0.618228
0.583301
0.553798
0.546716
0.545656
0.546093
0.548506
0.551387
0.554466
0.558481
0.563719
0.571463
0.581783
0.595034
0.605555
0.609042
0.607458
0.59393
0.569097
0.558674
0.559891
0.565339
0.57225
0.58081
0.58962
0.596783
0.601383
0.60416
0.6074
0.610264
0.612324
0.612946
0.611216
0.6046
0.591788
0.576621
0.56768
0.570307
0.576507
0.580316
0.581284
0.581152
0.581822
0.58346
0.58643
0.591836
0.598364
0.603109
0.605808
0.607252
0.607619
0.606216
0.603303
0.599902
0.597062
0.595012
0.593769
0.592991
0.592921
0.592264
0.61619
0.612418
0.599854
0.572298
0.532805
0.513035
0.511955
0.516272
0.525585
0.538848
0.553546
0.566846
0.577399
0.586141
0.594083
0.604025
0.616943
0.62719
0.629894
0.628098
0.615722
0.576989
0.547751
0.541224
0.541259
0.542873
0.546231
0.550719
0.555603
0.561261
0.567534
0.575865
0.586809
0.600651
0.611263
0.613449
0.610831
0.597287
0.571249
0.558992
0.559596
0.564702
0.570838
0.578886
0.587741
0.595599
0.601244
0.605201
0.609225
0.611211
0.612468
0.612158
0.609397
0.601419
0.58783
0.5731
0.564136
0.563363
0.56879
0.575868
0.581305
0.584406
0.586553
0.589001
0.592882
0.598157
0.603498
0.607033
0.608144
0.608003
0.606462
0.603314
0.600533
0.59813
0.596738
0.595683
0.594673
0.594352
0.59463
0.594427
0.618283
0.617493
0.607061
0.574603
0.529703
0.513475
0.514536
0.520355
0.530088
0.542671
0.555666
0.567476
0.577347
0.585831
0.593644
0.602966
0.616
0.625936
0.627467
0.624146
0.609717
0.570068
0.543205
0.538626
0.539675
0.541687
0.546041
0.551528
0.557566
0.564406
0.571827
0.581095
0.593315
0.607859
0.617814
0.618479
0.614746
0.600669
0.573582
0.559659
0.559328
0.563356
0.568716
0.576294
0.58488
0.593093
0.599999
0.605634
0.611433
0.613547
0.613652
0.611788
0.606918
0.597446
0.583972
0.570571
0.561888
0.559484
0.562305
0.571345
0.581567
0.589292
0.593879
0.596931
0.599457
0.601895
0.604643
0.607263
0.608033
0.606212
0.60362
0.601626
0.60021
0.5996
0.599009
0.598471
0.598
0.597401
0.597022
0.596631
0.620321
0.62164
0.613854
0.577738
0.527508
0.513783
0.516281
0.523021
0.533264
0.545279
0.556939
0.567002
0.576051
0.584675
0.592922
0.601881
0.614639
0.624168
0.624941
0.622085
0.606887
0.566781
0.540518
0.537056
0.538955
0.541701
0.546828
0.552967
0.559768
0.567579
0.576417
0.587005
0.600792
0.616125
0.624693
0.624316
0.619564
0.604657
0.576429
0.560179
0.558782
0.561766
0.566301
0.573354
0.581867
0.590538
0.598684
0.606091
0.613355
0.616287
0.615512
0.611569
0.603919
0.593172
0.580943
0.569174
0.561246
0.558704
0.560588
0.568845
0.582439
0.594267
0.601079
0.603416
0.603588
0.603976
0.604518
0.604433
0.603482
0.602452
0.602369
0.602669
0.602799
0.603064
0.603695
0.603148
0.601457
0.59966
0.598738
0.598284
0.623048
0.625299
0.620014
0.580681
0.525645
0.512713
0.516408
0.523916
0.53453
0.545988
0.556061
0.564715
0.57313
0.581712
0.590307
0.599188
0.611509
0.622289
0.624216
0.62289
0.607504
0.565462
0.537616
0.534421
0.536674
0.540958
0.547419
0.554457
0.562002
0.570902
0.581834
0.594369
0.60918
0.624274
0.631408
0.630674
0.625276
0.609881
0.580304
0.561137
0.558738
0.560672
0.56433
0.57089
0.579288
0.588372
0.597633
0.606644
0.614913
0.61831
0.616714
0.610588
0.60072
0.589888
0.579568
0.569895
0.562744
0.561359
0.564098
0.571198
0.583162
0.59645
0.604744
0.607471
0.606352
0.604104
0.601553
0.5993
0.598905
0.600755
0.603564
0.605558
0.607227
0.60902
0.609112
0.607252
0.604428
0.601767
0.599901
0.599135
0.62644
0.629364
0.625399
0.582696
0.522734
0.509721
0.514045
0.522029
0.533229
0.54408
0.553083
0.560867
0.568547
0.576752
0.585576
0.595381
0.609052
0.622936
0.626188
0.625932
0.609542
0.563958
0.532898
0.530397
0.533358
0.539333
0.547315
0.555742
0.564333
0.574545
0.587317
0.600985
0.616034
0.630847
0.637342
0.637051
0.631987
0.616818
0.586076
0.563599
0.559791
0.560683
0.563893
0.569983
0.577899
0.586694
0.596265
0.605509
0.61387
0.617973
0.616073
0.608496
0.598461
0.588731
0.580852
0.572947
0.567195
0.567394
0.570101
0.574927
0.583731
0.594466
0.603775
0.607255
0.606744
0.602578
0.597737
0.59575
0.596769
0.60012
0.604676
0.60972
0.613854
0.615275
0.613995
0.610698
0.606371
0.60265
0.600343
0.599505
0.62972
0.633708
0.629207
0.58278
0.517852
0.504614
0.508517
0.51701
0.528678
0.539529
0.548132
0.555386
0.562739
0.5711
0.580938
0.5928
0.6087
0.62581
0.631411
0.631137
0.61166
0.56149
0.526896
0.525093
0.528568
0.536347
0.546701
0.557136
0.567338
0.578529
0.591657
0.605487
0.620328
0.63479
0.642132
0.642904
0.639077
0.625482
0.594551
0.568641
0.563166
0.562799
0.565592
0.571242
0.57807
0.585774
0.593997
0.603042
0.610538
0.614336
0.612544
0.606298
0.59861
0.591109
0.58557
0.579211
0.574329
0.574461
0.576132
0.57877
0.584146
0.590567
0.598597
0.603175
0.602836
0.599418
0.595234
0.594203
0.59686
0.601638
0.608879
0.615328
0.618474
0.618846
0.617085
0.612895
0.607974
0.603773
0.601166
0.600293
0.632408
0.637665
0.631665
0.580981
0.511018
0.497446
0.500663
0.509763
0.522001
0.5332
0.542165
0.550023
0.558186
0.567447
0.578103
0.591601
0.609849
0.630099
0.637418
0.635572
0.612827
0.558187
0.521255
0.51867
0.522653
0.532224
0.545368
0.558481
0.570432
0.582344
0.594845
0.608067
0.622289
0.636588
0.645704
0.647362
0.645123
0.63415
0.60511
0.576966
0.569546
0.568198
0.570063
0.574465
0.579776
0.584703
0.590801
0.597307
0.60306
0.606735
0.606712
0.605399
0.602377
0.598474
0.594694
0.587747
0.581332
0.580194
0.581105
0.582228
0.584817
0.588448
0.591773
0.596006
0.597628
0.596917
0.59525
0.595721
0.599244
0.606263
0.613013
0.617933
0.620183
0.620182
0.618276
0.614424
0.609601
0.605407
0.602775
0.602013
0.633721
0.640687
0.632886
0.578523
0.504467
0.49072
0.492893
0.502033
0.514822
0.526604
0.536482
0.545383
0.554357
0.564113
0.575528
0.590573
0.611323
0.633597
0.642279
0.639358
0.613353
0.55443
0.516466
0.512348
0.516734
0.527965
0.543762
0.559589
0.573269
0.585406
0.597202
0.609299
0.622767
0.637042
0.647857
0.650764
0.650175
0.641057
0.614956
0.587637
0.578385
0.575456
0.575477
0.577679
0.58077
0.583632
0.58573
0.587906
0.591451
0.596857
0.601892
0.606103
0.608399
0.60855
0.605175
0.596583
0.588023
0.584493
0.583029
0.5832
0.584103
0.584804
0.585217
0.587279
0.590732
0.593578
0.596108
0.599072
0.604798
0.610538
0.614848
0.618188
0.619727
0.619531
0.617778
0.614665
0.610524
0.606843
0.60473
0.604347
0.634492
0.643047
0.633509
0.576691
0.499921
0.484898
0.486387
0.49576
0.509245
0.521939
0.53279
0.542638
0.552
0.561489
0.5729
0.589233
0.612359
0.636227
0.645633
0.641995
0.613743
0.551391
0.512745
0.507511
0.512036
0.524434
0.542209
0.560317
0.575454
0.587491
0.59825
0.60957
0.622578
0.636875
0.648551
0.652999
0.653331
0.64451
0.619945
0.594921
0.587888
0.586211
0.586058
0.585455
0.583817
0.581856
0.579337
0.577609
0.580504
0.589325
0.600374
0.609043
0.615365
0.616782
0.612635
0.602986
0.59278
0.587256
0.583911
0.583029
0.582772
0.581669
0.580522
0.580957
0.584737
0.590662
0.597265
0.604389
0.609864
0.613508
0.616041
0.618065
0.618435
0.617893
0.616788
0.614394
0.610879
0.607805
0.606149
0.606
0.635342
0.644969
0.634146
0.57573
0.497178
0.481444
0.482476
0.491969
0.505623
0.518777
0.530368
0.54095
0.55072
0.560174
0.571646
0.588763
0.612996
0.637724
0.647622
0.643155
0.613488
0.549175
0.510126
0.50442
0.508928
0.521966
0.540979
0.560662
0.577101
0.589187
0.599227
0.609993
0.622454
0.63625
0.648235
0.654301
0.656463
0.648185
0.624847
0.601198
0.59516
0.594492
0.595141
0.592425
0.586645
0.579531
0.573794
0.571137
0.574821
0.585783
0.600016
0.611654
0.619986
0.622271
0.617698
0.607663
0.596468
0.589702
0.584925
0.583049
0.581847
0.579678
0.577649
0.577384
0.579935
0.58753
0.598669
0.608056
0.614227
0.6164
0.617045
0.61701
0.616819
0.616265
0.615827
0.61446
0.611696
0.608879
0.607554
0.607555
)
;

boundaryField
{
    inlet
    {
        type            calculated;
        value           uniform 0.140001;
    }
    outlet
    {
        type            calculated;
        value           nonuniform List<scalar> 
40
(
0.6032
0.604308
0.605528
0.60591
0.604928
0.602246
0.598515
0.595312
0.593374
0.592888
0.594429
0.597528
0.601321
0.603693
0.604197
0.602097
0.596826
0.589185
0.579875
0.574008
0.575345
0.584361
0.591764
0.594959
0.596116
0.59486
0.59255
0.591561
0.591509
0.592264
0.594427
0.596631
0.598284
0.599135
0.599505
0.600293
0.602013
0.604347
0.606
0.607555
)
;
    }
    bottom
    {
        type            symmetryPlane;
    }
    top
    {
        type            symmetryPlane;
    }
    obstacle
    {
        type            calculated;
        value           nonuniform List<scalar> 
80
(
0.58102
0.596235
0.623005
0.651663
0.659552
0.64837
0.586098
0.505919
0.489986
0.494658
0.504288
0.517608
0.529398
0.538681
0.547386
0.557152
0.568402
0.58123
0.597317
0.620532
0.653226
0.682016
0.689204
0.672747
0.594878
0.515747
0.501876
0.505122
0.514413
0.527749
0.539803
0.54792
0.553327
0.556192
0.557965
0.561795
0.570541
0.584513
0.602111
0.617785
0.622055
0.622163
0.610075
0.587246
0.5787
0.583749
0.59345
0.606434
0.612
0.610549
0.602411
0.589096
0.57597
0.572011
0.573017
0.577492
0.583948
0.589057
0.590063
0.589766
0.58907
0.588402
0.586004
0.584499
0.582866
0.580376
0.576648
0.574314
0.574896
0.578501
0.584877
0.593444
0.602178
0.607899
0.609818
0.60906
0.607195
0.605236
0.603801
0.6032
)
;
    }
    defaultFaces
    {
        type            empty;
    }
}


// ************************************************************************* //
