/*--------------------------------*- C++ -*----------------------------------*\
| =========                 |                                                 |
| \\      /  F ield         | OpenFOAM: The Open Source CFD Toolbox           |
|  \\    /   O peration     | Version:  v1912                                 |
|   \\  /    A nd           | Website:  www.openfoam.com                      |
|    \\/     M anipulation  |                                                 |
\*---------------------------------------------------------------------------*/
FoamFile
{
    version     2.0;
    format      ascii;
    class       surfaceScalarField;
    location    "4";
    object      phi;
}
// * * * * * * * * * * * * * * * * * * * * * * * * * * * * * * * * * * * * * //

dimensions      [1 0 -1 0 0 0 0];
oriented        oriented;


internalField   nonuniform List<scalar> 
1920
(
-0.000695864
0.000694499
-0.000946861
0.000250013
-0.00120659
0.000258771
-0.0014625
0.000254964
-0.00164096
0.000177401
-0.0016944
5.23839e-05
-0.00145181
-0.000244316
-0.000863508
-0.000590418
0.000181434
-0.0010474
-0.00165641
-0.000313529
0.00100673
-0.000539003
0.000474463
-0.000627975
0.000346807
-0.000700986
0.000327022
-0.000423506
-0.000101061
4.71759e-05
-0.000417156
0.000578005
-0.000779128
0.00129236
-0.00130662
0.00210877
-0.00186593
-0.00280501
-4.991e-05
0.0010555
-0.000199503
0.000623074
-0.000258837
0.000405255
-1.56379e-06
6.90056e-05
0.000332987
-0.000436289
0.000745843
-0.000830971
0.00135254
-0.00138693
0.00226214
-0.00221761
0.00324633
-0.00285139
-0.00391169
5.52665e-05
0.000999253
2.30052e-05
0.00065442
0.000116502
0.000310943
0.00039058
-0.000205795
0.000697064
-0.000743574
0.00132551
-0.00146027
0.00219031
-0.00225275
0.00321819
-0.00324677
0.00424939
-0.00388394
-0.00506828
9.22335e-05
0.000906072
0.000134788
0.000610998
0.000334137
0.000110797
0.000690072
-0.000562527
0.00123035
-0.00128467
0.00200483
-0.0022357
0.00303631
-0.00328519
0.00421467
-0.0044265
0.00546848
-0.00513933
-0.00637201
9.08564e-05
0.000814247
0.000250306
0.000450642
0.000671337
-0.000311119
0.00123009
-0.00112226
0.00212821
-0.00218371
0.00345345
-0.00356197
0.00494354
-0.00477645
0.00641118
-0.00589605
0.00783391
-0.00656406
-0.00770563
0.000100422
0.000712874
0.000488814
6.12964e-05
0.0011733
-0.000996591
0.00229779
-0.00224763
0.0039674
-0.00385428
0.00581986
-0.00541613
0.00755061
-0.00650863
0.00920399
-0.00755229
0.0107846
-0.00814752
-0.00911677
0.000662295
4.91222e-05
0.00141806
-0.00069554
0.00276781
-0.00234732
0.00496477
-0.00444584
0.00743773
-0.00632881
0.00964797
-0.00762855
0.0116769
-0.00853959
0.0134594
-0.00933906
0.0150328
-0.00972392
-0.0104345
0.00178354
-0.00173484
0.00411476
-0.00302754
0.00751579
-0.00574971
0.0107088
-0.00764127
0.0133199
-0.00894208
0.0154806
-0.00979277
0.0173193
-0.0103809
0.0188192
-0.0108446
0.0202035
-0.0111122
-0.0116257
0.00524773
-0.00698386
0.0110251
-0.00880714
0.0154391
-0.0101662
0.0187415
-0.0109473
0.0212543
-0.0114575
0.023136
-0.0116794
0.0246692
-0.0119171
0.0258623
-0.0120462
0.0270121
-0.0122687
-0.0125519
0.034767
-0.00482727
-0.0369277
0.0347303
-0.00877608
0.0347516
-0.0101909
0.0348953
-0.0110964
0.0349866
-0.0115517
0.0350481
-0.0117487
0.0351286
-0.0120011
0.0352237
-0.012156
0.0354745
-0.012531
-0.0127839
0.0620854
-0.0023393
-0.0645784
0.0579811
-0.00467905
0.0542866
-0.00649913
0.0510874
-0.00790491
0.0485433
-0.00901035
0.0466425
-0.00986016
0.0452233
-0.0105855
0.0442074
-0.0111664
0.0434552
-0.0117986
-0.012405
0.0716753
0.00317368
-0.077191
0.0665598
0.000430828
0.0625106
-0.00245219
0.0592432
-0.00464311
0.0565574
-0.00633369
0.054357
-0.00766887
0.052524
-0.00876746
0.0510477
-0.00973051
0.0499713
-0.0107623
-0.0119955
0.0823695
0.00846074
-0.0876554
0.0780044
0.00478057
0.0738243
0.00173094
0.0699895
-0.000822177
0.0667501
-0.00311045
0.0639805
-0.00491081
0.0616401
-0.00647255
0.0598398
-0.00798862
0.0588504
-0.00988477
-0.0119053
0.0921318
0.0139185
-0.097575
0.0872223
0.00965991
0.0828092
0.0061586
0.0787311
0.00322595
0.074886
0.000710733
0.0717121
-0.00176485
0.0691929
-0.00405155
0.0677553
-0.00665075
0.0669257
-0.00935961
-0.0125316
0.100036
0.0190974
-0.10524
0.0952448
0.0144397
0.0908413
0.0105582
0.0868638
0.00714657
0.0834201
0.00413196
0.0802879
0.00124229
0.0781979
-0.00206479
0.0766796
-0.00551352
0.0763317
-0.00939512
-0.0144649
0.106301
0.0237304
-0.110967
0.101787
0.0189367
0.0976253
0.0146656
0.0938682
0.0108522
0.0905825
0.0072763
0.0883605
0.00334494
0.0864333
-0.000554422
0.0855603
-0.0050765
0.0862276
-0.0105456
-0.0183107
0.111373
0.02784
-0.11551
0.107363
0.0228637
0.103661
0.0182974
0.100357
0.013984
0.0980916
0.0093456
0.0961474
0.00484833
0.0953891
-0.000252921
0.0960253
-0.00616716
0.0989459
-0.0140923
-0.0228771
0.116196
0.0312799
-0.11976
0.112847
0.0261035
0.109806
0.0211141
0.107695
0.0158324
0.105837
0.0106824
0.105115
0.00502293
0.106009
-0.00171941
0.109059
-0.00989744
0.112498
-0.0184186
-0.0258224
0.120783
0.0336961
-0.123386
0.1184
0.0281778
0.116723
0.0224575
0.115158
0.016787
0.114824
0.0103939
0.116143
0.00303543
0.118652
-0.00494411
0.121244
-0.0133947
0.122923
-0.0206334
-0.0265602
0.255089
0.0363649
-0.258637
0.25256
0.0292823
0.25182
0.0217043
0.253745
0.0133482
0.258046
0.00435337
0.262758
-0.00357155
0.267686
-0.0114648
0.271838
-0.017949
0.272344
-0.0211009
-0.0235578
0.283933
0.0325299
-0.282103
0.287765
0.0231645
0.292827
0.0141669
0.297986
0.00599737
0.303025
-0.00120425
0.306338
-0.00734628
0.305122
-0.0103711
0.300729
-0.012844
0.295789
-0.0152903
-0.0176004
0.330527
0.0227012
-0.323488
0.336754
0.0157195
0.339667
0.0101549
0.338944
0.00585882
0.335359
0.00230296
0.329648
-0.00090127
0.323816
-0.00358431
0.318144
-0.00648141
0.312754
-0.00945022
-0.0125235
0.353498
0.0218258
-0.352549
0.351876
0.017894
0.34841
0.0141542
0.344153
0.0106508
0.339568
0.00730348
0.334889
0.00413144
0.330262
0.000973769
0.326155
-0.00266482
0.322911
-0.00640111
-0.0101798
0.374057
0.0261424
-0.377528
0.369997
0.0224216
0.365769
0.0185848
0.361626
0.0148378
0.35771
0.0108585
0.354312
0.00681745
0.351552
0.00282671
0.348946
-0.00112625
0.34674
-0.00511747
-0.00897774
0.391149
0.0279261
-0.390726
0.391319
0.0244087
0.391341
0.0202545
0.39139
0.0160522
0.390814
0.0119001
0.389718
0.00784512
0.388144
0.00400776
0.385827
0.000488298
0.383522
-0.00323005
-0.00669248
0.348915
0.0211145
-0.340002
0.356283
0.0187304
0.361972
0.0161697
0.366408
0.0133749
0.369511
0.010557
0.371604
0.00768109
0.372727
0.00484742
0.372827
0.00200675
0.372167
-0.000816479
-0.00360364
0.284372
0.00919758
-0.269735
0.297441
0.0085924
0.308285
0.00788092
0.316795
0.00702711
0.323292
0.0059239
0.32765
0.00466402
0.330378
0.00320918
0.331397
0.00157067
0.331379
-0.000199235
-0.00211524
0.245901
0.00260748
-0.236902
0.25465
0.00233905
0.262539
0.0020788
0.26943
0.00177796
0.274732
0.00140845
0.279049
0.000967528
0.28212
0.000424149
0.284105
-0.000215582
0.285084
-0.000903365
-0.00155171
0.258941
-0.25274
0.263367
0.266063
0.267336
0.26742
0.266846
0.266194
0.265517
0.265121
0.311039
0.0493183
-0.0421145
-0.318304
0.303923
0.04704
-0.0400038
0.297063
0.0446901
-0.0379397
0.29052
0.0422844
-0.035896
0.284306
0.0398874
-0.0338468
0.27842
0.0374302
-0.0317845
0.272915
0.0349745
-0.0297177
0.26774
0.0324576
-0.0276297
0.263026
0.0299269
-0.0255681
0.0273086
-0.023405
0.319153
0.054311
-0.324337
0.313597
0.0523299
0.308012
0.0499316
0.302587
0.0472911
0.297796
0.0440685
0.293557
0.0409529
0.289812
0.0378875
0.286659
0.0346729
0.283956
0.0314094
0.0278602
0.323646
0.0562938
-0.32667
0.321517
0.0532979
0.319125
0.05093
0.317221
0.0474779
0.315796
0.0438019
0.315226
0.0397001
0.315833
0.035246
0.31739
0.0305817
0.319972
0.0260664
0.0218187
0.33912
0.0490532
-0.335424
0.339385
0.049533
0.336473
0.0504089
0.335891
0.0446278
0.33748
0.0388531
0.340345
0.0337113
0.344366
0.0292146
0.348355
0.0252769
0.351096
0.0220489
0.0194634
0.396741
0.0502786
-0.402714
0.39288
0.0475719
0.39428
0.0436341
0.3947
0.0396722
0.393134
0.0366857
0.390695
0.0346671
0.387725
0.0322941
0.384403
0.02924
0.381029
0.026284
0.0237703
0.315429
0.0230128
-0.26158
0.351357
0.0324916
0.366693
0.0381389
0.372291
0.0383801
0.376517
0.0361596
0.381768
0.0333882
0.386791
0.0313625
0.389857
0.0294737
0.390962
0.0277475
0.0260567
0.204668
0.0041065
-0.183276
0.229721
0.011512
0.250542
0.0159886
0.268662
0.0192061
0.284467
0.0206114
0.299238
0.0213083
0.311535
0.0217106
0.322777
0.0219216
0.332088
0.0215597
0.0205748
0.146654
0.00352697
-0.106354
0.156364
0.00625691
0.169137
0.00759499
0.183487
0.00948264
0.19702
0.0114273
0.212711
0.0120744
0.227627
0.0118689
0.241643
0.0108811
0.255779
0.00992445
0.00914591
0.175761
-0.00220797
-0.215275
0.175567
0.00719154
0.180165
0.00768272
0.187524
0.00797857
0.196621
0.00733955
0.205308
0.00629822
0.213488
0.00547252
0.221171
0.00440659
0.228989
0.00348932
0.00287716
0.136276
-0.204894
0.154029
0.177462
0.193686
0.209262
0.221677
0.231483
0.239044
0.245335
0.0930979
0.0277013
-0.120801
0.0751158
0.0179798
0.0626347
0.0124786
0.0537436
0.00888878
0.0473983
0.00634304
0.0429106
0.00448553
0.0398591
0.0030493
0.0379596
0.0018971
0.0370279
0.000929232
9.75575e-05
0.109914
0.0372383
-0.119452
0.0985403
0.0293516
0.0884435
0.0225735
0.0803921
0.0169379
0.0743965
0.0123361
0.0702096
0.00866952
0.0674704
0.00578524
0.0658258
0.00353819
0.0649552
0.00179615
0.000470294
0.11967
0.0388441
-0.121278
0.115798
0.0332211
0.110676
0.0276928
0.105098
0.0225146
0.0995096
0.0179213
0.0942092
0.0139684
0.0893041
0.0106875
0.084848
0.00799264
0.080805
0.00583683
0.00408225
0.122683
0.0393199
-0.123164
0.120839
0.0350638
0.117813
0.0307126
0.113908
0.0264192
0.109471
0.0223525
0.10479
0.0186483
0.10012
0.0153541
0.0956323
0.0124779
0.0914477
0.0100193
0.00787084
0.125239
0.0396943
-0.12561
0.124058
0.0362377
0.122065
0.0327104
0.119359
0.0291168
0.116105
0.0256118
0.112491
0.0222539
0.108698
0.0191522
0.104874
0.0162937
0.101138
0.0137599
0.0114255
0.127052
0.0399776
-0.127345
0.126228
0.0370704
0.124848
0.0340786
0.122943
0.0310325
0.120562
0.0279795
0.117827
0.0250008
0.114814
0.0221518
0.111665
0.0194543
0.108427
0.0169853
0.0146206
0.128966
0.0403135
-0.129299
0.128244
0.0377833
0.127144
0.0351795
0.12564
0.032528
0.12378
0.0298356
0.121592
0.0271836
0.119157
0.0245798
0.116521
0.0220858
0.113773
0.019722
0.0174221
0.130851
0.0406641
-0.131197
0.130221
0.0384082
0.129277
0.0361294
0.128023
0.0337776
0.126463
0.0313996
0.124634
0.0290055
0.122572
0.0266421
0.120329
0.0243157
0.117953
0.022091
0.0198432
0.132771
0.0411151
-0.133216
0.132146
0.039019
0.131346
0.0369271
0.130289
0.0348198
0.12901
0.0326688
0.127483
0.0305148
0.125762
0.0283409
0.123868
0.026187
0.121849
0.0240705
0.0218979
0.135137
-0.136142
0.13414
0.133111
0.132009
0.130801
0.129492
0.128066
0.126561
0.124992
0.117901
0.00842591
-0.126328
0.113124
0.00477589
0.110384
0.00273855
0.108825
0.00155617
0.108067
0.000756812
0.108027
3.85677e-05
0.108928
-0.000903065
0.111063
-0.00213729
0.114837
-0.00377616
-0.00596547
0.113558
0.00760304
-0.112736
0.112973
0.00536063
0.112452
0.00325859
0.112373
0.0016347
0.112795
0.000334451
0.11367
-0.000837642
0.114863
-0.00209579
0.116303
-0.00357784
0.117958
-0.00543158
-0.00745983
0.116626
0.00651245
-0.115538
0.117248
0.00473788
0.117523
0.00298185
0.117751
0.00140537
0.118134
-4.98361e-05
0.118626
-0.00133101
0.119271
-0.00274284
0.120008
-0.0043162
0.120708
-0.00613213
-0.00803152
0.119242
0.00573067
-0.118461
0.119769
0.00420812
0.120077
0.00267283
0.120299
0.0011813
0.120513
-0.00026561
0.1209
-0.00172039
0.121404
-0.00324911
0.121988
-0.00490177
0.122582
-0.00672781
-0.00861552
0.121968
0.00521111
-0.121453
0.122355
0.00382114
0.12266
0.00236261
0.122942
0.000898732
0.12326
-0.000586517
0.123649
-0.00211011
0.124108
-0.00371107
0.124614
-0.00540866
0.12512
-0.00723418
-0.00910813
0.124114
0.00478603
-0.12369
0.124457
0.00347585
0.124757
0.00206296
0.125044
0.000609798
0.125351
-0.000893948
0.125699
-0.00245736
0.126082
-0.00409585
0.126503
-0.00582737
0.126914
-0.00764792
-0.00953552
0.126249
0.00426918
-0.125731
0.126609
0.00310928
0.126904
0.00176924
0.127181
0.000322859
0.127483
-0.00119327
0.127799
-0.00278477
0.128157
-0.00445009
0.128523
-0.00620331
0.128905
-0.00802731
-0.00993808
0.128478
0.00384967
-0.128077
0.128757
0.00282223
0.129001
0.00150882
0.129295
2.3229e-05
0.129551
-0.0014605
0.129839
-0.00307758
0.130143
-0.00475785
0.130462
-0.00652561
0.130805
-0.00836875
-0.0103329
0.130521
0.0041224
-0.130801
0.130655
0.00268728
0.131017
0.001142
0.131291
-0.000238622
0.131597
-0.00176738
0.131897
-0.0033626
0.132149
-0.00500526
0.132446
-0.00681662
0.132791
-0.0087053
-0.0107626
0.132634
-0.133747
0.00524517
0.132676
0.00264966
0.133009
0.000811363
0.13344
-0.000660775
0.133773
-0.00210434
0.134151
-0.00373385
0.134627
-0.00548908
0.135165
-0.00735416
0.135697
-0.00924312
-0.0112133
0.172699
-0.000581978
-0.17218
0.148102
0.0246063
0.124375
0.023718
0.104637
0.0197259
0.0869524
0.0176766
0.0694998
0.0174541
0.0508909
0.0186153
0.0319381
0.0189548
0.0134223
0.018524
0.0134252
0.116946
0.0298222
-0.147381
0.109117
0.0324269
0.10083
0.0320001
0.0894285
0.0311221
0.0777246
0.029376
0.0645473
0.030632
0.050109
0.0330559
0.034533
0.0345313
0.0181752
0.0348859
0.0316052
0.0907234
0.050316
-0.111208
0.077638
0.0455137
0.0676233
0.0420149
0.0592571
0.0394885
0.049666
0.038966
0.0407761
0.0395232
0.0322015
0.0416303
0.0226912
0.0440401
0.0121092
0.0454692
0.0437157
0.0982702
0.0657514
-0.113712
0.0806384
0.0631505
0.0649188
0.0577338
0.0513886
0.0530194
0.039515
0.0508389
0.030554
0.0484825
0.0227056
0.0494761
0.0153449
0.0513973
0.00792153
0.0528949
0.0516372
0.105689
0.0872733
-0.127206
0.0885669
0.0802732
0.0707873
0.0755145
0.0535919
0.0702162
0.0397641
0.064666
0.0284842
0.0597601
0.0194731
0.0584827
0.0121101
0.0587561
0.00589157
0.0591109
0.0575268
0.103621
0.0965733
-0.112908
0.0902216
0.0936816
0.0755052
0.0902355
0.0600712
0.0856494
0.0456365
0.0790973
0.0318422
0.0735522
0.0206453
0.0696744
0.0118656
0.0675313
0.00533584
0.0656405
0.06286
0.0983304
0.104547
-0.106291
0.08881
0.103212
0.0784523
0.100602
0.0665299
0.0975819
0.0524997
0.0931347
0.0383229
0.0877289
0.0253801
0.0826151
0.014397
0.0785106
0.00624221
0.0737947
0.0690989
0.0987129
0.113281
-0.107444
0.0897236
0.112203
0.0805837
0.109747
0.0706617
0.107512
0.0590248
0.104777
0.0458593
0.100897
0.0327251
0.0957449
0.020203
0.0910297
0.00936336
0.0846349
0.078459
0.104428
0.124039
-0.115183
0.094711
0.121927
0.0851503
0.119318
0.0758578
0.116807
0.0660403
0.114597
0.0550208
0.111913
0.0426745
0.108089
0.02948
0.104221
0.0159255
0.0981891
0.0943816
0.113449
-0.123175
0.104537
0.0957576
0.0868314
0.0777302
0.0681951
0.0578156
0.0464962
0.0319494
0.168001
-1.04457e-06
0.168006
-5.43697e-06
0.168025
-1.86752e-05
0.168065
-4.05964e-05
0.168171
-0.000106339
0.168341
-0.000170558
0.168763
-0.000423376
0.169348
-0.000587711
0.169273
6.72562e-05
-0.00292509
0.167999
-1.34676e-06
0.168001
-7.24881e-06
0.168005
-2.30539e-05
0.168014
-4.97498e-05
0.168008
-0.000100403
0.167986
-0.000149686
0.167513
4.69683e-05
0.16587
0.00105135
0.158591
0.00734982
0.00824397
0.167997
-1.00338e-06
0.167995
-5.80119e-06
0.16799
-1.48885e-05
0.167951
-2.7261e-05
0.167895
-9.52915e-06
0.16757
0.000127857
0.166602
0.00106359
0.16234
0.00524114
0.14695
0.0227429
0.0439389
0.167994
-1.1626e-06
0.167994
-8.18197e-06
0.16801
-1.56676e-05
0.167999
-3.24216e-05
0.167991
1.73952e-05
0.167835
0.000253124
0.167307
0.00160038
0.164518
0.0080294
0.1532
0.0340233
0.0833897
0.167997
-1.64834e-06
0.167998
-9.54047e-06
0.168004
-2.19139e-05
0.167999
-2.84133e-05
0.167972
4.12889e-05
0.167788
0.000432779
0.166956
0.00242268
0.163292
0.0116752
0.160285
0.0369186
0.116494
0.167995
-1.12134e-06
0.16799
-5.5526e-06
0.167975
-6.99125e-06
0.167923
2.28653e-05
0.167762
0.000200063
0.16716
0.00102909
0.164787
0.00478595
0.155342
0.0210964
0.133573
0.0585743
0.137195
0.167993
2.5002e-08
0.167986
1.10511e-06
0.167963
1.59458e-05
0.16789
9.52845e-05
0.167657
0.000430277
0.166885
0.00179663
0.164031
0.00763198
0.152668
0.0324296
0.117096
0.0940513
0.148049
0.167993
8.40572e-07
0.167987
7.32387e-06
0.167963
3.98632e-05
0.167887
0.000170188
0.167658
0.000657487
0.166921
0.00252846
0.164314
0.0102329
0.153691
0.043024
0.11731
0.130353
0.157943
0.167993
2.14895e-06
0.167985
1.51085e-05
0.167957
6.72586e-05
0.167875
0.000251181
0.167643
0.00088821
0.166955
0.00321278
0.164799
0.0123789
0.15734
0.0504533
0.127275
0.160363
0.170022
0.167991
5.34177e-06
0.167971
3.43185e-05
0.167915
0.000123507
0.167787
0.000377633
0.167542
0.00113212
0.167161
0.00358925
0.166878
0.0126522
0.168598
0.0486987
0.145159
0.183732
0.192023
0.251991
6.80914e-06
0.251983
4.17722e-05
0.251967
0.000139171
0.251957
0.000386603
0.252062
0.00102505
0.252821
0.00282525
0.256611
0.00885287
0.273168
0.0321222
0.328168
0.128656
0.178361
0.341777
0.251998
4.39847e-06
0.252012
2.75812e-05
0.252057
9.3357e-05
0.252183
0.000258478
0.252533
0.000668736
0.253604
0.00174263
0.257523
0.00490984
0.273797
0.0158118
0.346403
0.0557752
0.187717
0.337053
0.251999
3.32957e-06
0.252005
2.06505e-05
0.252029
6.9059e-05
0.252098
0.000188878
0.252286
0.000479254
0.25282
0.00120538
0.25453
0.0031936
0.260562
0.00977444
0.281876
0.0344396
0.125501
0.344061
0.252
2.59912e-06
0.252004
1.60417e-05
0.25202
5.33614e-05
0.252063
0.000145046
0.252178
0.000363588
0.252492
0.000889351
0.253462
0.00221859
0.257183
0.00604413
0.271593
0.0200173
0.0712602
0.325817
0.252001
1.60484e-06
0.252007
9.90905e-06
0.252028
3.29245e-05
0.252084
8.90792e-05
0.252229
0.000220695
0.252594
0.000526998
0.253564
0.00125234
0.256497
0.0030755
0.268004
0.00835489
0.0255318
0.312282
0.252002
6.09136e-07
0.252007
3.82264e-06
0.252026
1.28752e-05
0.252078
3.4988e-05
0.252206
8.65723e-05
0.252518
0.000205182
0.253292
0.000478965
0.255333
0.00112161
0.261842
0.00273151
0.00717966
0.273954
0.252001
1.81803e-07
0.252004
1.14091e-06
0.252013
3.83621e-06
0.252037
1.03588e-05
0.252098
2.53655e-05
0.252245
5.90759e-05
0.252589
0.000134567
0.253431
0.000302586
0.255305
0.000687217
0.00160881
0.261733
0.252001
4.77638e-08
0.252002
2.99869e-07
0.252005
1.00596e-06
0.252013
2.69845e-06
0.252032
6.52929e-06
0.252078
1.49547e-05
0.25218
3.32513e-05
0.252412
7.22846e-05
0.252927
0.000156953
0.000322136
0.253994
0.252001
1.13022e-08
0.252001
7.08175e-08
0.252002
2.36683e-07
0.252004
6.31877e-07
0.252009
1.51769e-06
0.252021
3.44197e-06
0.252044
7.56669e-06
0.252094
1.62062e-05
0.252179
3.51669e-05
5.98334e-05
0.252603
0.252001
0.252001
0.252001
0.252002
0.252003
0.252007
0.252015
0.252035
0.252077
0.252038
0.337888
0.00911929
0.334549
0.00597871
0.332626
0.00270718
0.331383
0.00058359
0.330397
-0.0011474
0.329289
-0.00261947
0.32765
-0.00387221
0.325362
-0.00506599
0.322358
-0.006255
-0.0071832
0.341354
0.00482699
0.341209
0.00614064
0.339486
0.0044712
0.338002
0.00211667
0.33689
1.99391e-05
0.335258
-0.000936274
0.333111
-0.00169321
0.330466
-0.00241092
0.327405
-0.00324693
-0.00422306
0.348796
6.77298e-05
0.351033
0.00387892
0.35007
0.00537101
0.346731
0.00543002
0.342124
0.00452147
0.337882
0.00319637
0.334163
0.00189563
0.330914
0.000596914
0.328454
-0.00107512
-0.00300052
0.338916
-0.0129597
0.350784
-0.00794909
0.359157
-0.00292125
0.36329
0.00143474
0.362404
0.00543952
0.357475
0.0079665
0.351437
0.00737642
0.345231
0.00526494
0.339919
0.00252849
-0.000824346
0.314881
-0.0150155
0.32227
-0.0146153
0.3346
-0.0146616
0.349732
-0.0156653
0.362974
-0.0104075
0.374455
-0.00397104
0.384393
-0.00268798
0.390777
-0.00168441
0.394957
-0.00575001
-0.0115019
0.27899
-0.0153341
0.280497
-0.014093
0.282605
-0.0155384
0.261955
-0.012826
0.28225
-0.013772
0.27145
-0.0196254
0.29
-0.0182035
0.25887
-0.0166899
0.25977
-0.00867578
-0.00796489
0.257323
-0.0120788
0.254712
-0.0122484
0.247546
-0.0121378
0.240325
-0.0113192
0.247045
-0.00916534
0.239284
-0.00838711
0.183737
-0.00640563
0.19371
-0.0125846
0.193152
-0.00415067
0.00124513
0.250596
-0.00831387
0.246909
-0.00833843
0.240772
-0.00839276
0.254462
-0.00838205
0.214717
-0.00928172
0.112816
-0.00779765
0.196342
-0.00971752
0.22577
-0.00506549
0.141845
-0.00129263
0.00217862
0.248368
-0.00417904
0.244606
-0.00418444
0.239016
-0.00416333
0.235052
-0.00416116
0.229972
-0.00409129
0.229077
-0.00407633
0.219831
-0.00358545
0.220198
-0.00390904
0.216887
-0.00329942
-0.00116041
0.247872
0.243868
0.23944
0.235394
0.232928
0.227557
0.210125
0.202439
0.209258
)
;

boundaryField
{
    inlet
    {
        type            calculated;
        value           nonuniform List<scalar> 
20
(
-0.168
-0.167999
-0.167998
-0.167997
-0.167996
-0.167995
-0.167994
-0.167994
-0.167994
-0.167994
-0.251993
-0.251996
-0.251997
-0.251999
-0.252
-0.252001
-0.252001
-0.252001
-0.252001
-0.252001
)
;
    }
    outlet
    {
        type            calculated;
        value           nonuniform List<scalar> 
30
(
0.0018348
0.00325489
0.00435104
0.00540347
0.0067694
0.00916371
0.0121906
0.0163435
0.021383
0.0279183
0.0356715
0.0430126
0.0494515
0.0585473
0.0672315
0.0777857
0.0893964
0.102675
0.114931
0.123558
0.270095
0.290822
0.308145
0.320231
0.344625
0.380686
0.370242
0.33046
0.284842
0.264237
)
;
    }
    top
    {
        type            symmetryPlane;
        value           uniform 0;
    }
    bottom
    {
        type            symmetryPlane;
        value           uniform 0;
    }
    empty
    {
        type            empty;
        value           nonuniform 0();
    }
    wall
    {
        type            calculated;
        value           uniform 0;
    }
}


// ************************************************************************* //
