/*--------------------------------*- C++ -*----------------------------------*\
| =========                 |                                                 |
| \\      /  F ield         | OpenFOAM: The Open Source CFD Toolbox           |
|  \\    /   O peration     | Version:  v1912                                 |
|   \\  /    A nd           | Website:  www.openfoam.com                      |
|    \\/     M anipulation  |                                                 |
\*---------------------------------------------------------------------------*/
FoamFile
{
    version     2.0;
    format      ascii;
    class       volScalarField;
    location    "0.38";
    object      rho;
}
// * * * * * * * * * * * * * * * * * * * * * * * * * * * * * * * * * * * * * //

dimensions      [1 -3 0 0 0 0 0];


internalField   nonuniform List<scalar> 
4800
(
8.99351
1.18517
0.793357
0.787189
0.777101
0.766606
0.756627
0.746251
0.73384
0.718903
0.702168
0.685024
0.66872
0.653483
0.638609
0.623157
0.60662
0.589458
0.572401
0.556613
0.543057
0.532932
0.526305
0.522889
0.521787
0.521842
0.522233
0.523168
0.52375
0.523938
0.523952
0.523909
0.523824
0.523667
0.52361
0.523455
0.522899
0.521739
0.520355
0.518945
8.99243
1.18546
0.793272
0.787443
0.77755
0.767158
0.756703
0.745693
0.732939
0.718103
0.701877
0.685376
0.669395
0.654076
0.638887
0.623087
0.606365
0.589116
0.572276
0.556639
0.543461
0.53363
0.52695
0.523218
0.521775
0.52162
0.521958
0.522771
0.523623
0.524032
0.524297
0.524327
0.524235
0.524036
0.523763
0.523433
0.522864
0.521849
0.520834
0.519837
8.99067
1.18597
0.793311
0.788296
0.778557
0.768187
0.756791
0.744695
0.731434
0.716935
0.701582
0.68596
0.670336
0.654755
0.63902
0.622817
0.606019
0.588891
0.572253
0.557065
0.544309
0.53447
0.527547
0.523354
0.521352
0.521009
0.521386
0.522345
0.523441
0.524244
0.524886
0.525026
0.524883
0.524533
0.523923
0.52323
0.522464
0.521481
0.520565
0.519834
8.98774
1.18751
0.793213
0.789343
0.780053
0.769201
0.756639
0.743294
0.729496
0.715369
0.701038
0.686473
0.671416
0.655685
0.639374
0.622683
0.605705
0.588749
0.572499
0.55775
0.545179
0.535165
0.527913
0.523367
0.521084
0.520362
0.520674
0.52176
0.523132
0.524338
0.525274
0.525699
0.525614
0.525049
0.524133
0.523078
0.522116
0.521216
0.520713
0.520274
8.98299
1.19062
0.793216
0.790399
0.781452
0.769993
0.756318
0.741773
0.727399
0.713648
0.700306
0.686695
0.672199
0.656598
0.640003
0.622895
0.605736
0.588946
0.573007
0.558441
0.54576
0.535491
0.527927
0.523205
0.520549
0.519689
0.519898
0.520959
0.522572
0.524195
0.525419
0.526095
0.526099
0.525392
0.524222
0.522924
0.521915
0.52119
0.520997
0.520744
8.97789
1.19579
0.793348
0.791007
0.782116
0.77019
0.755685
0.740304
0.725446
0.711931
0.699294
0.686446
0.672526
0.657271
0.640816
0.623638
0.606385
0.589595
0.573612
0.55883
0.545881
0.535402
0.52782
0.522889
0.520134
0.519264
0.51935
0.520161
0.521805
0.52378
0.525306
0.526133
0.526194
0.525492
0.524237
0.522908
0.522003
0.521557
0.52154
0.521397
8.97298
1.20279
0.793675
0.791101
0.781797
0.769649
0.754774
0.739074
0.723986
0.710445
0.698123
0.685797
0.672471
0.657724
0.641694
0.624835
0.607716
0.590773
0.574314
0.558947
0.545584
0.534986
0.52741
0.52252
0.519827
0.518903
0.518925
0.519591
0.520868
0.522927
0.524674
0.525681
0.525834
0.525265
0.524182
0.523071
0.522393
0.522175
0.522256
0.522191
8.96922
1.21133
0.794316
0.790648
0.78055
0.768236
0.753526
0.738131
0.723273
0.709677
0.697061
0.684742
0.671823
0.657756
0.642471
0.626289
0.609426
0.592132
0.574969
0.558894
0.545091
0.534237
0.526654
0.521959
0.519539
0.518613
0.51858
0.518998
0.519839
0.52159
0.523451
0.52465
0.524996
0.524695
0.52404
0.523467
0.522967
0.522857
0.523039
0.523105
8.96708
1.22079
0.795035
0.789595
0.778508
0.766167
0.752043
0.737514
0.723215
0.709527
0.696319
0.68356
0.670796
0.657368
0.643082
0.627721
0.611151
0.593539
0.575677
0.558879
0.544577
0.533466
0.525817
0.521412
0.519285
0.5184
0.518273
0.518362
0.518767
0.520004
0.521687
0.523084
0.523814
0.524013
0.523951
0.523807
0.523562
0.523549
0.523808
0.524045
8.96561
1.23005
0.79565
0.788349
0.776217
0.763854
0.750496
0.737066
0.723452
0.709668
0.695988
0.68261
0.669683
0.656849
0.643429
0.628823
0.61251
0.594721
0.576449
0.559147
0.544389
0.532981
0.525233
0.520897
0.518944
0.518223
0.517971
0.517676
0.517651
0.518191
0.519635
0.521236
0.522516
0.523329
0.523933
0.524053
0.524083
0.524195
0.524521
0.524859
8.96539
1.23806
0.796265
0.787271
0.774214
0.761724
0.74907
0.736618
0.72371
0.710018
0.695961
0.682083
0.668767
0.656126
0.643308
0.629228
0.613273
0.595654
0.577252
0.559673
0.544588
0.532943
0.525065
0.520578
0.518534
0.517847
0.517515
0.516827
0.516448
0.516492
0.517627
0.519423
0.521273
0.522659
0.523815
0.524216
0.524502
0.524734
0.525158
0.52549
8.966
1.2442
0.796923
0.78675
0.772973
0.760094
0.747897
0.736137
0.723805
0.710351
0.696221
0.681942
0.668232
0.655306
0.642591
0.628777
0.613243
0.595996
0.577907
0.5604
0.545196
0.533374
0.525256
0.52045
0.518152
0.517302
0.516673
0.515842
0.515238
0.515119
0.516099
0.517973
0.520263
0.52212
0.523641
0.524324
0.524804
0.525156
0.525666
0.52596
8.96717
1.24801
0.797583
0.786879
0.772541
0.759345
0.747314
0.735801
0.72371
0.710462
0.696425
0.682012
0.667971
0.654561
0.641397
0.627647
0.612485
0.595764
0.578175
0.561088
0.546067
0.53414
0.525711
0.520429
0.517641
0.516387
0.515538
0.514729
0.514208
0.514232
0.515267
0.517146
0.519544
0.521703
0.523481
0.524508
0.525159
0.525542
0.526009
0.526275
8.96809
1.2497
0.798234
0.787483
0.773008
0.759697
0.747463
0.735741
0.723451
0.710285
0.696401
0.682125
0.667901
0.653951
0.64011
0.626014
0.611104
0.594974
0.578075
0.561612
0.546959
0.535035
0.526262
0.520447
0.517051
0.515241
0.514195
0.513637
0.513497
0.513906
0.515127
0.516955
0.519197
0.521453
0.523331
0.52461
0.525402
0.525792
0.526175
0.52647
8.96878
1.24954
0.798842
0.788607
0.774357
0.761019
0.748185
0.735776
0.723063
0.709818
0.696069
0.682032
0.667796
0.653408
0.638932
0.624358
0.60947
0.594013
0.577961
0.562126
0.547782
0.535835
0.526723
0.520392
0.516421
0.514158
0.512956
0.512737
0.51318
0.514075
0.515436
0.517071
0.51904
0.521258
0.523197
0.524614
0.525457
0.52581
0.526061
0.526418
8.96921
1.2477
0.799398
0.790194
0.77645
0.763069
0.749377
0.735895
0.722465
0.708984
0.695393
0.681639
0.667542
0.653
0.638096
0.623087
0.608032
0.592937
0.577638
0.562431
0.548322
0.536287
0.526863
0.520126
0.51578
0.513295
0.512155
0.512345
0.51331
0.514584
0.515903
0.517269
0.518971
0.521053
0.523049
0.524533
0.525528
0.525821
0.525922
0.526212
8.96935
1.24468
0.799897
0.792049
0.778891
0.765373
0.750798
0.736158
0.721911
0.708141
0.694604
0.681086
0.667231
0.652743
0.637735
0.622471
0.607198
0.592046
0.577074
0.562316
0.548394
0.536273
0.526634
0.519639
0.515159
0.512741
0.511914
0.512536
0.513917
0.515313
0.516476
0.517536
0.518983
0.520878
0.522859
0.524439
0.525382
0.525924
0.525966
0.526074
8.96953
1.24162
0.800359
0.793859
0.781267
0.767473
0.752153
0.736521
0.721526
0.707381
0.693867
0.680514
0.666796
0.652504
0.63766
0.622431
0.607022
0.591622
0.576405
0.561673
0.547838
0.535693
0.526028
0.519011
0.514674
0.512545
0.512164
0.513204
0.51479
0.516163
0.517075
0.517906
0.519119
0.52077
0.522539
0.524207
0.525374
0.526008
0.526115
0.526009
8.97063
1.23893
0.800749
0.795124
0.782943
0.768921
0.753128
0.736914
0.721398
0.707055
0.693538
0.680167
0.666522
0.652448
0.637888
0.622826
0.607343
0.591595
0.575846
0.560618
0.546635
0.534542
0.525116
0.518374
0.514442
0.512663
0.512715
0.514034
0.515619
0.516882
0.517672
0.518431
0.519449
0.520811
0.522352
0.524177
0.525523
0.526159
0.526198
0.525925
8.97306
1.23668
0.80102
0.795614
0.783575
0.769545
0.753629
0.737261
0.721537
0.707159
0.693571
0.68013
0.66654
0.652689
0.638441
0.62357
0.607958
0.591692
0.57524
0.559404
0.545093
0.533116
0.52408
0.517857
0.51436
0.513057
0.51344
0.514707
0.516199
0.517362
0.518216
0.519001
0.519889
0.521048
0.522483
0.524323
0.525706
0.526214
0.526108
0.52582
8.97678
1.23477
0.801121
0.795412
0.783264
0.769423
0.753663
0.7375
0.722054
0.707604
0.693876
0.680389
0.666887
0.653245
0.639226
0.624443
0.608595
0.591746
0.574555
0.558116
0.543564
0.531705
0.52305
0.517461
0.514331
0.513556
0.514013
0.51504
0.516398
0.517564
0.51859
0.519465
0.520553
0.521792
0.523248
0.524893
0.526016
0.526319
0.526028
0.525814
8.9811
1.23272
0.801152
0.794852
0.782488
0.768898
0.753538
0.737923
0.72279
0.708398
0.69457
0.681024
0.667571
0.654048
0.6401
0.625228
0.609047
0.591671
0.57387
0.556916
0.542127
0.530439
0.522144
0.517162
0.514398
0.513947
0.514342
0.51505
0.516213
0.517487
0.518784
0.520043
0.521497
0.522841
0.524062
0.525312
0.52622
0.52646
0.526197
0.525966
8.98519
1.2299
0.801168
0.794266
0.781699
0.768337
0.753496
0.738428
0.723673
0.709408
0.695559
0.681962
0.668477
0.654908
0.640845
0.625728
0.6092
0.591445
0.573256
0.555975
0.541027
0.529453
0.521452
0.516865
0.514482
0.514155
0.514387
0.514868
0.515801
0.517243
0.518942
0.520656
0.522362
0.523572
0.524347
0.525112
0.52592
0.526471
0.526605
0.526475
8.98852
1.22574
0.801144
0.793937
0.7814
0.768116
0.753631
0.739048
0.724621
0.710493
0.696662
0.682992
0.66941
0.655646
0.64124
0.625837
0.609074
0.591104
0.572768
0.555391
0.540416
0.528868
0.520973
0.516568
0.514463
0.514215
0.514312
0.514593
0.515346
0.516919
0.519003
0.521019
0.522726
0.523726
0.524252
0.524551
0.525215
0.52621
0.52704
0.527334
8.99122
1.22004
0.801113
0.794016
0.781645
0.768271
0.754084
0.739838
0.725606
0.71153
0.697611
0.683829
0.670047
0.655964
0.641295
0.625607
0.608668
0.590686
0.572435
0.555173
0.540232
0.52865
0.520779
0.516358
0.514319
0.51404
0.514128
0.514381
0.515056
0.516645
0.518877
0.520974
0.52259
0.523446
0.523754
0.523927
0.524373
0.525707
0.527316
0.528212
8.99341
1.21322
0.801126
0.794475
0.782549
0.768947
0.754919
0.740829
0.726625
0.712444
0.698349
0.684384
0.670395
0.656061
0.641039
0.62507
0.608077
0.59023
0.572237
0.555206
0.540384
0.528779
0.520774
0.516189
0.514094
0.513777
0.514008
0.514345
0.515047
0.516496
0.518552
0.520528
0.522025
0.522803
0.523011
0.523161
0.523724
0.525133
0.52739
0.528917
8.995
1.2058
0.801267
0.795195
0.783988
0.770364
0.75609
0.741889
0.727547
0.713194
0.698933
0.684793
0.670576
0.655902
0.640499
0.624323
0.607356
0.589801
0.572193
0.55548
0.54081
0.529101
0.520842
0.516081
0.513926
0.513579
0.514011
0.514531
0.515256
0.516482
0.518108
0.519736
0.521026
0.521731
0.521978
0.522299
0.52318
0.52474
0.527433
0.529391
8.99581
1.19875
0.801573
0.796092
0.78563
0.772185
0.757554
0.742918
0.728272
0.713768
0.699389
0.685127
0.670608
0.655535
0.639768
0.623346
0.606478
0.589311
0.572218
0.555924
0.541379
0.529532
0.521057
0.516108
0.513982
0.513594
0.514197
0.514967
0.515685
0.516582
0.517633
0.5188
0.519719
0.520476
0.520997
0.521643
0.522835
0.524725
0.527427
0.529539
8.99601
1.19328
0.801937
0.797215
0.786983
0.773698
0.759015
0.74386
0.728874
0.714171
0.699784
0.685311
0.670472
0.655016
0.638926
0.622321
0.605555
0.5888
0.572258
0.556377
0.541998
0.5301
0.521496
0.516392
0.514262
0.513893
0.514609
0.51556
0.516227
0.516712
0.5172
0.517801
0.518542
0.51941
0.520319
0.521361
0.522837
0.524843
0.527151
0.529276
8.99554
1.19035
0.802299
0.79807
0.787897
0.774672
0.759886
0.74452
0.729477
0.714719
0.700202
0.685481
0.670207
0.654432
0.638138
0.62144
0.604727
0.588277
0.572196
0.556751
0.542633
0.53085
0.522174
0.51703
0.514821
0.514486
0.515221
0.516203
0.516744
0.51686
0.516804
0.516939
0.517586
0.518595
0.51998
0.521476
0.523174
0.524934
0.526703
0.52857
8.99495
1.18982
0.802643
0.798247
0.787899
0.774692
0.759934
0.744918
0.730119
0.71555
0.700818
0.685653
0.670015
0.65391
0.637464
0.620725
0.604042
0.587778
0.572025
0.556987
0.543233
0.531707
0.52307
0.517948
0.515648
0.515315
0.515998
0.516881
0.517199
0.516901
0.516437
0.516227
0.516824
0.518137
0.519809
0.521875
0.523575
0.524831
0.526046
0.527641
8.9941
1.19106
0.803048
0.797953
0.787206
0.773946
0.759414
0.745093
0.730969
0.71657
0.701531
0.685892
0.669868
0.653613
0.637087
0.62033
0.603646
0.587366
0.571762
0.557063
0.543728
0.532538
0.524136
0.519042
0.516674
0.516253
0.51678
0.51742
0.517456
0.516897
0.516194
0.515862
0.516451
0.518093
0.520111
0.522294
0.523875
0.524597
0.525322
0.5266
8.99269
1.1938
0.803489
0.797354
0.786095
0.772824
0.758696
0.74537
0.731811
0.71747
0.702122
0.686109
0.669919
0.653553
0.636958
0.620209
0.603483
0.587138
0.571546
0.557033
0.544086
0.533309
0.525262
0.520226
0.517749
0.517129
0.517419
0.517812
0.517592
0.516871
0.516087
0.515781
0.516381
0.51824
0.520433
0.522497
0.523952
0.524258
0.524646
0.525693
8.99083
1.19748
0.803903
0.796665
0.784932
0.771584
0.758348
0.74556
0.732348
0.717962
0.702463
0.686375
0.670046
0.653624
0.637059
0.620379
0.603619
0.587123
0.571416
0.556988
0.544342
0.533981
0.526299
0.521336
0.518675
0.517735
0.517697
0.517806
0.517458
0.516716
0.516116
0.515965
0.516696
0.518572
0.520616
0.522456
0.523704
0.523955
0.524201
0.525126
8.9886
1.20065
0.804268
0.796262
0.784052
0.771297
0.758429
0.745735
0.732414
0.717915
0.702429
0.686436
0.670213
0.653869
0.637424
0.620837
0.604089
0.58746
0.571538
0.557022
0.54449
0.53437
0.526886
0.5219
0.519067
0.517793
0.517429
0.517304
0.516935
0.516459
0.51625
0.516463
0.517374
0.518932
0.520592
0.522149
0.523272
0.523692
0.524119
0.524996
8.98627
1.20257
0.804541
0.796378
0.783857
0.77173
0.758969
0.745968
0.732133
0.717409
0.702044
0.686323
0.670373
0.654265
0.638003
0.62151
0.604801
0.588086
0.571946
0.557184
0.544538
0.534419
0.526949
0.521906
0.518875
0.517301
0.516679
0.516393
0.516145
0.516127
0.516469
0.517088
0.517935
0.519042
0.520279
0.521516
0.522653
0.523518
0.524274
0.525241
8.98369
1.20325
0.804648
0.796941
0.784475
0.772835
0.759908
0.74611
0.731583
0.716578
0.701376
0.686002
0.670481
0.654685
0.638613
0.622229
0.605555
0.588801
0.572511
0.557442
0.544494
0.534182
0.526609
0.521524
0.518392
0.516626
0.515745
0.515313
0.515251
0.515788
0.516696
0.51758
0.518305
0.519003
0.519746
0.520714
0.521959
0.523351
0.52455
0.525757
8.981
1.20317
0.804573
0.797763
0.785882
0.774321
0.760919
0.74623
0.731004
0.715721
0.700586
0.685543
0.670467
0.655029
0.63913
0.622842
0.606195
0.589441
0.573043
0.557691
0.544328
0.533707
0.525985
0.520874
0.51777
0.515933
0.514857
0.514327
0.514491
0.515533
0.516839
0.517915
0.518734
0.519084
0.519302
0.519984
0.521363
0.523108
0.524864
0.526379
8.97851
1.20297
0.804529
0.798669
0.787411
0.775616
0.761641
0.746166
0.730496
0.715045
0.699806
0.68509
0.670405
0.655278
0.639568
0.623299
0.606686
0.589939
0.573431
0.557849
0.544081
0.533196
0.525378
0.520316
0.517218
0.515351
0.514216
0.513706
0.514087
0.515393
0.516911
0.518173
0.518999
0.519096
0.519079
0.519477
0.520827
0.522878
0.525033
0.526958
8.97661
1.20306
0.804417
0.79914
0.788326
0.776376
0.762111
0.746317
0.730367
0.714699
0.699432
0.684756
0.670225
0.655305
0.639677
0.623454
0.606953
0.590278
0.573728
0.557957
0.543961
0.532806
0.524877
0.519759
0.516633
0.514764
0.51364
0.513214
0.513707
0.515217
0.516953
0.518382
0.519181
0.519225
0.519028
0.519311
0.520504
0.522682
0.525137
0.527286
0.519974
0.519872
0.520614
0.521675
0.523148
0.525253
0.528237
0.532008
0.535769
0.538787
0.540449
0.540926
0.540845
0.540959
0.541502
0.543085
0.545117
0.546617
0.547181
0.546778
0.545751
0.544042
0.542012
0.540469
0.539774
0.540396
0.542527
0.546192
0.551304
0.55668
0.560972
0.563389
0.563518
0.562093
0.558855
0.554023
0.549385
0.545809
0.542387
0.540086
0.538403
0.53771
0.538362
0.5403
0.543042
0.546611
0.549457
0.551721
0.553242
0.554061
0.554911
0.555639
0.556138
0.55565
0.553854
0.551119
0.548257
0.546659
0.546569
0.548276
0.550532
0.552187
0.552274
0.550769
0.548791
0.54755
0.547403
0.548317
0.549693
0.550733
0.551291
0.552022
0.553208
0.554599
0.555847
0.556856
0.557622
0.558244
0.558436
0.557876
0.519854
0.520187
0.521294
0.52224
0.523705
0.52589
0.528912
0.53239
0.535772
0.538263
0.539576
0.539914
0.540007
0.540565
0.5417
0.543477
0.545272
0.546411
0.546631
0.546088
0.544828
0.543228
0.541742
0.540679
0.540361
0.541221
0.543655
0.547398
0.552019
0.556879
0.560524
0.562138
0.561814
0.560107
0.556644
0.552288
0.548504
0.545498
0.542431
0.540558
0.539132
0.538796
0.539655
0.541629
0.5444
0.547515
0.549907
0.551748
0.552997
0.553708
0.554585
0.555149
0.55535
0.554732
0.552924
0.550363
0.548074
0.546914
0.547254
0.548864
0.550819
0.551961
0.551952
0.551148
0.549544
0.548761
0.549128
0.549512
0.550174
0.551033
0.551603
0.552388
0.553299
0.554391
0.555327
0.555971
0.55625
0.55659
0.556959
0.556597
0.51993
0.520359
0.521412
0.522617
0.524346
0.526571
0.529285
0.53222
0.534943
0.53695
0.538257
0.539069
0.539923
0.540974
0.542312
0.543702
0.544938
0.54568
0.545652
0.544913
0.543823
0.542818
0.542103
0.541512
0.541527
0.542481
0.54472
0.547896
0.551606
0.55583
0.558892
0.560092
0.559453
0.557621
0.554532
0.551403
0.548724
0.546244
0.544009
0.542412
0.540742
0.5401
0.540756
0.542297
0.544807
0.547535
0.549784
0.55155
0.55278
0.553629
0.55418
0.554421
0.554223
0.553485
0.551996
0.5501
0.548471
0.547752
0.547985
0.548947
0.550287
0.551246
0.552039
0.552144
0.551525
0.551402
0.551257
0.550673
0.550477
0.551178
0.552002
0.552719
0.553263
0.553778
0.554015
0.554118
0.554263
0.554845
0.555543
0.555395
0.520405
0.520839
0.521911
0.523357
0.525216
0.527292
0.52945
0.531531
0.533334
0.534929
0.536492
0.53806
0.539754
0.5414
0.542637
0.543489
0.544223
0.544509
0.544176
0.543565
0.543071
0.542806
0.542747
0.54275
0.542929
0.543925
0.545735
0.548076
0.550746
0.553777
0.556301
0.557155
0.556512
0.554805
0.552666
0.550784
0.549128
0.547545
0.54607
0.544522
0.542733
0.541669
0.541944
0.543053
0.54492
0.547253
0.54949
0.551315
0.552545
0.553336
0.55353
0.553388
0.55259
0.551888
0.551108
0.550166
0.549338
0.548871
0.548725
0.548823
0.549389
0.550627
0.552268
0.553918
0.554584
0.55434
0.55317
0.55182
0.551235
0.551643
0.552514
0.553071
0.553092
0.552543
0.551635
0.551205
0.551677
0.552997
0.554045
0.554046
0.520901
0.521396
0.522566
0.524256
0.526058
0.527736
0.529123
0.530264
0.531376
0.532855
0.534868
0.537294
0.53975
0.54167
0.542606
0.543044
0.5432
0.542936
0.542612
0.542491
0.542663
0.543023
0.543502
0.543858
0.544329
0.545186
0.54641
0.547838
0.549474
0.551113
0.5531
0.55382
0.553339
0.552344
0.551445
0.550595
0.550022
0.549408
0.548409
0.546848
0.545078
0.54364
0.543261
0.54365
0.544815
0.546698
0.548861
0.550868
0.552211
0.552858
0.552853
0.552279
0.551063
0.5505
0.550628
0.550603
0.550607
0.550024
0.549258
0.548533
0.548644
0.550336
0.553158
0.556101
0.557305
0.556832
0.555236
0.55336
0.55228
0.552308
0.552791
0.55295
0.552059
0.550217
0.548733
0.548441
0.549341
0.55093
0.5526
0.552894
0.521606
0.52214
0.523249
0.52486
0.52657
0.527676
0.528236
0.528561
0.529354
0.531024
0.533642
0.53687
0.539787
0.541516
0.542261
0.542354
0.541925
0.541479
0.541466
0.541869
0.542626
0.543308
0.544048
0.54476
0.545408
0.546075
0.54676
0.547377
0.548052
0.54889
0.54964
0.550287
0.55055
0.550508
0.550524
0.550881
0.551289
0.551254
0.550474
0.549061
0.547455
0.545954
0.544656
0.544174
0.544501
0.545909
0.548017
0.550212
0.551763
0.552268
0.552061
0.550871
0.549876
0.549541
0.550453
0.551441
0.551798
0.55095
0.549625
0.548355
0.548339
0.550354
0.554068
0.557422
0.558834
0.558449
0.556948
0.55499
0.553566
0.552913
0.552607
0.551863
0.54995
0.547799
0.546611
0.546623
0.547647
0.54954
0.551499
0.552176
0.522456
0.522979
0.523929
0.525214
0.526481
0.526999
0.526901
0.526903
0.527736
0.529771
0.532985
0.536675
0.539545
0.541168
0.541708
0.541379
0.540764
0.540504
0.540878
0.541607
0.542523
0.543503
0.544387
0.545257
0.546062
0.546651
0.546943
0.547012
0.546944
0.546425
0.546246
0.547048
0.548191
0.548971
0.5503
0.551478
0.552357
0.552635
0.552116
0.551232
0.549694
0.548143
0.546163
0.544699
0.544141
0.544949
0.546945
0.549344
0.551092
0.551599
0.551032
0.549785
0.549297
0.549469
0.550856
0.55233
0.552544
0.551543
0.550038
0.54864
0.548798
0.550811
0.55424
0.557497
0.559152
0.559314
0.558353
0.556598
0.554878
0.553231
0.551654
0.549647
0.547549
0.546082
0.545439
0.545675
0.546834
0.548705
0.550942
0.55222
0.52344
0.523897
0.524503
0.525189
0.525725
0.52585
0.525552
0.525729
0.526902
0.529336
0.532759
0.536265
0.539029
0.5405
0.540798
0.540447
0.540041
0.540111
0.540641
0.541526
0.542519
0.543451
0.544306
0.54528
0.546312
0.547076
0.547238
0.546833
0.545739
0.54419
0.543716
0.544501
0.546058
0.548146
0.550336
0.55195
0.553053
0.553437
0.55343
0.552842
0.551747
0.550036
0.54755
0.545214
0.543968
0.544045
0.545769
0.548269
0.550072
0.550503
0.549996
0.549355
0.549402
0.550203
0.551706
0.552736
0.552804
0.55186
0.550648
0.54973
0.55006
0.551416
0.553614
0.556413
0.558471
0.559265
0.559082
0.557881
0.555815
0.552931
0.549765
0.547207
0.54578
0.545014
0.544829
0.545494
0.546845
0.54892
0.551246
0.552899
0.524437
0.524812
0.524955
0.5249
0.524759
0.524657
0.524648
0.525321
0.526926
0.529482
0.532656
0.535671
0.53814
0.539451
0.539785
0.539738
0.539771
0.540011
0.540736
0.541606
0.542371
0.543056
0.543855
0.545068
0.546452
0.547633
0.547644
0.546741
0.54467
0.542813
0.542266
0.54274
0.544583
0.547608
0.550252
0.552046
0.553326
0.553951
0.554437
0.554129
0.553329
0.551508
0.548756
0.545794
0.543909
0.543396
0.544592
0.546868
0.548602
0.549183
0.549296
0.54959
0.550191
0.551428
0.552471
0.552748
0.552698
0.552087
0.551505
0.551434
0.551474
0.5516
0.552518
0.554341
0.556776
0.558421
0.559071
0.558399
0.555978
0.552096
0.548091
0.545565
0.54462
0.544287
0.544638
0.546044
0.548146
0.550243
0.551924
0.553368
0.525319
0.525593
0.525375
0.524651
0.524065
0.523961
0.524435
0.525642
0.527512
0.529927
0.53249
0.534848
0.536883
0.53822
0.538871
0.539221
0.539578
0.540345
0.541112
0.541728
0.542104
0.54255
0.543451
0.544958
0.546616
0.54807
0.548086
0.546787
0.544254
0.542356
0.541639
0.54198
0.543614
0.546794
0.549656
0.55177
0.553368
0.554328
0.555167
0.555066
0.554347
0.552568
0.549786
0.546586
0.544226
0.543227
0.543644
0.545137
0.546542
0.547776
0.549056
0.550362
0.551646
0.552813
0.553143
0.552821
0.552532
0.552386
0.552809
0.553096
0.552578
0.5518
0.551636
0.552412
0.554513
0.557072
0.558228
0.557663
0.555197
0.55103
0.547269
0.54478
0.544042
0.544011
0.545137
0.547597
0.549932
0.551358
0.552433
0.553774
0.526002
0.526208
0.525741
0.52464
0.523855
0.523925
0.524813
0.526395
0.528334
0.530309
0.532075
0.533779
0.535449
0.536931
0.537962
0.538989
0.539944
0.540985
0.541636
0.541829
0.541903
0.542301
0.543431
0.545134
0.547041
0.54822
0.548207
0.546859
0.544471
0.542638
0.541466
0.541708
0.543008
0.545665
0.548516
0.551016
0.553065
0.554461
0.555649
0.555708
0.554964
0.553293
0.550737
0.547747
0.544993
0.543401
0.543007
0.543246
0.544481
0.546694
0.549177
0.551592
0.553181
0.553793
0.553472
0.552726
0.552435
0.552964
0.553841
0.554111
0.553482
0.551952
0.551049
0.55124
0.552395
0.554842
0.556294
0.55595
0.553748
0.550354
0.547414
0.545147
0.544147
0.54464
0.546884
0.54936
0.551062
0.551912
0.55259
0.553777
0.526448
0.526618
0.526095
0.524986
0.524206
0.52447
0.525618
0.527202
0.529031
0.530338
0.531395
0.532537
0.534031
0.535662
0.537427
0.539145
0.540649
0.541658
0.541951
0.541873
0.541877
0.542407
0.543772
0.545585
0.547383
0.548172
0.547974
0.546948
0.545194
0.543322
0.542224
0.542127
0.54266
0.544425
0.547233
0.550154
0.55272
0.554517
0.555864
0.556008
0.555314
0.553879
0.55184
0.549222
0.546089
0.543753
0.542239
0.54167
0.542906
0.545743
0.54942
0.552765
0.554425
0.554571
0.553743
0.55281
0.552672
0.553413
0.554301
0.554504
0.553928
0.552212
0.550873
0.550567
0.551224
0.552215
0.553316
0.553417
0.552234
0.550344
0.548072
0.546497
0.546356
0.547335
0.548933
0.55034
0.551307
0.551722
0.552307
0.553329
0.526732
0.526918
0.526521
0.525715
0.52514
0.525445
0.526487
0.527754
0.529167
0.529817
0.530344
0.531259
0.532719
0.534907
0.537293
0.539608
0.541277
0.541946
0.541983
0.541867
0.542086
0.542999
0.544553
0.546175
0.547431
0.547808
0.547571
0.547043
0.546021
0.544751
0.543719
0.542873
0.542372
0.543317
0.545866
0.549086
0.552175
0.554401
0.555856
0.556224
0.555611
0.554517
0.553111
0.550799
0.547398
0.544237
0.541777
0.540832
0.541999
0.545309
0.549853
0.553216
0.554686
0.554737
0.553754
0.552769
0.552824
0.553409
0.554007
0.554306
0.553921
0.552734
0.551358
0.550526
0.550157
0.549713
0.549794
0.550438
0.550572
0.550162
0.549533
0.549591
0.550167
0.550223
0.550133
0.550346
0.550738
0.550988
0.551388
0.552177
0.526895
0.527115
0.526979
0.52659
0.526263
0.526504
0.52721
0.528004
0.528769
0.528953
0.529299
0.530115
0.531858
0.534624
0.537429
0.539994
0.541418
0.541827
0.541818
0.541933
0.542626
0.543997
0.545386
0.54672
0.547178
0.547072
0.54704
0.547036
0.547
0.546491
0.545067
0.543221
0.541993
0.542412
0.544613
0.547979
0.551567
0.554313
0.555727
0.556347
0.556115
0.555385
0.554403
0.552277
0.548733
0.544987
0.542047
0.540882
0.541694
0.544865
0.549624
0.552818
0.554159
0.554176
0.553557
0.552817
0.552793
0.552971
0.553195
0.553641
0.553635
0.553351
0.552354
0.550829
0.549104
0.547488
0.546958
0.547855
0.549485
0.551023
0.55265
0.553806
0.553855
0.5527
0.551162
0.550145
0.549817
0.549847
0.549969
0.550483
0.526879
0.527196
0.52743
0.527447
0.527378
0.527486
0.527683
0.527905
0.52812
0.528076
0.528369
0.529466
0.531592
0.534652
0.537648
0.539933
0.541011
0.541422
0.54166
0.542127
0.543491
0.545061
0.546141
0.546866
0.546625
0.546356
0.546609
0.547295
0.548103
0.547827
0.545903
0.543393
0.542062
0.541997
0.543623
0.547054
0.550966
0.554108
0.555727
0.556595
0.556718
0.556142
0.555307
0.553324
0.549953
0.546117
0.543097
0.54174
0.542382
0.544728
0.548307
0.551422
0.552765
0.553233
0.553196
0.552824
0.55244
0.552188
0.552169
0.552647
0.553334
0.553751
0.553271
0.551281
0.548377
0.546137
0.545451
0.54617
0.548968
0.552757
0.55583
0.556975
0.556353
0.554664
0.552305
0.550326
0.549267
0.548835
0.548661
0.548889
0.526676
0.527196
0.527744
0.528162
0.528303
0.528235
0.527951
0.52768
0.52756
0.527542
0.528082
0.529401
0.531777
0.534885
0.53761
0.539465
0.540431
0.541045
0.541598
0.542599
0.544418
0.545786
0.546455
0.546545
0.545979
0.545812
0.546214
0.547628
0.548733
0.548437
0.546486
0.543953
0.542208
0.541899
0.543241
0.546445
0.550463
0.553877
0.555904
0.556997
0.557314
0.55696
0.555995
0.554036
0.551014
0.547396
0.544675
0.543412
0.543588
0.544608
0.54613
0.548619
0.550591
0.551682
0.55248
0.552381
0.55173
0.551108
0.550974
0.551596
0.552896
0.553669
0.553348
0.551464
0.548322
0.545959
0.545168
0.546151
0.549735
0.5545
0.557498
0.558462
0.557893
0.556117
0.553391
0.550731
0.548984
0.548233
0.547864
0.547909
0.526396
0.527008
0.52783
0.528606
0.528945
0.528718
0.528136
0.527545
0.527294
0.52747
0.528223
0.529823
0.532335
0.53507
0.537279
0.538851
0.539808
0.540666
0.541726
0.54335
0.545079
0.546028
0.546296
0.545941
0.545353
0.545314
0.546081
0.547724
0.54871
0.548209
0.54687
0.544582
0.542767
0.542369
0.543524
0.546274
0.550108
0.553703
0.556125
0.557548
0.558051
0.55762
0.556417
0.55453
0.551947
0.549063
0.546687
0.545569
0.544787
0.544303
0.544098
0.544937
0.547553
0.549807
0.551182
0.551519
0.550859
0.550066
0.549989
0.550755
0.552116
0.552983
0.552664
0.551309
0.549014
0.546939
0.546579
0.54834
0.551437
0.554782
0.557439
0.558518
0.55838
0.55682
0.554167
0.551327
0.54919
0.548166
0.547632
0.547588
0.526098
0.526671
0.527721
0.528745
0.529272
0.529007
0.528326
0.52766
0.527407
0.527728
0.528934
0.530814
0.533063
0.53508
0.536855
0.53817
0.539242
0.540558
0.542093
0.54403
0.545302
0.545747
0.545604
0.545163
0.544819
0.544932
0.545937
0.547255
0.548073
0.547737
0.547262
0.545498
0.543937
0.543473
0.544362
0.546538
0.549935
0.553532
0.556269
0.558042
0.558638
0.558075
0.556665
0.554794
0.552937
0.551275
0.549526
0.547842
0.545942
0.543948
0.542633
0.542338
0.54423
0.547414
0.549355
0.550322
0.550001
0.549473
0.549436
0.550169
0.550929
0.551364
0.551282
0.550773
0.5499
0.549103
0.549686
0.551006
0.552507
0.554248
0.556289
0.557614
0.557818
0.556727
0.554486
0.551824
0.549482
0.548294
0.547704
0.547654
0.52583
0.526328
0.527462
0.528654
0.529325
0.529238
0.528675
0.52819
0.528104
0.528805
0.530214
0.531912
0.533591
0.535042
0.536314
0.537529
0.538952
0.540745
0.542825
0.544324
0.544939
0.544879
0.544487
0.544147
0.544134
0.544615
0.545436
0.546361
0.547051
0.547442
0.547495
0.546675
0.545668
0.54525
0.545623
0.547105
0.54968
0.553122
0.556174
0.558281
0.558922
0.558258
0.556672
0.554953
0.554159
0.553713
0.552485
0.549982
0.547255
0.543651
0.541652
0.541027
0.541699
0.544625
0.547363
0.548812
0.549352
0.549329
0.549338
0.549628
0.54949
0.549246
0.549635
0.550051
0.551055
0.552355
0.552988
0.553
0.553102
0.553808
0.554692
0.555775
0.556362
0.556013
0.554517
0.552211
0.549932
0.548563
0.548001
0.547997
0.525658
0.5261
0.527166
0.528406
0.529256
0.529487
0.529254
0.529155
0.529458
0.5303
0.531493
0.53279
0.534002
0.534881
0.53582
0.537147
0.538969
0.541282
0.543295
0.544165
0.544067
0.543468
0.542973
0.542817
0.543369
0.544131
0.544737
0.545299
0.545947
0.546968
0.547799
0.548159
0.547892
0.547407
0.547222
0.547853
0.54942
0.552388
0.555757
0.557951
0.558707
0.558029
0.556449
0.555257
0.555249
0.555319
0.554477
0.552087
0.548722
0.5446
0.541696
0.540556
0.540717
0.542227
0.545239
0.547251
0.54885
0.54929
0.549272
0.54872
0.547707
0.547421
0.548116
0.549892
0.552742
0.554982
0.555209
0.554314
0.553527
0.553498
0.553722
0.554041
0.554586
0.554981
0.554247
0.552434
0.550383
0.549019
0.548495
0.548549
0.525635
0.526024
0.526959
0.528117
0.529129
0.529718
0.529934
0.530226
0.530806
0.531616
0.532453
0.533408
0.534124
0.534611
0.535476
0.537029
0.539305
0.541805
0.543278
0.543531
0.542761
0.541679
0.541126
0.541444
0.542422
0.543375
0.543927
0.544346
0.545224
0.546514
0.548171
0.549732
0.550245
0.54969
0.548871
0.548522
0.549261
0.551369
0.554705
0.556992
0.55793
0.557467
0.556311
0.555674
0.555757
0.555795
0.555139
0.553273
0.550061
0.546629
0.543188
0.541294
0.540715
0.540888
0.543212
0.54591
0.548171
0.549188
0.549143
0.547654
0.546353
0.546403
0.547154
0.550114
0.55382
0.55605
0.556258
0.555106
0.553801
0.553073
0.552831
0.552991
0.553195
0.553704
0.553671
0.55253
0.550717
0.549302
0.548742
0.54881
0.525838
0.526139
0.526858
0.527792
0.52885
0.529809
0.530546
0.531251
0.531928
0.53251
0.533027
0.533573
0.533873
0.534225
0.535293
0.53727
0.539794
0.541909
0.542822
0.542387
0.541043
0.539737
0.539317
0.53998
0.541327
0.542436
0.543167
0.54379
0.544702
0.546363
0.548708
0.551084
0.552179
0.551785
0.55031
0.549241
0.549166
0.550256
0.552966
0.55545
0.556591
0.556855
0.556472
0.556157
0.555916
0.555643
0.554962
0.553688
0.551525
0.548562
0.54594
0.543273
0.541504
0.540773
0.541793
0.544658
0.547329
0.54872
0.54843
0.546994
0.545788
0.545988
0.547484
0.550618
0.553689
0.555351
0.555818
0.555199
0.55384
0.552864
0.552556
0.552655
0.552897
0.55321
0.553253
0.552412
0.550664
0.549036
0.54833
0.548379
0.526428
0.526492
0.526824
0.527442
0.528459
0.529707
0.530962
0.532083
0.532699
0.532951
0.53307
0.533231
0.533279
0.533867
0.535367
0.537642
0.540048
0.541558
0.541872
0.540921
0.539281
0.537884
0.537665
0.53854
0.540151
0.54142
0.542552
0.543292
0.544512
0.54664
0.549346
0.552034
0.553496
0.553436
0.551735
0.549911
0.549175
0.549425
0.550835
0.553297
0.555127
0.556233
0.556781
0.556775
0.556276
0.55524
0.554337
0.553643
0.552814
0.551357
0.549023
0.546302
0.543328
0.541549
0.541491
0.543365
0.546044
0.547564
0.547474
0.546999
0.546333
0.546785
0.54864
0.550741
0.552476
0.553825
0.554331
0.553937
0.553249
0.552907
0.552953
0.553136
0.553392
0.553574
0.553453
0.55248
0.550434
0.548394
0.547373
0.547356
0.52731
0.527082
0.526917
0.52715
0.527988
0.52941
0.531145
0.532474
0.533016
0.532928
0.532663
0.532456
0.532626
0.533625
0.53564
0.538042
0.539922
0.540757
0.540521
0.539296
0.537519
0.536376
0.536296
0.537359
0.539045
0.540545
0.541997
0.543138
0.544709
0.547148
0.549951
0.552546
0.554083
0.554315
0.55302
0.550712
0.549238
0.54866
0.548942
0.550857
0.553567
0.555754
0.55715
0.557391
0.556578
0.554969
0.553739
0.553495
0.553954
0.553922
0.552382
0.549567
0.546098
0.543199
0.542016
0.542392
0.544142
0.545727
0.546747
0.547527
0.547844
0.548696
0.549852
0.550539
0.550908
0.551683
0.55216
0.552451
0.552653
0.553168
0.553886
0.554233
0.554417
0.55441
0.553934
0.552662
0.550296
0.547755
0.54613
0.545919
0.528321
0.527879
0.527218
0.52705
0.52762
0.529053
0.530987
0.532354
0.532791
0.532482
0.531848
0.531497
0.532035
0.533635
0.53596
0.538169
0.539429
0.539611
0.538996
0.537668
0.536098
0.535314
0.5355
0.536619
0.538157
0.539875
0.541574
0.543242
0.54523
0.547684
0.550331
0.552602
0.554017
0.554354
0.55371
0.551642
0.549342
0.548019
0.547685
0.548719
0.551957
0.555286
0.557194
0.557774
0.556807
0.554842
0.5537
0.553708
0.554942
0.555519
0.55459
0.552146
0.549056
0.545454
0.542955
0.541797
0.541997
0.543682
0.545714
0.547846
0.549967
0.550853
0.550781
0.550111
0.549249
0.549146
0.549813
0.550927
0.552156
0.55362
0.555085
0.55594
0.556015
0.555704
0.55482
0.553082
0.550298
0.547465
0.545594
0.545078
0.5293
0.528754
0.52775
0.527184
0.527425
0.528668
0.530521
0.531792
0.532124
0.531687
0.530942
0.530731
0.531593
0.533733
0.536128
0.537979
0.538598
0.53825
0.537339
0.536166
0.535182
0.534812
0.535211
0.536204
0.537582
0.539338
0.541405
0.543655
0.545985
0.548273
0.550408
0.552163
0.553524
0.554016
0.553772
0.552347
0.549666
0.547518
0.546768
0.547431
0.550327
0.554457
0.556905
0.557708
0.557062
0.555216
0.554179
0.554245
0.555305
0.555877
0.555442
0.553769
0.551087
0.547644
0.544017
0.541309
0.540428
0.541951
0.545108
0.548607
0.551832
0.552715
0.551507
0.549486
0.547853
0.54725
0.547884
0.54935
0.55135
0.553637
0.555911
0.55743
0.557746
0.557107
0.55562
0.553501
0.550317
0.546975
0.544625
0.543815
0.53004
0.529585
0.528517
0.52768
0.527564
0.528433
0.529863
0.530965
0.531249
0.530801
0.530316
0.530371
0.531643
0.533957
0.536102
0.537511
0.537653
0.536939
0.53586
0.535009
0.534569
0.534729
0.53521
0.536068
0.537233
0.539005
0.541429
0.544257
0.546943
0.548862
0.550268
0.551399
0.552662
0.553406
0.553374
0.55258
0.550176
0.547515
0.546359
0.5468
0.548887
0.553141
0.556187
0.557322
0.557296
0.556125
0.555107
0.554802
0.555019
0.555286
0.555129
0.554064
0.552022
0.549065
0.54472
0.54113
0.539745
0.54067
0.544321
0.549313
0.552683
0.553666
0.552218
0.549309
0.547064
0.546208
0.546707
0.548252
0.550982
0.554018
0.556729
0.558424
0.559001
0.558306
0.55632
0.553781
0.550222
0.546668
0.544132
0.543137
0.530401
0.530238
0.529412
0.528523
0.528164
0.528561
0.529357
0.530112
0.530332
0.530159
0.530084
0.530604
0.532199
0.534293
0.535973
0.53688
0.536609
0.535625
0.534609
0.534225
0.534297
0.534772
0.535461
0.536116
0.537101
0.538956
0.541712
0.544956
0.547869
0.549411
0.550151
0.550711
0.551589
0.552572
0.552744
0.55229
0.550585
0.548032
0.546651
0.546764
0.548041
0.551422
0.554932
0.556661
0.557319
0.557247
0.556453
0.555542
0.554592
0.554186
0.553926
0.553293
0.551707
0.549211
0.545142
0.541549
0.539826
0.540284
0.543667
0.549227
0.552663
0.553381
0.552363
0.549582
0.547078
0.546117
0.546377
0.547896
0.550797
0.554163
0.556988
0.558645
0.559416
0.558792
0.55667
0.553956
0.550381
0.546856
0.544251
0.543057
0.530401
0.530653
0.530302
0.529636
0.529136
0.529049
0.529183
0.529408
0.529628
0.529881
0.530292
0.531435
0.532998
0.53452
0.535744
0.536075
0.535481
0.534565
0.533838
0.533747
0.534164
0.534822
0.535711
0.536198
0.537211
0.539199
0.542259
0.545692
0.548502
0.54987
0.550228
0.55032
0.550676
0.55155
0.551901
0.551677
0.550854
0.549013
0.547485
0.54719
0.547988
0.549636
0.553005
0.55589
0.557366
0.558103
0.557691
0.556273
0.554686
0.553358
0.552511
0.551647
0.550252
0.548077
0.545307
0.542441
0.540906
0.541311
0.543708
0.547927
0.551507
0.55256
0.552008
0.550158
0.547872
0.546834
0.547038
0.548489
0.550974
0.553873
0.556514
0.558138
0.558825
0.558104
0.556115
0.553676
0.550533
0.547359
0.544819
0.543548
0.530068
0.530802
0.531072
0.53089
0.530368
0.529806
0.529307
0.529027
0.529219
0.529876
0.531066
0.532562
0.533875
0.534736
0.535226
0.535026
0.534433
0.53364
0.533384
0.533415
0.53394
0.534768
0.535633
0.536358
0.537569
0.539726
0.542904
0.546255
0.548852
0.550156
0.550419
0.550269
0.550205
0.550501
0.550888
0.550992
0.550952
0.550134
0.548826
0.548056
0.54812
0.54866
0.55067
0.554437
0.557292
0.558511
0.558539
0.557024
0.554776
0.552773
0.551234
0.549681
0.547946
0.546424
0.545182
0.543559
0.542731
0.543187
0.54434
0.546156
0.549084
0.550991
0.551179
0.550493
0.549271
0.548427
0.548582
0.549627
0.551237
0.553194
0.555401
0.556831
0.557224
0.556467
0.554879
0.553031
0.550501
0.547818
0.545577
0.544421
0.529269
0.530736
0.531739
0.532029
0.531659
0.530811
0.52973
0.52921
0.529363
0.530317
0.532169
0.533755
0.534599
0.534735
0.534468
0.533852
0.533285
0.533087
0.532958
0.532973
0.53346
0.534414
0.535406
0.536545
0.538137
0.540457
0.543527
0.546589
0.54902
0.550334
0.550738
0.550431
0.549948
0.549625
0.549749
0.550331
0.550958
0.551122
0.550525
0.549321
0.548472
0.548408
0.548962
0.552256
0.556389
0.558341
0.558655
0.557758
0.555327
0.552784
0.550101
0.547526
0.545479
0.544718
0.544585
0.544869
0.545296
0.545459
0.54529
0.54515
0.54598
0.548539
0.550366
0.550861
0.550787
0.550564
0.550546
0.550871
0.551509
0.552535
0.553862
0.554591
0.554687
0.554272
0.553472
0.552313
0.550438
0.548248
0.546303
0.545344
0.528259
0.53045
0.532142
0.532902
0.53293
0.531903
0.530547
0.529952
0.530087
0.531378
0.533377
0.534786
0.535115
0.534521
0.533483
0.532695
0.532437
0.53247
0.532395
0.532346
0.532976
0.533757
0.535098
0.536815
0.538884
0.541325
0.544116
0.546754
0.549095
0.550534
0.550985
0.550575
0.549723
0.548957
0.548735
0.549532
0.550869
0.551915
0.552003
0.550895
0.549264
0.548442
0.548535
0.550103
0.554494
0.557662
0.558371
0.558055
0.556156
0.552957
0.549335
0.545731
0.543724
0.543378
0.544356
0.546493
0.547879
0.547607
0.546232
0.544747
0.544108
0.545572
0.54879
0.551046
0.55215
0.552569
0.552371
0.552006
0.551775
0.551789
0.551792
0.551688
0.55176
0.55183
0.551587
0.551026
0.549848
0.548481
0.547211
0.546714
0.527411
0.529889
0.53216
0.533587
0.533871
0.533019
0.53172
0.531251
0.531449
0.532811
0.534559
0.53547
0.535241
0.534023
0.532458
0.531574
0.531448
0.531579
0.531547
0.531813
0.532336
0.533216
0.534905
0.537234
0.539806
0.542344
0.544789
0.546894
0.549016
0.550506
0.550945
0.55047
0.549446
0.548447
0.548055
0.548784
0.550687
0.552261
0.553008
0.552378
0.550399
0.54892
0.548665
0.549101
0.552157
0.556169
0.557823
0.558085
0.556577
0.553027
0.54863
0.544596
0.542765
0.542792
0.544736
0.548081
0.549828
0.549417
0.547389
0.544951
0.543896
0.544002
0.546691
0.550534
0.552806
0.553756
0.553712
0.552727
0.551565
0.550557
0.549624
0.549258
0.549337
0.549575
0.549986
0.55025
0.550009
0.549363
0.548596
0.548452
0.526865
0.529267
0.531994
0.533964
0.534584
0.534161
0.533254
0.533016
0.533364
0.534487
0.535613
0.535862
0.535001
0.533345
0.531539
0.530523
0.530155
0.530168
0.530337
0.531115
0.531682
0.532797
0.534913
0.537837
0.54091
0.543538
0.545655
0.547133
0.54868
0.549999
0.550425
0.549965
0.549077
0.548101
0.547773
0.548527
0.550536
0.552287
0.553488
0.553448
0.551909
0.549847
0.549137
0.549015
0.550364
0.554048
0.556843
0.557731
0.556378
0.552885
0.548272
0.544213
0.54256
0.543027
0.545802
0.549113
0.550794
0.550598
0.548677
0.545944
0.544517
0.544211
0.545519
0.548981
0.552364
0.553981
0.554194
0.552949
0.551017
0.549195
0.548123
0.547779
0.547857
0.548138
0.548811
0.549611
0.550134
0.549958
0.549377
0.54934
0.526593
0.528894
0.531558
0.534044
0.535225
0.535346
0.535111
0.535095
0.535567
0.536237
0.536542
0.53597
0.53453
0.532631
0.530757
0.529313
0.528528
0.528369
0.528767
0.530001
0.530921
0.532619
0.535283
0.538716
0.542165
0.544862
0.546576
0.547458
0.548202
0.548999
0.549407
0.549141
0.54863
0.547931
0.547812
0.548611
0.550424
0.552184
0.553626
0.554071
0.553615
0.551584
0.549979
0.549469
0.549719
0.551848
0.555188
0.556668
0.555813
0.552799
0.548219
0.544627
0.543252
0.544384
0.547139
0.549496
0.550866
0.551114
0.550044
0.547571
0.545781
0.545109
0.5455
0.547253
0.550663
0.553004
0.553441
0.552146
0.550114
0.54841
0.547428
0.547075
0.547147
0.547673
0.548729
0.549719
0.550042
0.549671
0.54894
0.54887
0.526698
0.528701
0.531171
0.533615
0.535459
0.536528
0.537085
0.537392
0.537741
0.537826
0.537348
0.536023
0.534113
0.532071
0.529935
0.527925
0.526645
0.526406
0.527066
0.528474
0.530074
0.532518
0.535908
0.539814
0.543422
0.545981
0.54727
0.547644
0.547763
0.547925
0.548254
0.548251
0.548225
0.548043
0.548143
0.548897
0.550286
0.551936
0.553414
0.55429
0.554749
0.553851
0.551693
0.550341
0.549929
0.550461
0.552855
0.554689
0.554686
0.552587
0.548783
0.545932
0.545097
0.546324
0.548032
0.549394
0.550279
0.551061
0.551092
0.549699
0.547754
0.546579
0.546
0.546223
0.548108
0.550562
0.551365
0.550646
0.549347
0.548252
0.547467
0.547256
0.547576
0.548708
0.549795
0.550234
0.549815
0.548861
0.547756
0.547536
0.52709
0.528748
0.530703
0.533003
0.53535
0.537363
0.538807
0.53971
0.539885
0.539232
0.537981
0.536122
0.53388
0.531546
0.529002
0.52644
0.524817
0.524497
0.525348
0.526897
0.529265
0.532484
0.536557
0.540835
0.544457
0.546687
0.547587
0.547594
0.547297
0.546999
0.546981
0.547298
0.547808
0.548345
0.548815
0.549495
0.550437
0.551627
0.553105
0.554386
0.555346
0.555629
0.554202
0.552015
0.550619
0.550068
0.550315
0.551817
0.552728
0.55171
0.549358
0.548065
0.547744
0.547957
0.548259
0.548788
0.549543
0.55074
0.551725
0.551688
0.550127
0.548393
0.547132
0.546264
0.546163
0.546934
0.548071
0.548558
0.548667
0.5486
0.5484
0.548541
0.549758
0.55075
0.550925
0.550511
0.549466
0.548098
0.546653
0.546281
0.527628
0.528821
0.530307
0.532382
0.535119
0.537772
0.540282
0.541664
0.541727
0.54057
0.538559
0.536243
0.533788
0.531087
0.52797
0.524988
0.523242
0.523023
0.523662
0.525429
0.528423
0.532477
0.537185
0.541667
0.545174
0.547168
0.547824
0.547558
0.546857
0.546222
0.54603
0.546381
0.547381
0.548614
0.549587
0.550197
0.550703
0.55147
0.552779
0.554339
0.555612
0.556396
0.556314
0.554494
0.551891
0.549889
0.548362
0.548711
0.550183
0.550959
0.550673
0.550971
0.55048
0.549386
0.54847
0.548239
0.548978
0.550454
0.552102
0.552863
0.552387
0.550542
0.548276
0.546308
0.544546
0.543675
0.544228
0.545882
0.547359
0.548469
0.549726
0.551327
0.552413
0.552452
0.551902
0.55091
0.54932
0.547462
0.545651
0.545049
0.528146
0.52892
0.529943
0.531797
0.534667
0.538014
0.541331
0.54301
0.543096
0.541408
0.539109
0.53637
0.533861
0.530729
0.527011
0.523937
0.522246
0.52208
0.522377
0.524273
0.527821
0.532564
0.537691
0.542199
0.545437
0.547289
0.547887
0.547594
0.546598
0.545552
0.545148
0.545547
0.546964
0.548834
0.550214
0.550852
0.551022
0.551451
0.552477
0.554136
0.55587
0.557214
0.557524
0.556527
0.553421
0.549803
0.547075
0.546235
0.547621
0.550016
0.552355
0.553345
0.552175
0.550373
0.5486
0.547821
0.548398
0.550103
0.552202
0.553498
0.553841
0.552554
0.549748
0.546408
0.543147
0.5413
0.541393
0.543301
0.546124
0.549255
0.552393
0.554165
0.554325
0.5538
0.55262
0.550701
0.54866
0.546561
0.544599
0.543915
0.528515
0.5291
0.529796
0.53139
0.534199
0.538037
0.541895
0.543807
0.544036
0.542182
0.539599
0.536344
0.533714
0.530209
0.526156
0.523141
0.521576
0.521302
0.521477
0.523398
0.527246
0.532494
0.537973
0.542523
0.545604
0.547423
0.548044
0.547648
0.546379
0.54512
0.544602
0.54504
0.546664
0.548916
0.550667
0.551468
0.551452
0.55157
0.552329
0.553814
0.556148
0.557744
0.558204
0.557675
0.55487
0.550167
0.546497
0.544797
0.54575
0.549081
0.553265
0.554826
0.553109
0.551479
0.549121
0.547753
0.548147
0.549921
0.552244
0.553893
0.554684
0.553748
0.551011
0.546653
0.542453
0.540055
0.53966
0.540962
0.54477
0.549917
0.554132
0.556123
0.556107
0.554952
0.55302
0.550653
0.548138
0.545922
0.543927
0.543195
)
;

boundaryField
{
    inlet
    {
        type            calculated;
        value           uniform 0.140001;
    }
    outlet
    {
        type            calculated;
        value           nonuniform List<scalar> 
40
(
0.557876
0.556597
0.555395
0.554046
0.552894
0.552176
0.55222
0.552899
0.553368
0.553774
0.553777
0.553329
0.552177
0.550483
0.548889
0.547909
0.547588
0.547654
0.547997
0.548549
0.54881
0.548379
0.547356
0.545919
0.545078
0.543815
0.543137
0.543057
0.543548
0.544421
0.545344
0.546714
0.548452
0.54934
0.54887
0.547536
0.546281
0.545049
0.543915
0.543195
)
;
    }
    bottom
    {
        type            symmetryPlane;
    }
    top
    {
        type            symmetryPlane;
    }
    obstacle
    {
        type            calculated;
        value           nonuniform List<scalar> 
80
(
0.519974
0.519872
0.520614
0.521675
0.523148
0.525253
0.528237
0.532008
0.535769
0.538787
0.540449
0.540926
0.540845
0.540959
0.541502
0.543085
0.545117
0.546617
0.547181
0.546778
0.545751
0.544042
0.542012
0.540469
0.539774
0.540396
0.542527
0.546192
0.551304
0.55668
0.560972
0.563389
0.563518
0.562093
0.558855
0.554023
0.549385
0.545809
0.542387
0.540086
0.538403
0.53771
0.538362
0.5403
0.543042
0.546611
0.549457
0.551721
0.553242
0.554061
0.554911
0.555639
0.556138
0.55565
0.553854
0.551119
0.548257
0.546659
0.546569
0.548276
0.550532
0.552187
0.552274
0.550769
0.548791
0.54755
0.547403
0.548317
0.549693
0.550733
0.551291
0.552022
0.553208
0.554599
0.555847
0.556856
0.557622
0.558244
0.558436
0.557876
)
;
    }
    defaultFaces
    {
        type            empty;
    }
}


// ************************************************************************* //
