/*--------------------------------*- C++ -*----------------------------------*\
| =========                 |                                                 |
| \\      /  F ield         | OpenFOAM: The Open Source CFD Toolbox           |
|  \\    /   O peration     | Version:  v1912                                 |
|   \\  /    A nd           | Website:  www.openfoam.com                      |
|    \\/     M anipulation  |                                                 |
\*---------------------------------------------------------------------------*/
FoamFile
{
    version     2.0;
    format      ascii;
    class       volScalarField;
    location    "0.2";
    object      p;
}
// * * * * * * * * * * * * * * * * * * * * * * * * * * * * * * * * * * * * * //

dimensions      [1 -1 -2 0 0 0 0];


internalField   nonuniform List<scalar> 
4800
(
1
1
1
1
1
1
1
1
1
1
1
2.24793
3.53209
3.6401
3.64092
3.63564
3.62328
3.62967
3.64925
3.67367
3.70474
3.74227
3.76902
3.7815
3.78768
3.7843
3.77351
3.77205
3.78301
3.80198
3.83565
3.88092
3.94343
4.01577
4.08296
4.1363
4.17104
4.19306
4.20424
4.18564
1
1
1
1
1
1
1
1
1
1
1
2.24459
3.53147
3.64167
3.64145
3.63499
3.62223
3.62989
3.65037
3.67571
3.70755
3.74498
3.76968
3.78079
3.78463
3.77977
3.77003
3.77002
3.78325
3.80564
3.84192
3.88906
3.94916
4.01556
4.07786
4.12765
4.16158
4.17958
4.19728
4.19245
1
1
1
1
1
1
1
1
1
1
1
2.23778
3.53125
3.64337
3.64151
3.63395
3.62099
3.62939
3.65059
3.6777
3.71115
3.74925
3.77228
3.78037
3.78087
3.77257
3.76405
3.76719
3.7849
3.81378
3.85315
3.90141
3.95533
4.0119
4.06652
4.11163
4.14508
4.1637
4.18485
4.18456
1
1
1
1
1
1
1
1
1
1
1
2.22806
3.53038
3.64459
3.64111
3.63261
3.6199
3.62877
3.6505
3.67875
3.71397
3.75276
3.77481
3.7808
3.7775
3.76466
3.7557
3.76308
3.78725
3.82434
3.86863
3.91661
3.96296
4.00761
4.05198
4.09105
4.12455
4.14594
4.16763
4.17308
1
1
1
1
1
1
1
1
1
1
1
2.21565
3.5287
3.6441
3.63961
3.63107
3.61933
3.62852
3.65001
3.67851
3.71506
3.75404
3.77559
3.78118
3.77514
3.75857
3.74787
3.75982
3.79124
3.83668
3.8863
3.93195
3.97099
4.00464
4.03696
4.06797
4.1001
4.12609
4.15021
4.16125
1
1
1
1
1
1
1
1
1
1
1
2.20058
3.52617
3.64169
3.63654
3.62876
3.61924
3.62925
3.65027
3.67841
3.71541
3.75311
3.77357
3.77974
3.77305
3.75521
3.74375
3.75895
3.79745
3.84978
3.90286
3.94503
3.97768
4.00232
4.02316
4.04512
4.07359
4.10444
4.13314
4.14995
1
1
1
1
1
1
1
1
1
1
1
2.18215
3.52289
3.63845
3.63219
3.62451
3.61834
3.63087
3.65161
3.67897
3.7158
3.75059
3.76872
3.77547
3.77041
3.75447
3.74488
3.76287
3.80688
3.86291
3.91577
3.95482
3.98223
4.0002
4.01103
4.02363
4.04674
4.08094
4.11528
4.13859
1
1
1
1
1
1
1
1
1
1
1
2.15986
3.5193
3.63477
3.62606
3.61811
3.61674
3.63242
3.65288
3.67961
3.71534
3.74568
3.76105
3.76914
3.76677
3.75572
3.75072
3.77161
3.81847
3.87451
3.92459
3.96063
3.98428
3.9972
3.99998
4.00459
4.02235
4.05713
4.09631
4.12638
1
1
1
1
1
1
1
1
1
1
1
2.13438
3.51467
3.62896
3.61729
3.61183
3.61722
3.63302
3.65299
3.68029
3.71373
3.73946
3.75427
3.76386
3.76524
3.75979
3.75957
3.78436
3.83081
3.8835
3.92897
3.96209
3.98235
3.99208
3.9902
3.98892
4.00227
4.03493
4.07725
4.11422
1
1
1
1
1
1
1
1
1
1
1
2.1062
3.50798
3.62088
3.60906
3.60723
3.61816
3.63275
3.65269
3.68103
3.71088
3.73228
3.7481
3.76002
3.76658
3.76873
3.7743
3.79917
3.84197
3.8894
3.92958
3.95924
3.97776
3.98545
3.98157
3.97725
3.98722
4.01592
4.05958
4.10343
1
1
1
1
1
1
1
1
1
1
1
2.07498
3.49865
3.61241
3.60211
3.60454
3.61698
3.63101
3.65229
3.68038
3.70581
3.72522
3.74299
3.75863
3.77123
3.78098
3.79199
3.81578
3.85197
3.89241
3.92739
3.95447
3.9723
3.97905
3.97538
3.97007
3.97653
4.00094
4.04427
4.09591
1
1
1
1
1
1
1
1
1
1
1
2.04075
3.48738
3.60429
3.59563
3.6012
3.6136
3.62811
3.65059
3.67728
3.69931
3.71929
3.73957
3.75934
3.77884
3.7954
3.80933
3.82901
3.85883
3.89305
3.9236
3.94832
3.96574
3.97349
3.97167
3.96624
3.9698
3.99079
4.03286
4.09417
1
1
1
1
1
1
1
1
1
1
1
2.0042
3.47497
3.5958
3.58978
3.59747
3.60885
3.62416
3.64618
3.67177
3.69376
3.71532
3.73858
3.76324
3.78851
3.80926
3.82516
3.84099
3.86287
3.89044
3.91838
3.94153
3.95848
3.96831
3.96892
3.9641
3.9668
3.98571
4.02698
4.09912
1
1
1
1
1
1
1
1
1
1
1
1.96597
3.46119
3.58665
3.58493
3.59326
3.6031
3.61882
3.63996
3.66546
3.68995
3.71418
3.74099
3.77004
3.79824
3.82077
3.83776
3.85173
3.86748
3.88736
3.91191
3.93429
3.95092
3.9616
3.96415
3.96221
3.9673
3.98587
4.02909
4.1133
1
1
1
1
1
1
1
1
1
1
1
1.92726
3.44587
3.57885
3.57981
3.58707
3.59672
3.61222
3.63269
3.66033
3.68818
3.71638
3.74729
3.77833
3.8068
3.82889
3.84696
3.8608
3.87256
3.88707
3.9055
3.92542
3.9417
3.95255
3.95768
3.96131
3.97026
3.99538
4.0545
4.13975
1
1
1
1
1
1
1
1
1
1
1
1.8887
3.42945
3.57231
3.57344
3.57855
3.58866
3.60569
3.62663
3.65687
3.6887
3.72062
3.75362
3.78582
3.81329
3.83448
3.85461
3.86744
3.87607
3.88608
3.8998
3.9148
3.92878
3.93982
3.94977
3.96067
3.98154
4.02846
4.09065
4.15888
1
1
1
1
1
1
1
1
1
1
1
1.85127
3.40972
3.57116
3.56686
3.56929
3.57928
3.59846
3.62183
3.6561
3.68974
3.72334
3.75983
3.79252
3.8187
3.84128
3.86065
3.87175
3.87649
3.88211
3.89169
3.90256
3.91278
3.92649
3.9432
3.96758
4.01383
4.07056
4.12215
4.16983
1
1
1
1
1
1
1
1
1
1
1
1.81577
3.3866
3.57368
3.56134
3.55947
3.56874
3.59066
3.61821
3.6547
3.68867
3.72697
3.76574
3.799
3.8255
3.84714
3.86431
3.87346
3.87432
3.87462
3.87943
3.88851
3.89699
3.9157
3.94393
3.9919
4.05569
4.10903
4.14485
4.17581
1
1
1
1
1
1
1
1
1
1
1
1.78282
3.36125
3.57114
3.55715
3.55266
3.55971
3.58359
3.61465
3.6515
3.6895
3.73134
3.77161
3.80471
3.83078
3.85075
3.86505
3.87238
3.87074
3.86544
3.86512
3.87281
3.885
3.91281
3.95883
4.02789
4.0945
4.13742
4.16138
4.17895
1
1
1
1
1
1
1
1
1
1
1
1.75247
3.33894
3.55643
3.5501
3.54927
3.55501
3.57874
3.6114
3.64969
3.69233
3.73621
3.77601
3.80776
3.83221
3.85089
3.86353
3.8695
3.8653
3.85533
3.85126
3.86007
3.88285
3.92278
3.99061
4.06672
4.12468
4.15811
4.17327
4.18137
1
1
1
1
1
1
1
1
1
1
1
1.72499
3.31438
3.5346
3.54157
3.54852
3.55243
3.57385
3.60858
3.65072
3.69752
3.74176
3.77851
3.80735
3.82981
3.84811
3.86128
3.86625
3.85857
3.84455
3.84106
3.85617
3.89327
3.95168
4.02972
4.09868
4.14549
4.17192
4.18235
4.18407
1
1
1
1
1
1
1
1
1
1
1
1.70291
3.28404
3.51276
3.53157
3.5458
3.5478
3.56962
3.60829
3.65484
3.70402
3.74664
3.77875
3.80358
3.82442
3.84338
3.85797
3.86241
3.85244
3.83713
3.8387
3.86414
3.91693
3.99088
4.06481
4.12104
4.15788
4.18059
4.18878
4.18659
1
1
1
1
1
1
1
1
1
1
1
1.69025
3.24915
3.48456
3.51548
3.53796
3.54241
3.56838
3.61133
3.66149
3.71091
3.74984
3.77645
3.79812
3.8194
3.8383
3.85308
3.85741
3.8489
3.83684
3.84546
3.88533
3.95301
4.02768
4.08994
4.13346
4.16471
4.18501
4.193
4.19005
1
1
1
1
1
1
1
1
1
1
1
1.68822
3.21368
3.44913
3.49227
3.52671
3.53941
3.57126
3.6181
3.66968
3.71649
3.75103
3.77337
3.79402
3.81566
3.83286
3.84577
3.85125
3.84858
3.84332
3.86523
3.92033
3.99077
4.0563
4.10387
4.14039
4.16857
4.18768
4.19635
4.19473
1
1
1
1
1
1
1
1
1
1
1
1.69804
3.18876
3.40904
3.46364
3.51336
3.54086
3.57872
3.62647
3.6761
3.71877
3.74945
3.77076
3.79244
3.81157
3.82621
3.83656
3.84505
3.85086
3.86001
3.9016
3.95953
4.0226
4.07429
4.11173
4.14333
4.17094
4.1898
4.19952
4.20099
1
1
1
1
1
1
1
1
1
1
1
1.71527
3.17046
3.36843
3.43071
3.49926
3.54433
3.58816
3.63404
3.67826
3.716
3.74658
3.77034
3.79169
3.80763
3.81899
3.82767
3.84129
3.85661
3.89294
3.94606
3.99449
4.04609
4.08478
4.11567
4.1439
4.17244
4.19282
4.20407
4.20758
1
1
1
1
1
1
1
1
1
1
1
1.73559
3.15906
3.3347
3.39809
3.48306
3.54612
3.59586
3.638
3.67619
3.71135
3.7434
3.77053
3.79055
3.80282
3.81147
3.82171
3.84119
3.87719
3.93408
3.98644
4.02099
4.06216
4.09105
4.11794
4.14432
4.17341
4.19549
4.20801
4.21289
1
1
1
1
1
1
1
1
1
1
1
1.7548
3.15201
3.31408
3.37072
3.46104
3.54015
3.59745
3.63764
3.67307
3.70846
3.74081
3.76885
3.78684
3.79665
3.80437
3.82067
3.85106
3.91014
3.97458
4.01783
4.04028
4.07198
4.09503
4.1202
4.14607
4.17491
4.19787
4.21044
4.2156
1
1
1
1
1
1
1
1
1
1
1
1.76893
3.14921
3.3088
3.34869
3.43191
3.52284
3.59121
3.6346
3.67334
3.70729
3.73854
3.76415
3.77949
3.78906
3.80056
3.82549
3.87766
3.94828
4.00797
4.04073
4.05331
4.07754
4.0979
4.12302
4.14894
4.17645
4.19971
4.2116
4.21626
1
1
1
1
1
1
1
1
1
1
1
1.77576
3.15217
3.31186
3.3348
3.40228
3.49526
3.57722
3.63016
3.67275
3.70556
3.73434
3.7568
3.77007
3.78177
3.80167
3.84312
3.91284
3.98411
4.03307
4.05711
4.06227
4.08073
4.10051
4.12601
4.15227
4.17804
4.20009
4.21156
4.21564
1
1
1
1
1
1
1
1
1
1
1
1.77718
3.15669
3.31813
3.33185
3.38026
3.46352
3.55588
3.62145
3.66908
3.70176
3.72766
3.74771
3.76052
3.77889
3.81221
3.8745
3.94963
4.0128
4.05114
4.06912
4.0696
4.08307
4.10302
4.12855
4.15521
4.17954
4.19848
4.20981
4.21401
1
1
1
1
1
1
1
1
1
1
1
1.77492
3.16178
3.3259
3.3357
3.36945
3.43356
3.52577
3.60483
3.66026
3.69455
3.71842
3.7381
3.75381
3.78293
3.83565
3.91119
3.98157
4.03325
4.06418
4.07815
4.07736
4.08604
4.10586
4.13063
4.15704
4.18001
4.19663
4.20679
4.21193
1
1
1
1
1
1
1
1
1
1
1
1.76979
3.16775
3.33642
3.34384
3.36616
3.40823
3.49045
3.57905
3.64549
3.68343
3.70765
3.72905
3.75322
3.7974
3.8695
3.94642
4.00572
4.04646
4.073
4.08508
4.08558
4.08987
4.10862
4.13154
4.15728
4.17924
4.19493
4.20469
4.2102
1
1
1
1
1
1
1
1
1
1
1
1.76287
3.17373
3.34937
3.35531
3.36818
3.39119
3.45485
3.5436
3.62212
3.66792
3.69698
3.72293
3.76038
3.82608
3.90746
3.97553
4.02267
4.05513
4.07897
4.09065
4.09282
4.09441
4.1107
4.13157
4.15607
4.17759
4.1933
4.20316
4.20884
1
1
1
1
1
1
1
1
1
1
1
1.755
3.17865
3.36272
3.36766
3.37304
3.38413
3.42376
3.50211
3.58939
3.64711
3.68657
3.72317
3.78056
3.8635
3.942
3.99675
4.03344
4.06085
4.08336
4.09527
4.09811
4.09804
4.11169
4.13105
4.15443
4.17591
4.19186
4.20189
4.20753
1
1
1
1
1
1
1
1
1
1
1
1.74732
3.18297
3.3752
3.37924
3.37955
3.38124
3.4027
3.46188
3.54779
3.61965
3.67472
3.73183
3.81337
3.90234
3.96928
4.01119
4.04033
4.06539
4.08656
4.09859
4.1014
4.10033
4.11218
4.13071
4.15343
4.17488
4.19068
4.20039
4.20573
1
1
1
1
1
1
1
1
1
1
1
1.74037
3.18611
3.38524
3.38933
3.38678
3.3812
3.3918
3.42914
3.50122
3.58524
3.663
3.75153
3.85197
3.93728
3.98866
4.01911
4.04382
4.06827
4.0885
4.10014
4.1027
4.10118
4.11253
4.13112
4.15368
4.17467
4.18983
4.19868
4.2033
1
1
1
1
1
1
1
1
1
1
1
1.73436
3.18842
3.39321
3.39771
3.39284
3.3827
3.38604
3.4074
3.45919
3.54643
3.6528
3.77521
3.88834
3.96563
4.00373
4.02528
4.04692
4.07029
4.08945
4.10014
4.10205
4.10073
4.11312
4.13212
4.15454
4.17454
4.18867
4.19645
4.20038
1
1
1
1
1
1
1
1
1
1
1
1.72979
3.18945
3.39959
3.40389
3.39749
3.38418
3.38282
3.3937
3.42923
3.50953
3.64321
3.79648
3.91717
3.98405
4.01189
4.02883
4.049
4.07109
4.08936
4.09919
4.10058
4.09957
4.11337
4.13341
4.1561
4.17504
4.18783
4.19432
4.19762
1
1
1
1
1
1
1
1
1
1
1
1.72724
3.1887
3.4036
3.40793
3.40075
3.3852
3.38183
3.38747
3.41633
3.48573
3.63232
3.80493
3.93327
3.99653
4.02079
4.03524
4.05306
4.07239
4.08902
4.09836
4.09941
4.09865
4.11363
4.13419
4.15684
4.17449
4.18648
4.19269
4.1961
4.30208
4.26354
4.26034
4.25798
4.2521
4.24182
4.23222
4.22775
4.23934
4.28179
4.36021
4.44958
4.51976
4.56579
4.59203
4.60484
4.60972
4.61181
4.61555
4.62376
4.63915
4.66224
4.68802
4.71487
4.73561
4.74889
4.75976
4.76707
4.80098
4.91654
5.08493
5.21007
5.27342
5.30171
5.30747
5.28126
5.23647
5.18902
5.15527
5.13802
5.13622
5.14622
5.16198
5.17891
5.19344
5.20466
5.20818
5.20117
5.18665
5.16449
5.14094
5.12906
5.13933
5.17385
5.28828
5.45404
5.5803
5.63894
5.67412
5.68953
5.71472
5.75558
5.79901
5.828
5.85056
5.8675
5.88324
5.90155
5.91604
5.9266
5.93231
5.94561
5.96394
5.99441
6.03616
6.09114
6.14565
6.16928
6.16598
6.14486
4.22453
4.20427
4.22254
4.22959
4.23185
4.22838
4.22549
4.23012
4.25593
4.31157
4.38767
4.47084
4.53153
4.56828
4.58856
4.60116
4.60739
4.61203
4.61816
4.6281
4.64461
4.66809
4.69435
4.71995
4.73827
4.74945
4.76125
4.77423
4.82764
4.96475
5.13335
5.23888
5.28258
5.29811
5.29577
5.2647
5.22356
5.18355
5.15619
5.14465
5.1445
5.15382
5.16595
5.17855
5.18998
5.19916
5.20199
5.19597
5.18106
5.16013
5.14186
5.13621
5.15494
5.21154
5.33567
5.48735
5.59945
5.65018
5.68317
5.69799
5.72459
5.76218
5.80291
5.83203
5.85283
5.86885
5.883
5.89672
5.90902
5.92061
5.92987
5.94475
5.9614
5.98842
6.02882
6.08345
6.14098
6.16991
6.17371
6.15926
4.20587
4.20494
4.21907
4.22423
4.22972
4.23277
4.23808
4.25558
4.29204
4.34341
4.40115
4.46847
4.52452
4.55958
4.5814
4.59708
4.60678
4.61373
4.62127
4.63223
4.64907
4.67178
4.69725
4.72048
4.73654
4.74773
4.76354
4.78819
4.86705
5.01184
5.15835
5.24333
5.27804
5.28591
5.28014
5.25255
5.22037
5.1901
5.16826
5.15717
5.15475
5.15987
5.1679
5.1784
5.18933
5.19597
5.1966
5.18976
5.17602
5.1589
5.14855
5.15095
5.1841
5.26421
5.37424
5.48944
5.5903
5.6451
5.68149
5.70584
5.73787
5.7755
5.81094
5.83675
5.85516
5.86988
5.88249
5.8949
5.90671
5.91973
5.93143
5.94676
5.95822
5.9741
6.00937
6.06849
6.13364
6.1716
6.18756
6.18341
4.18655
4.19002
4.20241
4.21033
4.22293
4.23551
4.25509
4.28848
4.32935
4.3672
4.40311
4.45392
4.50587
4.54526
4.57301
4.59266
4.60534
4.61431
4.62342
4.63578
4.6532
4.67578
4.69939
4.71914
4.73292
4.74583
4.76883
4.81359
4.91552
5.05586
5.18036
5.2499
5.26986
5.27009
5.26183
5.2406
5.21743
5.19683
5.18134
5.17193
5.16666
5.16557
5.16864
5.17533
5.18305
5.18839
5.18886
5.18272
5.17219
5.16174
5.16143
5.17578
5.23301
5.32056
5.4016
5.48287
5.57177
5.6358
5.68124
5.71826
5.75612
5.79349
5.8246
5.8487
5.86607
5.87954
5.88952
5.89747
5.9061
5.91592
5.92615
5.93767
5.94037
5.94858
5.985
6.0519
6.12247
6.17282
6.20339
6.21239
4.17204
4.17501
4.18556
4.19772
4.22114
4.24821
4.28658
4.32826
4.36112
4.38515
4.40313
4.43598
4.4829
4.52818
4.56222
4.5872
4.60381
4.61527
4.62662
4.64102
4.65966
4.68156
4.70209
4.71781
4.73044
4.74694
4.7804
4.8506
4.96392
5.08763
5.19041
5.24868
5.25892
5.25489
5.24504
5.23137
5.2153
5.20371
5.19407
5.18492
5.17614
5.16962
5.16877
5.17213
5.17696
5.18114
5.18232
5.17742
5.17085
5.16852
5.1795
5.21724
5.29295
5.36719
5.41743
5.4701
5.54622
5.62128
5.67959
5.73018
5.77339
5.81262
5.84462
5.87005
5.88905
5.90222
5.90815
5.90774
5.90631
5.90562
5.91215
5.9191
5.91435
5.92083
5.95931
6.0346
6.11874
6.18224
6.22197
6.23593
4.15941
4.15903
4.17168
4.19123
4.22982
4.27607
4.32663
4.3628
4.38096
4.39033
4.39841
4.41678
4.45795
4.50854
4.5507
4.58152
4.60214
4.61674
4.63091
4.64653
4.66512
4.68517
4.7028
4.71604
4.72975
4.75181
4.80388
4.89444
5.00268
5.10332
5.19011
5.24099
5.24766
5.24081
5.23113
5.22595
5.21698
5.21055
5.20286
5.1928
5.18151
5.17185
5.16751
5.16692
5.17029
5.17469
5.17634
5.17436
5.17307
5.18053
5.20859
5.27444
5.34941
5.39788
5.42429
5.45809
5.52392
5.60736
5.6795
5.7417
5.78739
5.82625
5.85876
5.88724
5.91043
5.92409
5.92742
5.91968
5.90543
5.89144
5.89063
5.89388
5.89306
5.90466
5.944
6.01954
6.10841
6.17686
6.2173
6.23047
4.14996
4.15026
4.16773
4.19854
4.25086
4.31112
4.35982
4.38402
4.39
4.39059
4.39272
4.4034
4.4364
4.4881
4.53863
4.57646
4.60133
4.61941
4.63602
4.65106
4.66835
4.68549
4.70088
4.71436
4.7306
4.76613
4.84095
4.93657
5.02681
5.10498
5.17893
5.22541
5.23672
5.23176
5.22406
5.22259
5.2193
5.21537
5.20808
5.19609
5.18281
5.17186
5.16547
5.16326
5.16527
5.16769
5.16955
5.17252
5.18025
5.1984
5.2551
5.33571
5.39256
5.41518
5.42985
5.45178
5.50797
5.59617
5.68168
5.74846
5.79682
5.83349
5.86507
5.896
5.92294
5.93602
5.93772
5.9247
5.90207
5.88427
5.87914
5.8844
5.89228
5.91133
5.95413
6.02382
6.09839
6.1499
6.18187
6.19045
4.14359
4.14967
4.17087
4.21694
4.28109
4.34088
4.37933
4.39342
4.39419
4.39121
4.38922
4.39668
4.42064
4.46832
4.52528
4.57137
4.60103
4.6218
4.63889
4.653
4.6675
4.68174
4.69594
4.71185
4.7368
4.79516
4.88635
4.96968
5.03634
5.09674
5.16061
5.20804
5.22797
5.22849
5.22384
5.22327
5.22097
5.21589
5.2067
5.19379
5.18071
5.17076
5.1646
5.16183
5.1607
5.15965
5.16267
5.17194
5.19043
5.23091
5.31266
5.38724
5.42096
5.4269
5.4321
5.45291
5.50264
5.59056
5.68505
5.75321
5.80199
5.83509
5.86457
5.89529
5.92337
5.93677
5.93949
5.92621
5.9016
5.88209
5.87566
5.8856
5.9085
5.94147
5.98786
6.04139
6.0906
6.11944
6.13354
6.13367
4.1419
4.15759
4.19048
4.24736
4.31074
4.36038
4.38861
4.39783
4.39764
4.3933
4.38952
4.3938
4.41148
4.45086
4.5092
4.56344
4.59936
4.62284
4.63946
4.65201
4.66286
4.67492
4.68924
4.70994
4.75423
4.83746
4.93109
4.99392
5.03758
5.08277
5.1408
5.19137
5.22048
5.229
5.22758
5.22613
5.22211
5.21236
5.20029
5.18789
5.17753
5.17028
5.16535
5.16019
5.15464
5.15142
5.15707
5.17379
5.20702
5.27807
5.36857
5.42279
5.43814
5.43607
5.43866
5.46005
5.50658
5.58996
5.68723
5.75757
5.80213
5.83114
5.85571
5.885
5.91534
5.93066
5.93798
5.92852
5.90504
5.88482
5.8777
5.89217
5.92783
5.97238
6.01989
6.06481
6.1005
6.11664
6.1173
6.10876
4.1453
4.17681
4.22737
4.28025
4.33138
4.36904
4.39223
4.40176
4.4026
4.39846
4.39381
4.39538
4.40775
4.43666
4.48926
4.54897
4.5926
4.61984
4.63637
4.64694
4.6554
4.66604
4.68388
4.7142
4.78468
4.88452
4.96675
5.01216
5.0381
5.07236
5.1224
5.17545
5.21251
5.2294
5.23131
5.22767
5.22042
5.20649
5.19282
5.18196
5.17442
5.1696
5.16463
5.15588
5.14667
5.1437
5.1536
5.18196
5.23774
5.33116
5.41105
5.44422
5.44963
5.44628
5.44904
5.47133
5.51691
5.59202
5.68624
5.75773
5.79767
5.82398
5.84304
5.87016
5.90055
5.91753
5.9278
5.92454
5.9074
5.89101
5.88422
5.89872
5.93933
5.99196
6.04297
6.07878
6.09902
6.1026
6.09863
6.09094
4.15567
4.21154
4.26809
4.307
4.34504
4.37315
4.39372
4.40613
4.40887
4.405
4.39958
4.39945
4.40688
4.42632
4.46614
4.52585
4.57717
4.60968
4.6283
4.63852
4.64766
4.65956
4.68157
4.72995
4.82502
4.92843
4.99159
5.02495
5.04302
5.06598
5.10678
5.15951
5.20272
5.22665
5.23113
5.22536
5.21477
5.19924
5.18502
5.17596
5.17095
5.16721
5.15963
5.14763
5.13776
5.13801
5.15657
5.20107
5.28432
5.37986
5.43709
5.45694
5.45876
5.45666
5.46225
5.48603
5.53053
5.5946
5.67969
5.74942
5.78589
5.81177
5.8288
5.8524
5.87944
5.89659
5.90961
5.91447
5.90712
5.89805
5.8902
5.90064
5.93821
5.99054
6.04029
6.07403
6.09162
6.09627
6.09616
6.09248
4.17392
4.25035
4.30237
4.32628
4.35463
4.37564
4.39449
4.40862
4.41387
4.41169
4.40596
4.40394
4.4073
4.41866
4.44324
4.49488
4.55215
4.59297
4.61799
4.63122
4.64225
4.65782
4.68479
4.75761
4.86943
4.9647
5.01166
5.03409
5.04729
5.06218
5.09434
5.14274
5.19009
5.21895
5.22594
5.21868
5.20589
5.19106
5.17839
5.17177
5.1682
5.16272
5.15085
5.13748
5.13009
5.13688
5.16859
5.23786
5.33777
5.41688
5.4505
5.46301
5.46634
5.46767
5.47726
5.50399
5.54435
5.59515
5.66592
5.72844
5.7635
5.79086
5.80867
5.83333
5.85979
5.87624
5.88938
5.89957
5.90059
5.89896
5.89479
5.89961
5.92353
5.9657
6.01277
6.05053
6.0768
6.09047
6.09474
6.09715
4.19844
4.28258
4.32599
4.33829
4.3612
4.37631
4.39367
4.40922
4.41755
4.41791
4.4122
4.4074
4.40734
4.41197
4.42564
4.46247
4.52164
4.57415
4.60877
4.6272
4.64029
4.65781
4.7
4.79535
4.91084
4.99029
5.02937
5.04149
5.04874
5.05885
5.08243
5.12443
5.17479
5.20678
5.21608
5.20865
5.19538
5.18308
5.17325
5.16925
5.16622
5.15752
5.14317
5.12982
5.12724
5.1446
5.19439
5.28857
5.38605
5.44019
5.45707
5.46435
5.46957
5.4762
5.49243
5.52442
5.55671
5.59039
5.64548
5.69789
5.73172
5.76182
5.78445
5.81486
5.84254
5.85637
5.8668
5.8837
5.89923
5.90638
5.90093
5.89586
5.90221
5.92959
5.97189
6.0146
6.05158
6.07956
6.09278
6.1014
4.22158
4.30227
4.34023
4.34638
4.36491
4.37579
4.3911
4.40704
4.41841
4.4224
4.41841
4.41091
4.40718
4.40678
4.41346
4.43674
4.49115
4.55425
4.59994
4.62429
4.64043
4.66157
4.72647
4.83915
4.94525
5.00874
5.03843
5.0473
5.04894
5.05312
5.06981
5.10527
5.15598
5.19025
5.20328
5.19751
5.18625
5.17711
5.17148
5.1689
5.16377
5.15239
5.1359
5.12656
5.13187
5.16204
5.23855
5.34109
5.41999
5.45113
5.45907
5.46389
5.47114
5.48369
5.508
5.54253
5.5649
5.58069
5.6206
5.66342
5.69809
5.73282
5.76306
5.79958
5.82868
5.8401
5.84679
5.86055
5.88417
5.90049
5.90166
5.89201
5.88774
5.89767
5.92864
5.97545
6.02473
6.06487
6.0856
6.09785
4.2343
4.3079
4.34508
4.35064
4.36299
4.37291
4.387
4.4032
4.41764
4.42584
4.42513
4.41619
4.40824
4.40426
4.40711
4.42335
4.46545
4.5316
4.58753
4.6198
4.64078
4.67454
4.7635
4.88248
4.9693
5.0219
5.04054
5.04739
5.04493
5.04393
5.05614
5.08545
5.1332
5.17174
5.1896
5.18865
5.18232
5.17726
5.17415
5.17011
5.162
5.14591
5.13251
5.12994
5.1449
5.19648
5.293
5.38433
5.43733
5.45482
5.45919
5.46362
5.47359
5.49337
5.5251
5.55535
5.56728
5.56888
5.59285
5.63071
5.66972
5.71194
5.75085
5.79401
5.82763
5.8405
5.8451
5.84964
5.86699
5.88986
5.9023
5.89924
5.89328
5.89475
5.91084
5.94609
5.9969
6.04734
6.07305
6.08599
4.23452
4.30134
4.34033
4.35105
4.35875
4.37022
4.38327
4.3993
4.41617
4.42877
4.43179
4.4237
4.41311
4.40717
4.40776
4.41913
4.44747
4.50508
4.56756
4.61087
4.64241
4.69925
4.80708
4.91937
4.98566
5.02527
5.03986
5.04145
5.03699
5.03359
5.04246
5.06541
5.10972
5.15399
5.1782
5.18426
5.1837
5.18198
5.17909
5.17178
5.15809
5.14081
5.13364
5.13868
5.16962
5.24962
5.34563
5.41259
5.44259
5.45365
5.45947
5.46658
5.48143
5.50926
5.54227
5.56329
5.56554
5.55912
5.56725
5.60343
5.64795
5.70007
5.75014
5.8003
5.83894
5.85346
5.85345
5.8499
5.85713
5.87909
5.90084
5.91192
5.91485
5.91797
5.92871
5.9558
5.99573
6.03487
6.05558
6.06788
4.22681
4.28662
4.33044
4.34966
4.35567
4.36956
4.38126
4.39765
4.41638
4.43149
4.4376
4.43284
4.42295
4.41529
4.41324
4.41957
4.43821
4.47674
4.538
4.59401
4.64641
4.73356
4.85089
4.94542
4.99757
5.02244
5.03229
5.03168
5.02611
5.02209
5.02867
5.04791
5.08971
5.13895
5.16935
5.18308
5.18838
5.18843
5.18395
5.17184
5.15252
5.13978
5.13828
5.15558
5.21515
5.30891
5.38526
5.42583
5.4431
5.45286
5.46293
5.47623
5.49811
5.52983
5.55809
5.57012
5.56331
5.55118
5.55185
5.58171
5.63244
5.69432
5.75482
5.80998
5.85113
5.8668
5.86709
5.86017
5.85641
5.87039
5.89935
5.92623
5.94377
5.95641
5.96898
5.99052
6.01597
6.0356
6.04044
6.04507
4.21485
4.26739
4.31765
4.34565
4.35366
4.36909
4.38072
4.39738
4.4167
4.43283
4.44164
4.44111
4.43394
4.42557
4.42126
4.42251
4.43282
4.45284
4.50262
4.56891
4.65327
4.77249
4.89077
4.96183
5.00251
5.01591
5.01995
5.01848
5.01468
5.01194
5.01736
5.03483
5.0736
5.12539
5.16177
5.1832
5.19301
5.19386
5.18608
5.1688
5.14918
5.1413
5.14966
5.18778
5.27379
5.35909
5.40835
5.43167
5.44464
5.45934
5.47456
5.49305
5.52022
5.55053
5.57184
5.57638
5.56301
5.54698
5.54511
5.56771
5.62189
5.68958
5.75558
5.81075
5.85323
5.87477
5.87747
5.86848
5.85705
5.86445
5.89468
5.93498
5.97202
5.99801
6.01211
6.02384
6.03233
6.03932
6.03616
6.03489
4.20272
4.245
4.29808
4.33712
4.35305
4.36805
4.38241
4.39808
4.41587
4.43205
4.44316
4.44686
4.44343
4.43558
4.42862
4.4254
4.42814
4.43843
4.4685
4.53948
4.66102
4.81031
4.92347
4.97195
5.00138
5.00579
5.00428
5.00311
5.0038
5.00463
5.01005
5.02564
5.05971
5.11141
5.15395
5.18283
5.19502
5.19553
5.18345
5.16288
5.14923
5.14953
5.17015
5.24008
5.33009
5.39126
5.421
5.43694
5.45437
5.47243
5.49254
5.5144
5.5415
5.56763
5.58086
5.57872
5.56246
5.54628
5.54311
5.56294
5.61467
5.68218
5.74853
5.79975
5.83975
5.86423
5.87422
5.87213
5.86431
5.86681
5.89179
5.93895
5.99246
6.03101
6.04803
6.05249
6.04848
6.04506
6.0374
6.0387
4.19201
4.22176
4.27314
4.32299
4.35178
4.36938
4.3861
4.39921
4.41464
4.43006
4.44297
4.45004
4.45044
4.44419
4.43493
4.4272
4.4243
4.43085
4.44513
4.51459
4.66728
4.83957
4.94522
4.97901
4.99362
4.99222
4.98824
4.98859
4.99465
5.00011
5.00617
5.01893
5.04692
5.09602
5.14474
5.1801
5.19291
5.19097
5.17582
5.15734
5.15317
5.16142
5.21114
5.30016
5.37324
5.41087
5.42998
5.44852
5.46825
5.49159
5.51549
5.53643
5.56058
5.57972
5.58401
5.57669
5.56136
5.54832
5.54526
5.56408
5.60789
5.67014
5.73278
5.77954
5.81443
5.84046
5.86133
5.87126
5.87184
5.87747
5.89874
5.94551
6.00363
6.04893
6.06609
6.06794
6.05646
6.05168
6.04762
6.04744
4.18487
4.20217
4.24679
4.30374
4.3483
4.37176
4.38969
4.40097
4.4134
4.42735
4.44157
4.45184
4.45524
4.45132
4.44049
4.4286
4.42218
4.42706
4.43868
4.50685
4.67668
4.85665
4.95516
4.97954
4.98311
4.97701
4.97217
4.97557
4.9867
4.99645
5.00304
5.01295
5.03494
5.07999
5.13383
5.17355
5.18677
5.18107
5.16524
5.15329
5.1575
5.18753
5.26958
5.35424
5.40341
5.42793
5.44317
5.46172
5.48539
5.51368
5.53924
5.55963
5.57688
5.58559
5.58191
5.57303
5.56226
5.55368
5.55136
5.56593
5.60043
5.65319
5.71063
5.75653
5.78958
5.81883
5.84483
5.86514
5.87888
5.89244
5.91672
5.95502
6.00341
6.04587
6.06513
6.06637
6.05663
6.05433
6.05161
6.05365
4.18247
4.189
4.22409
4.28189
4.33898
4.3733
4.3906
4.40341
4.413
4.42553
4.44028
4.45334
4.45936
4.45733
4.44594
4.43121
4.42326
4.42885
4.44498
4.52129
4.68835
4.85796
4.95052
4.96994
4.96955
4.96215
4.95843
4.96471
4.97903
4.99226
4.99958
5.00712
5.02475
5.06549
5.12165
5.16248
5.17596
5.16832
5.15412
5.14986
5.1666
5.2374
5.33103
5.39539
5.4287
5.44376
5.45858
5.47733
5.50353
5.53502
5.56381
5.58181
5.58862
5.5849
5.57756
5.57088
5.56559
5.56289
5.56219
5.56871
5.59285
5.63383
5.68645
5.73491
5.76937
5.79671
5.82562
5.86092
5.89283
5.91951
5.94097
5.96419
5.9938
6.02456
6.04277
6.04913
6.04652
6.04784
6.04837
6.05452
4.18429
4.18306
4.20786
4.25931
4.32309
4.36977
4.39051
4.4057
4.41462
4.42594
4.44044
4.45535
4.46312
4.46182
4.45133
4.43795
4.43081
4.43818
4.46519
4.55247
4.69501
4.84112
4.93022
4.95321
4.95369
4.94793
4.94662
4.95537
4.97088
4.98617
4.99534
5.00203
5.01743
5.05447
5.10873
5.1473
5.16051
5.15378
5.14294
5.14843
5.20143
5.29829
5.3814
5.42659
5.4463
5.45999
5.47384
5.49201
5.51914
5.55593
5.58524
5.59823
5.59439
5.58362
5.57531
5.57301
5.57669
5.57984
5.57877
5.57612
5.58654
5.61559
5.66332
5.71674
5.75848
5.78603
5.81421
5.85415
5.89934
5.93753
5.95827
5.96611
5.97269
5.98643
6.0041
6.01621
6.02555
6.03387
6.03547
6.04698
4.18851
4.18427
4.19837
4.23902
4.30195
4.36028
4.38839
4.40656
4.41802
4.42867
4.44261
4.45742
4.46538
4.46437
4.45617
4.44643
4.44252
4.45484
4.50265
4.59306
4.69733
4.81137
4.89688
4.93051
4.93585
4.93358
4.93686
4.94823
4.963
4.9787
4.99104
4.99907
5.01379
5.04694
5.09442
5.12874
5.14174
5.1388
5.1342
5.16621
5.25711
5.35403
5.41547
5.44735
5.46056
5.47197
5.48539
5.50492
5.53529
5.57181
5.59895
5.60557
5.59601
5.58395
5.57837
5.58395
5.59633
5.60339
5.59975
5.58839
5.58456
5.60109
5.64173
5.69945
5.75277
5.78805
5.81472
5.84662
5.88719
5.9297
5.95353
5.95314
5.94253
5.93763
5.94927
5.97194
5.99477
6.00953
6.01877
6.03508
4.19525
4.18987
4.19453
4.22318
4.27885
4.34361
4.38344
4.40596
4.42111
4.43282
4.44611
4.4592
4.46608
4.46493
4.45901
4.45407
4.45504
4.48169
4.553
4.63389
4.69839
4.77452
4.85146
4.89856
4.91498
4.9215
4.92966
4.94246
4.95591
4.9716
4.98698
4.99803
5.01276
5.0408
5.07838
5.1071
5.12063
5.12346
5.13693
5.21302
5.31815
5.39427
5.43824
5.45717
5.46978
5.47984
5.49296
5.51538
5.54676
5.58005
5.60299
5.60611
5.59731
5.58808
5.58782
5.59979
5.6151
5.62245
5.61682
5.60046
5.58737
5.58957
5.62043
5.67802
5.74339
5.79198
5.82045
5.83833
5.86278
5.89465
5.91874
5.92033
5.90564
5.89137
5.89539
5.91795
5.95304
5.9831
5.99907
6.01794
4.20295
4.19623
4.19693
4.2135
4.25654
4.3205
4.37411
4.4025
4.42278
4.43692
4.44949
4.46051
4.46577
4.46379
4.45916
4.45963
4.47039
4.5219
4.60684
4.66873
4.70009
4.73916
4.79818
4.85537
4.89027
4.90933
4.9225
4.93593
4.94978
4.96622
4.98342
4.99739
5.01133
5.03279
5.05988
5.08294
5.09862
5.11381
5.16953
5.2737
5.36832
5.42134
5.44931
5.46302
5.47367
5.48338
5.49765
5.52135
5.55173
5.58079
5.60024
5.60555
5.60279
5.59986
5.60442
5.61628
5.62673
5.63056
5.62374
5.60652
5.58842
5.58046
5.59915
5.65107
5.72486
5.78892
5.82534
5.83968
5.8488
5.85684
5.86757
5.87484
5.8708
5.8668
5.86748
5.88021
5.90851
5.9507
5.98167
6.00797
4.20921
4.20264
4.20286
4.20816
4.23715
4.29403
4.35843
4.39511
4.4239
4.44022
4.45196
4.46155
4.46467
4.46164
4.45863
4.46404
4.4941
4.57218
4.65379
4.697
4.70501
4.7136
4.74536
4.80278
4.85758
4.89311
4.91497
4.9295
4.94498
4.9624
4.9798
4.99484
5.00697
5.02132
5.03922
5.05854
5.08063
5.12416
5.22419
5.33171
5.40078
5.43991
5.45654
5.46668
5.47607
5.48435
5.50043
5.52467
5.55175
5.57647
5.59596
5.60787
5.61388
5.61743
5.62334
5.62909
5.63222
5.63176
5.62242
5.60553
5.58581
5.57307
5.57879
5.62042
5.69519
5.7727
5.82108
5.83615
5.83606
5.83372
5.83457
5.84305
5.85411
5.86424
5.87117
5.88215
5.8992
5.93131
5.96298
5.9973
4.21304
4.20797
4.2073
4.20777
4.22363
4.26768
4.33517
4.38702
4.42059
4.44094
4.45431
4.46273
4.46307
4.45954
4.46039
4.47165
4.52845
4.62452
4.68888
4.71738
4.71451
4.70138
4.70603
4.74689
4.8141
4.86908
4.90339
4.92349
4.94133
4.95943
4.976
4.98961
4.99834
5.00571
5.01711
5.03705
5.0736
5.16207
5.28294
5.37555
5.42193
5.45215
5.46322
5.47061
5.47763
5.48648
5.50434
5.52723
5.54992
5.57136
5.59333
5.6131
5.62636
5.63363
5.63754
5.6369
5.63312
5.62681
5.6161
5.60048
5.58142
5.56594
5.56283
5.59197
5.6593
5.74402
5.80455
5.82883
5.82676
5.82011
5.82054
5.83191
5.85702
5.88267
5.8999
5.9105
5.91925
5.93762
5.95663
5.98541
4.21479
4.21158
4.21118
4.21088
4.21597
4.24462
4.30705
4.37253
4.41318
4.44054
4.45587
4.46304
4.46226
4.46026
4.46485
4.4889
4.5706
4.66856
4.717
4.73229
4.72291
4.69692
4.68396
4.69835
4.76075
4.8346
4.88542
4.9174
4.9387
4.95755
4.97219
4.9811
4.98469
4.98613
4.99638
5.0231
5.09076
5.2163
5.33371
5.40342
5.43712
5.46019
5.47099
5.47824
5.48429
5.49507
5.51246
5.5302
5.54808
5.56864
5.59334
5.61797
5.63534
5.64393
5.64398
5.63835
5.62939
5.61894
5.6071
5.59254
5.57542
5.56091
5.55532
5.57235
5.62532
5.70599
5.77991
5.81534
5.82417
5.82223
5.82238
5.84016
5.87154
5.9049
5.92679
5.93646
5.93956
5.94947
5.95863
5.97959
4.21523
4.21401
4.21492
4.21534
4.21194
4.22678
4.27693
4.35039
4.4024
4.4405
4.45532
4.46226
4.46465
4.46494
4.47282
4.51864
4.61572
4.70026
4.73706
4.74373
4.72885
4.69727
4.67038
4.6653
4.70584
4.78927
4.85937
4.90725
4.93652
4.95653
4.96726
4.96906
4.96705
4.96682
4.98306
5.02348
5.13274
5.27025
5.36795
5.41914
5.44701
5.46637
5.47965
5.48884
5.49829
5.51071
5.52334
5.53455
5.54837
5.56844
5.59418
5.62
5.63862
5.64693
5.64389
5.63422
5.62179
5.60872
5.59699
5.58515
5.57144
5.55923
5.55501
5.56776
5.6043
5.6676
5.74406
5.79658
5.81494
5.82392
5.83506
5.8546
5.88227
5.91208
5.93161
5.94104
5.94417
5.95237
5.95747
5.973
4.21503
4.21545
4.21823
4.2192
4.21208
4.21579
4.24905
4.32214
4.39028
4.43422
4.45223
4.46226
4.46932
4.47244
4.48892
4.56063
4.65809
4.72046
4.74838
4.75144
4.73267
4.69842
4.66326
4.64753
4.66133
4.73431
4.82293
4.89032
4.93355
4.95399
4.95974
4.95694
4.95172
4.95543
4.97848
5.04769
5.18501
5.31253
5.38623
5.42698
5.45109
5.46932
5.48697
5.50223
5.516
5.527
5.53353
5.5393
5.55055
5.56954
5.59464
5.61905
5.63805
5.64482
5.63979
5.62773
5.61313
5.59918
5.58745
5.57841
5.57011
5.56359
5.56439
5.57591
5.60138
5.64198
5.70202
5.76744
5.80778
5.83217
5.84692
5.85997
5.87588
5.89404
5.90597
5.91562
5.92424
5.93769
5.9544
5.97622
4.21439
4.21598
4.22097
4.22257
4.21419
4.21072
4.22756
4.29177
4.3708
4.42202
4.44787
4.4614
4.4729
4.48318
4.52188
4.61002
4.69128
4.73335
4.75143
4.75341
4.73376
4.69975
4.66247
4.63765
4.63391
4.68039
4.77547
4.86498
4.92401
4.94775
4.95181
4.94748
4.94245
4.95279
4.98686
5.09223
5.23577
5.33949
5.39429
5.42717
5.44993
5.46923
5.49356
5.51542
5.53151
5.53995
5.54228
5.54498
5.55418
5.5713
5.59451
5.61677
5.63547
5.64081
5.63515
5.62227
5.60638
5.59208
5.58212
5.57677
5.57571
5.5781
5.58345
5.59379
5.6113
5.63496
5.66844
5.72637
5.7849
5.82312
5.84158
5.8451
5.84289
5.84353
5.84694
5.86113
5.88165
5.90888
5.94173
5.97266
4.21306
4.21589
4.22298
4.22558
4.21677
4.21037
4.21553
4.26283
4.34237
4.40366
4.44201
4.45845
4.47793
4.50296
4.57054
4.65718
4.71354
4.73978
4.75106
4.75026
4.73145
4.70094
4.66399
4.63496
4.62288
4.64317
4.72403
4.82782
4.90404
4.93899
4.94496
4.94117
4.93996
4.9567
5.01832
5.14624
5.27462
5.35282
5.39577
5.42249
5.44509
5.46936
5.49822
5.5235
5.54091
5.54848
5.55059
5.55286
5.56007
5.57474
5.59566
5.61632
5.63202
5.63661
5.63221
5.6201
5.60398
5.59023
5.58244
5.58118
5.59059
5.60063
5.61003
5.61833
5.62751
5.63928
5.65691
5.68793
5.74521
5.7909
5.80975
5.80508
5.78873
5.77613
5.77396
5.79161
5.82936
5.87806
5.92215
5.96383
4.21183
4.21572
4.22459
4.22857
4.22158
4.21315
4.21111
4.23914
4.30847
4.38047
4.42911
4.45383
4.48579
4.53896
4.62326
4.69509
4.72801
4.74207
4.7483
4.74474
4.72742
4.7019
4.6667
4.63669
4.62146
4.62631
4.68106
4.78042
4.87369
4.9247
4.93736
4.93754
4.945
4.97595
5.0703
5.19806
5.29775
5.35706
5.39149
5.41466
5.43871
5.46753
5.49842
5.52407
5.54402
5.55437
5.55917
5.56381
5.57055
5.58252
5.59893
5.61619
5.6287
5.63301
5.63069
5.62137
5.60804
5.59605
5.59001
5.59278
5.6059
5.62171
5.63441
5.64241
5.64535
5.64863
5.65972
5.67278
5.70931
5.75003
5.765
5.76064
5.74398
5.72628
5.72417
5.7436
5.78721
5.84903
5.91028
5.96551
4.2106
4.21548
4.22549
4.23172
4.22743
4.218
4.21055
4.22293
4.27537
4.34859
4.4066
4.45215
4.50161
4.58523
4.66997
4.72225
4.73939
4.74459
4.74446
4.7387
4.72487
4.70356
4.67198
4.64251
4.62426
4.62247
4.65338
4.73041
4.83003
4.89933
4.9263
4.93744
4.95708
5.01944
5.13052
5.23564
5.30653
5.35313
5.38349
5.40677
5.43229
5.4631
5.49461
5.52097
5.54591
5.56014
5.56951
5.57657
5.58323
5.59202
5.60314
5.61602
5.62575
5.63023
5.62994
5.62405
5.61446
5.60398
5.59918
5.60404
5.61899
5.63817
5.65264
5.66125
5.66273
5.66177
5.66979
5.67411
5.69275
5.72204
5.73392
5.73228
5.715
5.7013
5.70189
5.72465
5.77146
5.83684
5.90809
5.97619
4.20902
4.21493
4.22615
4.23462
4.23309
4.22421
4.21281
4.21343
4.24658
4.30986
4.38056
4.44614
4.53008
4.63286
4.70856
4.74095
4.75013
4.74834
4.7405
4.73269
4.72285
4.70502
4.67892
4.65159
4.63117
4.62346
4.63805
4.68554
4.77255
4.85965
4.90858
4.93828
4.98554
5.07924
5.18326
5.25711
5.30458
5.34337
5.37422
5.40117
5.42875
5.46001
5.49109
5.51905
5.54626
5.56404
5.57767
5.58775
5.59521
5.60173
5.60761
5.61579
5.6226
5.62644
5.62727
5.62415
5.61848
5.61225
5.60958
5.61625
5.63114
5.6491
5.66383
5.67482
5.67971
5.6794
5.68424
5.6835
5.689
5.70548
5.71651
5.71547
5.70713
5.70189
5.70982
5.73603
5.78699
5.85869
5.93444
6.00509
4.20672
4.2139
4.22757
4.23729
4.23822
4.23026
4.21628
4.2093
4.22414
4.27111
4.34942
4.44262
4.56346
4.67559
4.7403
4.75704
4.75743
4.74924
4.73746
4.72911
4.72015
4.70519
4.68447
4.66182
4.64057
4.62787
4.62771
4.65098
4.71121
4.80447
4.88307
4.9398
5.03168
5.13885
5.21863
5.26299
5.29564
5.3299
5.3646
5.39821
5.43037
5.46088
5.4893
5.5174
5.54435
5.56559
5.58363
5.5964
5.60449
5.60916
5.61177
5.61526
5.6183
5.62058
5.62171
5.62037
5.61826
5.61753
5.61964
5.62826
5.64258
5.65906
5.6738
5.68799
5.69945
5.70148
5.70223
5.69585
5.68916
5.69123
5.69995
5.70451
5.70666
5.71502
5.73312
5.77533
5.83528
5.90565
5.97262
6.03251
4.20408
4.21305
4.22991
4.24019
4.24292
4.23557
4.21979
4.20794
4.20887
4.2393
4.3153
4.43986
4.59653
4.7112
4.76422
4.77229
4.76413
4.74873
4.73548
4.72712
4.71664
4.70495
4.68844
4.67068
4.65031
4.63217
4.62237
4.62768
4.6616
4.7401
4.84491
4.94959
5.08149
5.18476
5.23995
5.26378
5.28346
5.31639
5.35763
5.40014
5.43686
5.46609
5.48989
5.51542
5.54152
5.56593
5.58651
5.60167
5.61008
5.61297
5.61364
5.61401
5.61414
5.61451
5.6145
5.61454
5.61658
5.62142
5.62919
5.64018
5.6533
5.667
5.68071
5.69761
5.71732
5.72623
5.72262
5.70761
5.68756
5.67741
5.6811
5.69438
5.71227
5.74314
5.78059
5.83093
5.88865
5.94969
6.00431
6.05692
4.20156
4.21204
4.23153
4.24255
4.24622
4.23922
4.22148
4.20672
4.20039
4.21776
4.28637
4.43638
4.62367
4.73727
4.77605
4.78129
4.76911
4.74874
4.73369
4.72488
4.71371
4.70432
4.69186
4.6769
4.65807
4.63555
4.61854
4.61358
4.63064
4.68526
4.80051
4.96527
5.1206
5.20825
5.24118
5.25751
5.27226
5.3038
5.3505
5.40138
5.44254
5.47062
5.48959
5.51246
5.53689
5.56458
5.58916
5.6053
5.61294
5.61422
5.61321
5.61143
5.61088
5.61005
5.60945
5.6099
5.61365
5.62331
5.63572
5.64909
5.66211
5.67475
5.68952
5.71056
5.73485
5.74772
5.73983
5.71681
5.68505
5.66384
5.66219
5.68108
5.71916
5.77158
5.82028
5.86939
5.92071
5.97443
6.01955
6.06799
4.2005
4.21199
4.23269
4.24427
4.24824
4.24153
4.22306
4.2072
4.19756
4.20769
4.26804
4.42855
4.63662
4.75228
4.7881
4.78968
4.77548
4.75158
4.73318
4.72283
4.71065
4.70272
4.69287
4.67953
4.66217
4.63794
4.61649
4.60614
4.61397
4.6535
4.76488
4.96672
5.1418
5.22332
5.25371
5.26458
5.27609
5.30302
5.35043
5.40568
5.44972
5.47706
5.49222
5.51117
5.53239
5.5607
5.58848
5.60621
5.61387
5.61539
5.6146
5.61352
5.61093
5.60773
5.60581
5.60694
5.61194
5.62266
5.63832
5.65363
5.6671
5.6802
5.69615
5.7193
5.74573
5.76352
5.75364
5.72543
5.688
5.65855
5.64984
5.66979
5.72349
5.79027
5.84691
5.89732
5.94688
5.99837
6.04099
6.0867
)
;

boundaryField
{
    inlet
    {
        type            fixedValue;
        value           uniform 1;
    }
    outlet
    {
        type            zeroGradient;
    }
    bottom
    {
        type            symmetryPlane;
    }
    top
    {
        type            symmetryPlane;
    }
    obstacle
    {
        type            zeroGradient;
    }
    defaultFaces
    {
        type            empty;
    }
}


// ************************************************************************* //
