/*--------------------------------*- C++ -*----------------------------------*\
| =========                 |                                                 |
| \\      /  F ield         | OpenFOAM: The Open Source CFD Toolbox           |
|  \\    /   O peration     | Version:  v1912                                 |
|   \\  /    A nd           | Website:  www.openfoam.com                      |
|    \\/     M anipulation  |                                                 |
\*---------------------------------------------------------------------------*/
FoamFile
{
    version     2.0;
    format      ascii;
    class       vectorField;
    location    "constant/polyMesh";
    object      points;
}
// * * * * * * * * * * * * * * * * * * * * * * * * * * * * * * * * * * * * * //


3260
(
(0 30 0)
(0.6 30 0)
(1.2 30 0)
(1.8 30 0)
(2.4 30 0)
(3 30 0)
(3.6 30 0)
(4.2 30 0)
(4.8 30 0)
(5.4 30 0)
(6 30 0)
(0 33 0)
(0.6 33 0)
(1.2 33 0)
(1.8 33 0)
(2.4 33 0)
(3 33 0)
(3.6 33 0)
(4.2 33 0)
(4.8 33 0)
(5.4 33 0)
(6 33 0)
(0 36 0)
(0.6 36 0)
(1.2 36 0)
(1.8 36 0)
(2.4 36 0)
(3 36 0)
(3.6 36 0)
(4.2 36 0)
(4.8 36 0)
(5.4 36 0)
(6 36 0)
(0 39 0)
(0.6 39 0)
(1.2 39 0)
(1.8 39 0)
(2.4 39 0)
(3 39 0)
(3.6 39 0)
(4.2 39 0)
(4.8 39 0)
(5.4 39 0)
(6 39 0)
(0 42 0)
(0.6 42 0)
(1.2 42 0)
(1.8 42 0)
(2.4 42 0)
(3 42 0)
(3.6 42 0)
(4.2 42 0)
(4.8 42 0)
(5.4 42 0)
(6 42 0)
(0 45 0)
(0.6 45 0)
(1.2 45 0)
(1.8 45 0)
(2.4 45 0)
(3 45 0)
(3.6 45 0)
(4.2 45 0)
(4.8 45 0)
(5.4 45 0)
(6 45 0)
(0 48 0)
(0.6 48 0)
(1.2 48 0)
(1.8 48 0)
(2.4 48 0)
(3 48 0)
(3.6 48 0)
(4.2 48 0)
(4.8 48 0)
(5.4 48 0)
(6 48 0)
(0 51 0)
(0.6 51 0)
(1.2 51 0)
(1.8 51 0)
(2.4 51 0)
(3 51 0)
(3.6 51 0)
(4.2 51 0)
(4.8 51 0)
(5.4 51 0)
(6 51 0)
(0 54 0)
(0.6 54 0)
(1.2 54 0)
(1.8 54 0)
(2.4 54 0)
(3 54 0)
(3.6 54 0)
(4.2 54 0)
(4.8 54 0)
(5.4 54 0)
(6 54 0)
(0 57 0)
(0.6 57 0)
(1.2 57 0)
(1.8 57 0)
(2.4 57 0)
(3 57 0)
(3.6 57 0)
(4.2 57 0)
(4.8 57 0)
(5.4 57 0)
(6 57 0)
(0 60 0)
(0.6 60 0)
(1.2 60 0)
(1.8 60 0)
(2.4 60 0)
(3 60 0)
(3.6 60 0)
(4.2 60 0)
(4.8 60 0)
(5.4 60 0)
(6 60 0)
(0 30 0.05)
(0.6 30 0.05)
(1.2 30 0.05)
(1.8 30 0.05)
(2.4 30 0.05)
(3 30 0.05)
(3.6 30 0.05)
(4.2 30 0.05)
(4.8 30 0.05)
(5.4 30 0.05)
(6 30 0.05)
(0 33 0.05)
(0.6 33 0.05)
(1.2 33 0.05)
(1.8 33 0.05)
(2.4 33 0.05)
(3 33 0.05)
(3.6 33 0.05)
(4.2 33 0.05)
(4.8 33 0.05)
(5.4 33 0.05)
(6 33 0.05)
(0 36 0.05)
(0.6 36 0.05)
(1.2 36 0.05)
(1.8 36 0.05)
(2.4 36 0.05)
(3 36 0.05)
(3.6 36 0.05)
(4.2 36 0.05)
(4.8 36 0.05)
(5.4 36 0.05)
(6 36 0.05)
(0 39 0.05)
(0.6 39 0.05)
(1.2 39 0.05)
(1.8 39 0.05)
(2.4 39 0.05)
(3 39 0.05)
(3.6 39 0.05)
(4.2 39 0.05)
(4.8 39 0.05)
(5.4 39 0.05)
(6 39 0.05)
(0 42 0.05)
(0.6 42 0.05)
(1.2 42 0.05)
(1.8 42 0.05)
(2.4 42 0.05)
(3 42 0.05)
(3.6 42 0.05)
(4.2 42 0.05)
(4.8 42 0.05)
(5.4 42 0.05)
(6 42 0.05)
(0 45 0.05)
(0.6 45 0.05)
(1.2 45 0.05)
(1.8 45 0.05)
(2.4 45 0.05)
(3 45 0.05)
(3.6 45 0.05)
(4.2 45 0.05)
(4.8 45 0.05)
(5.4 45 0.05)
(6 45 0.05)
(0 48 0.05)
(0.6 48 0.05)
(1.2 48 0.05)
(1.8 48 0.05)
(2.4 48 0.05)
(3 48 0.05)
(3.6 48 0.05)
(4.2 48 0.05)
(4.8 48 0.05)
(5.4 48 0.05)
(6 48 0.05)
(0 51 0.05)
(0.6 51 0.05)
(1.2 51 0.05)
(1.8 51 0.05)
(2.4 51 0.05)
(3 51 0.05)
(3.6 51 0.05)
(4.2 51 0.05)
(4.8 51 0.05)
(5.4 51 0.05)
(6 51 0.05)
(0 54 0.05)
(0.6 54 0.05)
(1.2 54 0.05)
(1.8 54 0.05)
(2.4 54 0.05)
(3 54 0.05)
(3.6 54 0.05)
(4.2 54 0.05)
(4.8 54 0.05)
(5.4 54 0.05)
(6 54 0.05)
(0 57 0.05)
(0.6 57 0.05)
(1.2 57 0.05)
(1.8 57 0.05)
(2.4 57 0.05)
(3 57 0.05)
(3.6 57 0.05)
(4.2 57 0.05)
(4.8 57 0.05)
(5.4 57 0.05)
(6 57 0.05)
(0 60 0.05)
(0.6 60 0.05)
(1.2 60 0.05)
(1.8 60 0.05)
(2.4 60 0.05)
(3 60 0.05)
(3.6 60 0.05)
(4.2 60 0.05)
(4.8 60 0.05)
(5.4 60 0.05)
(6 60 0.05)
(6.150297831 30.41077153 0)
(6.366586758 30.79257081 0)
(6.616113252 31.15364253 0)
(6.890685894 31.49608971 0)
(7.186849687 31.82005478 0)
(7.503267852 32.12426054 0)
(7.840031105 32.40574588 0)
(8.198647601 32.65870987 0)
(8.58267982 32.87075667 0)
(9 33 0)
(6.165268048 33.36969437 0)
(6.389928083 33.71331373 0)
(6.644501926 34.03827828 0)
(6.921617305 34.34648074 0)
(7.218164718 34.6380493 0)
(7.532941067 34.91183449 0)
(7.866027994 35.16517129 0)
(8.218782841 35.39283888 0)
(8.594411838 35.58368101 0)
(9 35.7 0)
(6.180238265 36.32861722 0)
(6.413269407 36.63405665 0)
(6.672890601 36.92291402 0)
(6.952548715 37.19687177 0)
(7.249479749 37.45604382 0)
(7.562614282 37.69940843 0)
(7.892024884 37.9245967 0)
(8.238918081 38.1269679 0)
(8.606143856 38.29660534 0)
(9 38.4 0)
(6.195208482 39.28754007 0)
(6.436610731 39.55479957 0)
(6.701279276 39.80754977 0)
(6.983480126 40.0472628 0)
(7.280794781 40.27403835 0)
(7.592287496 40.48698238 0)
(7.918021773 40.68402211 0)
(8.259053321 40.86109691 0)
(8.617875874 41.00952967 0)
(9 41.1 0)
(6.210178699 42.24646292 0)
(6.459952055 42.47554249 0)
(6.729667951 42.69218552 0)
(7.014411537 42.89765383 0)
(7.312109812 43.09203287 0)
(7.621960711 43.27455632 0)
(7.944018663 43.44344753 0)
(8.279188561 43.59522592 0)
(8.629607892 43.722454 0)
(9 43.8 0)
(6.225148916 45.20538576 0)
(6.483293379 45.3962854 0)
(6.758056626 45.57682126 0)
(7.045342947 45.74804486 0)
(7.343424843 45.91002739 0)
(7.651633926 46.06213027 0)
(7.970015552 46.20287294 0)
(8.299323801 46.32935493 0)
(8.64133991 46.43537834 0)
(9 46.5 0)
(6.240119133 48.16430861 0)
(6.506634703 48.31702832 0)
(6.786445301 48.46145701 0)
(7.076274358 48.59843588 0)
(7.374739875 48.72802191 0)
(7.681307141 48.84970422 0)
(7.996012442 48.96229835 0)
(8.31945904 49.06348395 0)
(8.653071928 49.14830267 0)
(9 49.2 0)
(6.255089349 51.12323146 0)
(6.529976028 51.23777124 0)
(6.814833975 51.34609276 0)
(7.107205768 51.44882691 0)
(7.406054906 51.54601643 0)
(7.710980356 51.63727816 0)
(8.022009331 51.72172376 0)
(8.33959428 51.79761296 0)
(8.664803946 51.861227 0)
(9 51.9 0)
(6.270059566 54.08215431 0)
(6.553317352 54.15851416 0)
(6.84322265 54.23072851 0)
(7.138137179 54.29921794 0)
(7.437369937 54.36401096 0)
(7.74065357 54.42485211 0)
(8.048006221 54.48114918 0)
(8.35972952 54.53174197 0)
(8.676535964 54.57415133 0)
(9 54.6 0)
(6.285029783 57.04107715 0)
(6.576658676 57.07925708 0)
(6.871611325 57.11536425 0)
(7.169068589 57.14960897 0)
(7.468684969 57.18200548 0)
(7.770326785 57.21242605 0)
(8.07400311 57.24057459 0)
(8.37986476 57.26587099 0)
(8.688267982 57.28707567 0)
(9 57.3 0)
(6.3 60 0)
(6.6 60 0)
(6.9 60 0)
(7.2 60 0)
(7.5 60 0)
(7.8 60 0)
(8.1 60 0)
(8.4 60 0)
(8.7 60 0)
(9 60 0)
(6.150297831 30.41077153 0.05)
(6.366586758 30.79257081 0.05)
(6.616113252 31.15364253 0.05)
(6.890685894 31.49608971 0.05)
(7.186849687 31.82005478 0.05)
(7.503267852 32.12426054 0.05)
(7.840031105 32.40574588 0.05)
(8.198647601 32.65870987 0.05)
(8.58267982 32.87075667 0.05)
(9 33 0.05)
(6.165268048 33.36969437 0.05)
(6.389928083 33.71331373 0.05)
(6.644501926 34.03827828 0.05)
(6.921617305 34.34648074 0.05)
(7.218164718 34.6380493 0.05)
(7.532941067 34.91183449 0.05)
(7.866027994 35.16517129 0.05)
(8.218782841 35.39283888 0.05)
(8.594411838 35.58368101 0.05)
(9 35.7 0.05)
(6.180238265 36.32861722 0.05)
(6.413269407 36.63405665 0.05)
(6.672890601 36.92291402 0.05)
(6.952548715 37.19687177 0.05)
(7.249479749 37.45604382 0.05)
(7.562614282 37.69940843 0.05)
(7.892024884 37.9245967 0.05)
(8.238918081 38.1269679 0.05)
(8.606143856 38.29660534 0.05)
(9 38.4 0.05)
(6.195208482 39.28754007 0.05)
(6.436610731 39.55479957 0.05)
(6.701279276 39.80754977 0.05)
(6.983480126 40.0472628 0.05)
(7.280794781 40.27403835 0.05)
(7.592287496 40.48698238 0.05)
(7.918021773 40.68402211 0.05)
(8.259053321 40.86109691 0.05)
(8.617875874 41.00952967 0.05)
(9 41.1 0.05)
(6.210178699 42.24646292 0.05)
(6.459952055 42.47554249 0.05)
(6.729667951 42.69218552 0.05)
(7.014411537 42.89765383 0.05)
(7.312109812 43.09203287 0.05)
(7.621960711 43.27455632 0.05)
(7.944018663 43.44344753 0.05)
(8.279188561 43.59522592 0.05)
(8.629607892 43.722454 0.05)
(9 43.8 0.05)
(6.225148916 45.20538576 0.05)
(6.483293379 45.3962854 0.05)
(6.758056626 45.57682126 0.05)
(7.045342947 45.74804486 0.05)
(7.343424843 45.91002739 0.05)
(7.651633926 46.06213027 0.05)
(7.970015552 46.20287294 0.05)
(8.299323801 46.32935493 0.05)
(8.64133991 46.43537834 0.05)
(9 46.5 0.05)
(6.240119133 48.16430861 0.05)
(6.506634703 48.31702832 0.05)
(6.786445301 48.46145701 0.05)
(7.076274358 48.59843588 0.05)
(7.374739875 48.72802191 0.05)
(7.681307141 48.84970422 0.05)
(7.996012442 48.96229835 0.05)
(8.31945904 49.06348395 0.05)
(8.653071928 49.14830267 0.05)
(9 49.2 0.05)
(6.255089349 51.12323146 0.05)
(6.529976028 51.23777124 0.05)
(6.814833975 51.34609276 0.05)
(7.107205768 51.44882691 0.05)
(7.406054906 51.54601643 0.05)
(7.710980356 51.63727816 0.05)
(8.022009331 51.72172376 0.05)
(8.33959428 51.79761296 0.05)
(8.664803946 51.861227 0.05)
(9 51.9 0.05)
(6.270059566 54.08215431 0.05)
(6.553317352 54.15851416 0.05)
(6.84322265 54.23072851 0.05)
(7.138137179 54.29921794 0.05)
(7.437369937 54.36401096 0.05)
(7.74065357 54.42485211 0.05)
(8.048006221 54.48114918 0.05)
(8.35972952 54.53174197 0.05)
(8.676535964 54.57415133 0.05)
(9 54.6 0.05)
(6.285029783 57.04107715 0.05)
(6.576658676 57.07925708 0.05)
(6.871611325 57.11536425 0.05)
(7.169068589 57.14960897 0.05)
(7.468684969 57.18200548 0.05)
(7.770326785 57.21242605 0.05)
(8.07400311 57.24057459 0.05)
(8.37986476 57.26587099 0.05)
(8.688267982 57.28707567 0.05)
(9 57.3 0.05)
(6.3 60 0.05)
(6.6 60 0.05)
(6.9 60 0.05)
(7.2 60 0.05)
(7.5 60 0.05)
(7.8 60 0.05)
(8.1 60 0.05)
(8.4 60 0.05)
(8.7 60 0.05)
(9 60 0.05)
(13 33 0)
(17 33 0)
(21 33 0)
(25 33 0)
(29 33 0)
(33 33 0)
(37 33 0)
(41 33 0)
(45 33 0)
(49 33 0)
(13 35.7 0)
(17 35.7 0)
(21 35.7 0)
(25 35.7 0)
(29 35.7 0)
(33 35.7 0)
(37 35.7 0)
(41 35.7 0)
(45 35.7 0)
(49 35.7 0)
(13 38.4 0)
(17 38.4 0)
(21 38.4 0)
(25 38.4 0)
(29 38.4 0)
(33 38.4 0)
(37 38.4 0)
(41 38.4 0)
(45 38.4 0)
(49 38.4 0)
(13 41.1 0)
(17 41.1 0)
(21 41.1 0)
(25 41.1 0)
(29 41.1 0)
(33 41.1 0)
(37 41.1 0)
(41 41.1 0)
(45 41.1 0)
(49 41.1 0)
(13 43.8 0)
(17 43.8 0)
(21 43.8 0)
(25 43.8 0)
(29 43.8 0)
(33 43.8 0)
(37 43.8 0)
(41 43.8 0)
(45 43.8 0)
(49 43.8 0)
(13 46.5 0)
(17 46.5 0)
(21 46.5 0)
(25 46.5 0)
(29 46.5 0)
(33 46.5 0)
(37 46.5 0)
(41 46.5 0)
(45 46.5 0)
(49 46.5 0)
(13 49.2 0)
(17 49.2 0)
(21 49.2 0)
(25 49.2 0)
(29 49.2 0)
(33 49.2 0)
(37 49.2 0)
(41 49.2 0)
(45 49.2 0)
(49 49.2 0)
(13 51.9 0)
(17 51.9 0)
(21 51.9 0)
(25 51.9 0)
(29 51.9 0)
(33 51.9 0)
(37 51.9 0)
(41 51.9 0)
(45 51.9 0)
(49 51.9 0)
(13 54.6 0)
(17 54.6 0)
(21 54.6 0)
(25 54.6 0)
(29 54.6 0)
(33 54.6 0)
(37 54.6 0)
(41 54.6 0)
(45 54.6 0)
(49 54.6 0)
(13 57.3 0)
(17 57.3 0)
(21 57.3 0)
(25 57.3 0)
(29 57.3 0)
(33 57.3 0)
(37 57.3 0)
(41 57.3 0)
(45 57.3 0)
(49 57.3 0)
(13 60 0)
(17 60 0)
(21 60 0)
(25 60 0)
(29 60 0)
(33 60 0)
(37 60 0)
(41 60 0)
(45 60 0)
(49 60 0)
(13 33 0.05)
(17 33 0.05)
(21 33 0.05)
(25 33 0.05)
(29 33 0.05)
(33 33 0.05)
(37 33 0.05)
(41 33 0.05)
(45 33 0.05)
(49 33 0.05)
(13 35.7 0.05)
(17 35.7 0.05)
(21 35.7 0.05)
(25 35.7 0.05)
(29 35.7 0.05)
(33 35.7 0.05)
(37 35.7 0.05)
(41 35.7 0.05)
(45 35.7 0.05)
(49 35.7 0.05)
(13 38.4 0.05)
(17 38.4 0.05)
(21 38.4 0.05)
(25 38.4 0.05)
(29 38.4 0.05)
(33 38.4 0.05)
(37 38.4 0.05)
(41 38.4 0.05)
(45 38.4 0.05)
(49 38.4 0.05)
(13 41.1 0.05)
(17 41.1 0.05)
(21 41.1 0.05)
(25 41.1 0.05)
(29 41.1 0.05)
(33 41.1 0.05)
(37 41.1 0.05)
(41 41.1 0.05)
(45 41.1 0.05)
(49 41.1 0.05)
(13 43.8 0.05)
(17 43.8 0.05)
(21 43.8 0.05)
(25 43.8 0.05)
(29 43.8 0.05)
(33 43.8 0.05)
(37 43.8 0.05)
(41 43.8 0.05)
(45 43.8 0.05)
(49 43.8 0.05)
(13 46.5 0.05)
(17 46.5 0.05)
(21 46.5 0.05)
(25 46.5 0.05)
(29 46.5 0.05)
(33 46.5 0.05)
(37 46.5 0.05)
(41 46.5 0.05)
(45 46.5 0.05)
(49 46.5 0.05)
(13 49.2 0.05)
(17 49.2 0.05)
(21 49.2 0.05)
(25 49.2 0.05)
(29 49.2 0.05)
(33 49.2 0.05)
(37 49.2 0.05)
(41 49.2 0.05)
(45 49.2 0.05)
(49 49.2 0.05)
(13 51.9 0.05)
(17 51.9 0.05)
(21 51.9 0.05)
(25 51.9 0.05)
(29 51.9 0.05)
(33 51.9 0.05)
(37 51.9 0.05)
(41 51.9 0.05)
(45 51.9 0.05)
(49 51.9 0.05)
(13 54.6 0.05)
(17 54.6 0.05)
(21 54.6 0.05)
(25 54.6 0.05)
(29 54.6 0.05)
(33 54.6 0.05)
(37 54.6 0.05)
(41 54.6 0.05)
(45 54.6 0.05)
(49 54.6 0.05)
(13 57.3 0.05)
(17 57.3 0.05)
(21 57.3 0.05)
(25 57.3 0.05)
(29 57.3 0.05)
(33 57.3 0.05)
(37 57.3 0.05)
(41 57.3 0.05)
(45 57.3 0.05)
(49 57.3 0.05)
(13 60 0.05)
(17 60 0.05)
(21 60 0.05)
(25 60 0.05)
(29 60 0.05)
(33 60 0.05)
(37 60 0.05)
(41 60 0.05)
(45 60 0.05)
(49 60 0.05)
(49.04 33 0)
(49.08 33 0)
(49.12 33 0)
(49.16 33 0)
(49.2 33 0)
(49.24 33 0)
(49.28 33 0)
(49.32 33 0)
(49.36 33 0)
(49.4 33 0)
(49.04 35.7 0)
(49.08 35.7 0)
(49.12 35.7 0)
(49.16 35.7 0)
(49.2 35.7 0)
(49.24 35.7 0)
(49.28 35.7 0)
(49.32 35.7 0)
(49.36 35.7 0)
(49.4 35.7 0)
(49.04 38.4 0)
(49.08 38.4 0)
(49.12 38.4 0)
(49.16 38.4 0)
(49.2 38.4 0)
(49.24 38.4 0)
(49.28 38.4 0)
(49.32 38.4 0)
(49.36 38.4 0)
(49.4 38.4 0)
(49.04 41.1 0)
(49.08 41.1 0)
(49.12 41.1 0)
(49.16 41.1 0)
(49.2 41.1 0)
(49.24 41.1 0)
(49.28 41.1 0)
(49.32 41.1 0)
(49.36 41.1 0)
(49.4 41.1 0)
(49.04 43.8 0)
(49.08 43.8 0)
(49.12 43.8 0)
(49.16 43.8 0)
(49.2 43.8 0)
(49.24 43.8 0)
(49.28 43.8 0)
(49.32 43.8 0)
(49.36 43.8 0)
(49.4 43.8 0)
(49.04 46.5 0)
(49.08 46.5 0)
(49.12 46.5 0)
(49.16 46.5 0)
(49.2 46.5 0)
(49.24 46.5 0)
(49.28 46.5 0)
(49.32 46.5 0)
(49.36 46.5 0)
(49.4 46.5 0)
(49.04 49.2 0)
(49.08 49.2 0)
(49.12 49.2 0)
(49.16 49.2 0)
(49.2 49.2 0)
(49.24 49.2 0)
(49.28 49.2 0)
(49.32 49.2 0)
(49.36 49.2 0)
(49.4 49.2 0)
(49.04 51.9 0)
(49.08 51.9 0)
(49.12 51.9 0)
(49.16 51.9 0)
(49.2 51.9 0)
(49.24 51.9 0)
(49.28 51.9 0)
(49.32 51.9 0)
(49.36 51.9 0)
(49.4 51.9 0)
(49.04 54.6 0)
(49.08 54.6 0)
(49.12 54.6 0)
(49.16 54.6 0)
(49.2 54.6 0)
(49.24 54.6 0)
(49.28 54.6 0)
(49.32 54.6 0)
(49.36 54.6 0)
(49.4 54.6 0)
(49.04 57.3 0)
(49.08 57.3 0)
(49.12 57.3 0)
(49.16 57.3 0)
(49.2 57.3 0)
(49.24 57.3 0)
(49.28 57.3 0)
(49.32 57.3 0)
(49.36 57.3 0)
(49.4 57.3 0)
(49.04 60 0)
(49.08 60 0)
(49.12 60 0)
(49.16 60 0)
(49.2 60 0)
(49.24 60 0)
(49.28 60 0)
(49.32 60 0)
(49.36 60 0)
(49.4 60 0)
(49.04 33 0.05)
(49.08 33 0.05)
(49.12 33 0.05)
(49.16 33 0.05)
(49.2 33 0.05)
(49.24 33 0.05)
(49.28 33 0.05)
(49.32 33 0.05)
(49.36 33 0.05)
(49.4 33 0.05)
(49.04 35.7 0.05)
(49.08 35.7 0.05)
(49.12 35.7 0.05)
(49.16 35.7 0.05)
(49.2 35.7 0.05)
(49.24 35.7 0.05)
(49.28 35.7 0.05)
(49.32 35.7 0.05)
(49.36 35.7 0.05)
(49.4 35.7 0.05)
(49.04 38.4 0.05)
(49.08 38.4 0.05)
(49.12 38.4 0.05)
(49.16 38.4 0.05)
(49.2 38.4 0.05)
(49.24 38.4 0.05)
(49.28 38.4 0.05)
(49.32 38.4 0.05)
(49.36 38.4 0.05)
(49.4 38.4 0.05)
(49.04 41.1 0.05)
(49.08 41.1 0.05)
(49.12 41.1 0.05)
(49.16 41.1 0.05)
(49.2 41.1 0.05)
(49.24 41.1 0.05)
(49.28 41.1 0.05)
(49.32 41.1 0.05)
(49.36 41.1 0.05)
(49.4 41.1 0.05)
(49.04 43.8 0.05)
(49.08 43.8 0.05)
(49.12 43.8 0.05)
(49.16 43.8 0.05)
(49.2 43.8 0.05)
(49.24 43.8 0.05)
(49.28 43.8 0.05)
(49.32 43.8 0.05)
(49.36 43.8 0.05)
(49.4 43.8 0.05)
(49.04 46.5 0.05)
(49.08 46.5 0.05)
(49.12 46.5 0.05)
(49.16 46.5 0.05)
(49.2 46.5 0.05)
(49.24 46.5 0.05)
(49.28 46.5 0.05)
(49.32 46.5 0.05)
(49.36 46.5 0.05)
(49.4 46.5 0.05)
(49.04 49.2 0.05)
(49.08 49.2 0.05)
(49.12 49.2 0.05)
(49.16 49.2 0.05)
(49.2 49.2 0.05)
(49.24 49.2 0.05)
(49.28 49.2 0.05)
(49.32 49.2 0.05)
(49.36 49.2 0.05)
(49.4 49.2 0.05)
(49.04 51.9 0.05)
(49.08 51.9 0.05)
(49.12 51.9 0.05)
(49.16 51.9 0.05)
(49.2 51.9 0.05)
(49.24 51.9 0.05)
(49.28 51.9 0.05)
(49.32 51.9 0.05)
(49.36 51.9 0.05)
(49.4 51.9 0.05)
(49.04 54.6 0.05)
(49.08 54.6 0.05)
(49.12 54.6 0.05)
(49.16 54.6 0.05)
(49.2 54.6 0.05)
(49.24 54.6 0.05)
(49.28 54.6 0.05)
(49.32 54.6 0.05)
(49.36 54.6 0.05)
(49.4 54.6 0.05)
(49.04 57.3 0.05)
(49.08 57.3 0.05)
(49.12 57.3 0.05)
(49.16 57.3 0.05)
(49.2 57.3 0.05)
(49.24 57.3 0.05)
(49.28 57.3 0.05)
(49.32 57.3 0.05)
(49.36 57.3 0.05)
(49.4 57.3 0.05)
(49.04 60 0.05)
(49.08 60 0.05)
(49.12 60 0.05)
(49.16 60 0.05)
(49.2 60 0.05)
(49.24 60 0.05)
(49.28 60 0.05)
(49.32 60 0.05)
(49.36 60 0.05)
(49.4 60 0.05)
(56.46 33 0)
(63.52 33 0)
(70.58 33 0)
(77.64 33 0)
(84.7 33 0)
(91.76 33 0)
(98.82 33 0)
(105.88 33 0)
(112.94 33 0)
(120 33 0)
(56.46 35.7 0)
(63.52 35.7 0)
(70.58 35.7 0)
(77.64 35.7 0)
(84.7 35.7 0)
(91.76 35.7 0)
(98.82 35.7 0)
(105.88 35.7 0)
(112.94 35.7 0)
(120 35.7 0)
(56.46 38.4 0)
(63.52 38.4 0)
(70.58 38.4 0)
(77.64 38.4 0)
(84.7 38.4 0)
(91.76 38.4 0)
(98.82 38.4 0)
(105.88 38.4 0)
(112.94 38.4 0)
(120 38.4 0)
(56.46 41.1 0)
(63.52 41.1 0)
(70.58 41.1 0)
(77.64 41.1 0)
(84.7 41.1 0)
(91.76 41.1 0)
(98.82 41.1 0)
(105.88 41.1 0)
(112.94 41.1 0)
(120 41.1 0)
(56.46 43.8 0)
(63.52 43.8 0)
(70.58 43.8 0)
(77.64 43.8 0)
(84.7 43.8 0)
(91.76 43.8 0)
(98.82 43.8 0)
(105.88 43.8 0)
(112.94 43.8 0)
(120 43.8 0)
(56.46 46.5 0)
(63.52 46.5 0)
(70.58 46.5 0)
(77.64 46.5 0)
(84.7 46.5 0)
(91.76 46.5 0)
(98.82 46.5 0)
(105.88 46.5 0)
(112.94 46.5 0)
(120 46.5 0)
(56.46 49.2 0)
(63.52 49.2 0)
(70.58 49.2 0)
(77.64 49.2 0)
(84.7 49.2 0)
(91.76 49.2 0)
(98.82 49.2 0)
(105.88 49.2 0)
(112.94 49.2 0)
(120 49.2 0)
(56.46 51.9 0)
(63.52 51.9 0)
(70.58 51.9 0)
(77.64 51.9 0)
(84.7 51.9 0)
(91.76 51.9 0)
(98.82 51.9 0)
(105.88 51.9 0)
(112.94 51.9 0)
(120 51.9 0)
(56.46 54.6 0)
(63.52 54.6 0)
(70.58 54.6 0)
(77.64 54.6 0)
(84.7 54.6 0)
(91.76 54.6 0)
(98.82 54.6 0)
(105.88 54.6 0)
(112.94 54.6 0)
(120 54.6 0)
(56.46 57.3 0)
(63.52 57.3 0)
(70.58 57.3 0)
(77.64 57.3 0)
(84.7 57.3 0)
(91.76 57.3 0)
(98.82 57.3 0)
(105.88 57.3 0)
(112.94 57.3 0)
(120 57.3 0)
(56.46 60 0)
(63.52 60 0)
(70.58 60 0)
(77.64 60 0)
(84.7 60 0)
(91.76 60 0)
(98.82 60 0)
(105.88 60 0)
(112.94 60 0)
(120 60 0)
(56.46 33 0.05)
(63.52 33 0.05)
(70.58 33 0.05)
(77.64 33 0.05)
(84.7 33 0.05)
(91.76 33 0.05)
(98.82 33 0.05)
(105.88 33 0.05)
(112.94 33 0.05)
(120 33 0.05)
(56.46 35.7 0.05)
(63.52 35.7 0.05)
(70.58 35.7 0.05)
(77.64 35.7 0.05)
(84.7 35.7 0.05)
(91.76 35.7 0.05)
(98.82 35.7 0.05)
(105.88 35.7 0.05)
(112.94 35.7 0.05)
(120 35.7 0.05)
(56.46 38.4 0.05)
(63.52 38.4 0.05)
(70.58 38.4 0.05)
(77.64 38.4 0.05)
(84.7 38.4 0.05)
(91.76 38.4 0.05)
(98.82 38.4 0.05)
(105.88 38.4 0.05)
(112.94 38.4 0.05)
(120 38.4 0.05)
(56.46 41.1 0.05)
(63.52 41.1 0.05)
(70.58 41.1 0.05)
(77.64 41.1 0.05)
(84.7 41.1 0.05)
(91.76 41.1 0.05)
(98.82 41.1 0.05)
(105.88 41.1 0.05)
(112.94 41.1 0.05)
(120 41.1 0.05)
(56.46 43.8 0.05)
(63.52 43.8 0.05)
(70.58 43.8 0.05)
(77.64 43.8 0.05)
(84.7 43.8 0.05)
(91.76 43.8 0.05)
(98.82 43.8 0.05)
(105.88 43.8 0.05)
(112.94 43.8 0.05)
(120 43.8 0.05)
(56.46 46.5 0.05)
(63.52 46.5 0.05)
(70.58 46.5 0.05)
(77.64 46.5 0.05)
(84.7 46.5 0.05)
(91.76 46.5 0.05)
(98.82 46.5 0.05)
(105.88 46.5 0.05)
(112.94 46.5 0.05)
(120 46.5 0.05)
(56.46 49.2 0.05)
(63.52 49.2 0.05)
(70.58 49.2 0.05)
(77.64 49.2 0.05)
(84.7 49.2 0.05)
(91.76 49.2 0.05)
(98.82 49.2 0.05)
(105.88 49.2 0.05)
(112.94 49.2 0.05)
(120 49.2 0.05)
(56.46 51.9 0.05)
(63.52 51.9 0.05)
(70.58 51.9 0.05)
(77.64 51.9 0.05)
(84.7 51.9 0.05)
(91.76 51.9 0.05)
(98.82 51.9 0.05)
(105.88 51.9 0.05)
(112.94 51.9 0.05)
(120 51.9 0.05)
(56.46 54.6 0.05)
(63.52 54.6 0.05)
(70.58 54.6 0.05)
(77.64 54.6 0.05)
(84.7 54.6 0.05)
(91.76 54.6 0.05)
(98.82 54.6 0.05)
(105.88 54.6 0.05)
(112.94 54.6 0.05)
(120 54.6 0.05)
(56.46 57.3 0.05)
(63.52 57.3 0.05)
(70.58 57.3 0.05)
(77.64 57.3 0.05)
(84.7 57.3 0.05)
(91.76 57.3 0.05)
(98.82 57.3 0.05)
(105.88 57.3 0.05)
(112.94 57.3 0.05)
(120 57.3 0.05)
(56.46 60 0.05)
(63.52 60 0.05)
(70.58 60 0.05)
(77.64 60 0.05)
(84.7 60 0.05)
(91.76 60 0.05)
(98.82 60 0.05)
(105.88 60 0.05)
(112.94 60 0.05)
(120 60 0.05)
(49 32.25 0)
(49.04 32.25 0)
(49.08 32.25 0)
(49.12 32.25 0)
(49.16 32.25 0)
(49.2 32.25 0)
(49.24 32.25 0)
(49.28 32.25 0)
(49.32 32.25 0)
(49.36 32.25 0)
(49.4 32.25 0)
(49 32.325 0)
(49.04 32.325 0)
(49.08 32.325 0)
(49.12 32.325 0)
(49.16 32.325 0)
(49.2 32.325 0)
(49.24 32.325 0)
(49.28 32.325 0)
(49.32 32.325 0)
(49.36 32.325 0)
(49.4 32.325 0)
(49 32.4 0)
(49.04 32.4 0)
(49.08 32.4 0)
(49.12 32.4 0)
(49.16 32.4 0)
(49.2 32.4 0)
(49.24 32.4 0)
(49.28 32.4 0)
(49.32 32.4 0)
(49.36 32.4 0)
(49.4 32.4 0)
(49 32.475 0)
(49.04 32.475 0)
(49.08 32.475 0)
(49.12 32.475 0)
(49.16 32.475 0)
(49.2 32.475 0)
(49.24 32.475 0)
(49.28 32.475 0)
(49.32 32.475 0)
(49.36 32.475 0)
(49.4 32.475 0)
(49 32.55 0)
(49.04 32.55 0)
(49.08 32.55 0)
(49.12 32.55 0)
(49.16 32.55 0)
(49.2 32.55 0)
(49.24 32.55 0)
(49.28 32.55 0)
(49.32 32.55 0)
(49.36 32.55 0)
(49.4 32.55 0)
(49 32.625 0)
(49.04 32.625 0)
(49.08 32.625 0)
(49.12 32.625 0)
(49.16 32.625 0)
(49.2 32.625 0)
(49.24 32.625 0)
(49.28 32.625 0)
(49.32 32.625 0)
(49.36 32.625 0)
(49.4 32.625 0)
(49 32.7 0)
(49.04 32.7 0)
(49.08 32.7 0)
(49.12 32.7 0)
(49.16 32.7 0)
(49.2 32.7 0)
(49.24 32.7 0)
(49.28 32.7 0)
(49.32 32.7 0)
(49.36 32.7 0)
(49.4 32.7 0)
(49 32.775 0)
(49.04 32.775 0)
(49.08 32.775 0)
(49.12 32.775 0)
(49.16 32.775 0)
(49.2 32.775 0)
(49.24 32.775 0)
(49.28 32.775 0)
(49.32 32.775 0)
(49.36 32.775 0)
(49.4 32.775 0)
(49 32.85 0)
(49.04 32.85 0)
(49.08 32.85 0)
(49.12 32.85 0)
(49.16 32.85 0)
(49.2 32.85 0)
(49.24 32.85 0)
(49.28 32.85 0)
(49.32 32.85 0)
(49.36 32.85 0)
(49.4 32.85 0)
(49 32.925 0)
(49.04 32.925 0)
(49.08 32.925 0)
(49.12 32.925 0)
(49.16 32.925 0)
(49.2 32.925 0)
(49.24 32.925 0)
(49.28 32.925 0)
(49.32 32.925 0)
(49.36 32.925 0)
(49.4 32.925 0)
(49 32.25 0.05)
(49.04 32.25 0.05)
(49.08 32.25 0.05)
(49.12 32.25 0.05)
(49.16 32.25 0.05)
(49.2 32.25 0.05)
(49.24 32.25 0.05)
(49.28 32.25 0.05)
(49.32 32.25 0.05)
(49.36 32.25 0.05)
(49.4 32.25 0.05)
(49 32.325 0.05)
(49.04 32.325 0.05)
(49.08 32.325 0.05)
(49.12 32.325 0.05)
(49.16 32.325 0.05)
(49.2 32.325 0.05)
(49.24 32.325 0.05)
(49.28 32.325 0.05)
(49.32 32.325 0.05)
(49.36 32.325 0.05)
(49.4 32.325 0.05)
(49 32.4 0.05)
(49.04 32.4 0.05)
(49.08 32.4 0.05)
(49.12 32.4 0.05)
(49.16 32.4 0.05)
(49.2 32.4 0.05)
(49.24 32.4 0.05)
(49.28 32.4 0.05)
(49.32 32.4 0.05)
(49.36 32.4 0.05)
(49.4 32.4 0.05)
(49 32.475 0.05)
(49.04 32.475 0.05)
(49.08 32.475 0.05)
(49.12 32.475 0.05)
(49.16 32.475 0.05)
(49.2 32.475 0.05)
(49.24 32.475 0.05)
(49.28 32.475 0.05)
(49.32 32.475 0.05)
(49.36 32.475 0.05)
(49.4 32.475 0.05)
(49 32.55 0.05)
(49.04 32.55 0.05)
(49.08 32.55 0.05)
(49.12 32.55 0.05)
(49.16 32.55 0.05)
(49.2 32.55 0.05)
(49.24 32.55 0.05)
(49.28 32.55 0.05)
(49.32 32.55 0.05)
(49.36 32.55 0.05)
(49.4 32.55 0.05)
(49 32.625 0.05)
(49.04 32.625 0.05)
(49.08 32.625 0.05)
(49.12 32.625 0.05)
(49.16 32.625 0.05)
(49.2 32.625 0.05)
(49.24 32.625 0.05)
(49.28 32.625 0.05)
(49.32 32.625 0.05)
(49.36 32.625 0.05)
(49.4 32.625 0.05)
(49 32.7 0.05)
(49.04 32.7 0.05)
(49.08 32.7 0.05)
(49.12 32.7 0.05)
(49.16 32.7 0.05)
(49.2 32.7 0.05)
(49.24 32.7 0.05)
(49.28 32.7 0.05)
(49.32 32.7 0.05)
(49.36 32.7 0.05)
(49.4 32.7 0.05)
(49 32.775 0.05)
(49.04 32.775 0.05)
(49.08 32.775 0.05)
(49.12 32.775 0.05)
(49.16 32.775 0.05)
(49.2 32.775 0.05)
(49.24 32.775 0.05)
(49.28 32.775 0.05)
(49.32 32.775 0.05)
(49.36 32.775 0.05)
(49.4 32.775 0.05)
(49 32.85 0.05)
(49.04 32.85 0.05)
(49.08 32.85 0.05)
(49.12 32.85 0.05)
(49.16 32.85 0.05)
(49.2 32.85 0.05)
(49.24 32.85 0.05)
(49.28 32.85 0.05)
(49.32 32.85 0.05)
(49.36 32.85 0.05)
(49.4 32.85 0.05)
(49 32.925 0.05)
(49.04 32.925 0.05)
(49.08 32.925 0.05)
(49.12 32.925 0.05)
(49.16 32.925 0.05)
(49.2 32.925 0.05)
(49.24 32.925 0.05)
(49.28 32.925 0.05)
(49.32 32.925 0.05)
(49.36 32.925 0.05)
(49.4 32.925 0.05)
(56.46 32.25 0)
(63.52 32.25 0)
(70.58 32.25 0)
(77.64 32.25 0)
(84.7 32.25 0)
(91.76 32.25 0)
(98.82 32.25 0)
(105.88 32.25 0)
(112.94 32.25 0)
(120 32.25 0)
(56.46 32.325 0)
(63.52 32.325 0)
(70.58 32.325 0)
(77.64 32.325 0)
(84.7 32.325 0)
(91.76 32.325 0)
(98.82 32.325 0)
(105.88 32.325 0)
(112.94 32.325 0)
(120 32.325 0)
(56.46 32.4 0)
(63.52 32.4 0)
(70.58 32.4 0)
(77.64 32.4 0)
(84.7 32.4 0)
(91.76 32.4 0)
(98.82 32.4 0)
(105.88 32.4 0)
(112.94 32.4 0)
(120 32.4 0)
(56.46 32.475 0)
(63.52 32.475 0)
(70.58 32.475 0)
(77.64 32.475 0)
(84.7 32.475 0)
(91.76 32.475 0)
(98.82 32.475 0)
(105.88 32.475 0)
(112.94 32.475 0)
(120 32.475 0)
(56.46 32.55 0)
(63.52 32.55 0)
(70.58 32.55 0)
(77.64 32.55 0)
(84.7 32.55 0)
(91.76 32.55 0)
(98.82 32.55 0)
(105.88 32.55 0)
(112.94 32.55 0)
(120 32.55 0)
(56.46 32.625 0)
(63.52 32.625 0)
(70.58 32.625 0)
(77.64 32.625 0)
(84.7 32.625 0)
(91.76 32.625 0)
(98.82 32.625 0)
(105.88 32.625 0)
(112.94 32.625 0)
(120 32.625 0)
(56.46 32.7 0)
(63.52 32.7 0)
(70.58 32.7 0)
(77.64 32.7 0)
(84.7 32.7 0)
(91.76 32.7 0)
(98.82 32.7 0)
(105.88 32.7 0)
(112.94 32.7 0)
(120 32.7 0)
(56.46 32.775 0)
(63.52 32.775 0)
(70.58 32.775 0)
(77.64 32.775 0)
(84.7 32.775 0)
(91.76 32.775 0)
(98.82 32.775 0)
(105.88 32.775 0)
(112.94 32.775 0)
(120 32.775 0)
(56.46 32.85 0)
(63.52 32.85 0)
(70.58 32.85 0)
(77.64 32.85 0)
(84.7 32.85 0)
(91.76 32.85 0)
(98.82 32.85 0)
(105.88 32.85 0)
(112.94 32.85 0)
(120 32.85 0)
(56.46 32.925 0)
(63.52 32.925 0)
(70.58 32.925 0)
(77.64 32.925 0)
(84.7 32.925 0)
(91.76 32.925 0)
(98.82 32.925 0)
(105.88 32.925 0)
(112.94 32.925 0)
(120 32.925 0)
(56.46 32.25 0.05)
(63.52 32.25 0.05)
(70.58 32.25 0.05)
(77.64 32.25 0.05)
(84.7 32.25 0.05)
(91.76 32.25 0.05)
(98.82 32.25 0.05)
(105.88 32.25 0.05)
(112.94 32.25 0.05)
(120 32.25 0.05)
(56.46 32.325 0.05)
(63.52 32.325 0.05)
(70.58 32.325 0.05)
(77.64 32.325 0.05)
(84.7 32.325 0.05)
(91.76 32.325 0.05)
(98.82 32.325 0.05)
(105.88 32.325 0.05)
(112.94 32.325 0.05)
(120 32.325 0.05)
(56.46 32.4 0.05)
(63.52 32.4 0.05)
(70.58 32.4 0.05)
(77.64 32.4 0.05)
(84.7 32.4 0.05)
(91.76 32.4 0.05)
(98.82 32.4 0.05)
(105.88 32.4 0.05)
(112.94 32.4 0.05)
(120 32.4 0.05)
(56.46 32.475 0.05)
(63.52 32.475 0.05)
(70.58 32.475 0.05)
(77.64 32.475 0.05)
(84.7 32.475 0.05)
(91.76 32.475 0.05)
(98.82 32.475 0.05)
(105.88 32.475 0.05)
(112.94 32.475 0.05)
(120 32.475 0.05)
(56.46 32.55 0.05)
(63.52 32.55 0.05)
(70.58 32.55 0.05)
(77.64 32.55 0.05)
(84.7 32.55 0.05)
(91.76 32.55 0.05)
(98.82 32.55 0.05)
(105.88 32.55 0.05)
(112.94 32.55 0.05)
(120 32.55 0.05)
(56.46 32.625 0.05)
(63.52 32.625 0.05)
(70.58 32.625 0.05)
(77.64 32.625 0.05)
(84.7 32.625 0.05)
(91.76 32.625 0.05)
(98.82 32.625 0.05)
(105.88 32.625 0.05)
(112.94 32.625 0.05)
(120 32.625 0.05)
(56.46 32.7 0.05)
(63.52 32.7 0.05)
(70.58 32.7 0.05)
(77.64 32.7 0.05)
(84.7 32.7 0.05)
(91.76 32.7 0.05)
(98.82 32.7 0.05)
(105.88 32.7 0.05)
(112.94 32.7 0.05)
(120 32.7 0.05)
(56.46 32.775 0.05)
(63.52 32.775 0.05)
(70.58 32.775 0.05)
(77.64 32.775 0.05)
(84.7 32.775 0.05)
(91.76 32.775 0.05)
(98.82 32.775 0.05)
(105.88 32.775 0.05)
(112.94 32.775 0.05)
(120 32.775 0.05)
(56.46 32.85 0.05)
(63.52 32.85 0.05)
(70.58 32.85 0.05)
(77.64 32.85 0.05)
(84.7 32.85 0.05)
(91.76 32.85 0.05)
(98.82 32.85 0.05)
(105.88 32.85 0.05)
(112.94 32.85 0.05)
(120 32.85 0.05)
(56.46 32.925 0.05)
(63.52 32.925 0.05)
(70.58 32.925 0.05)
(77.64 32.925 0.05)
(84.7 32.925 0.05)
(91.76 32.925 0.05)
(98.82 32.925 0.05)
(105.88 32.925 0.05)
(112.94 32.925 0.05)
(120 32.925 0.05)
(49.4 27.75 0)
(56.46 27.75 0)
(63.52 27.75 0)
(70.58 27.75 0)
(77.64 27.75 0)
(84.7 27.75 0)
(91.76 27.75 0)
(98.82 27.75 0)
(105.88 27.75 0)
(112.94 27.75 0)
(120 27.75 0)
(49.4 28.2 0)
(56.46 28.2 0)
(63.52 28.2 0)
(70.58 28.2 0)
(77.64 28.2 0)
(84.7 28.2 0)
(91.76 28.2 0)
(98.82 28.2 0)
(105.88 28.2 0)
(112.94 28.2 0)
(120 28.2 0)
(49.4 28.65 0)
(56.46 28.65 0)
(63.52 28.65 0)
(70.58 28.65 0)
(77.64 28.65 0)
(84.7 28.65 0)
(91.76 28.65 0)
(98.82 28.65 0)
(105.88 28.65 0)
(112.94 28.65 0)
(120 28.65 0)
(49.4 29.1 0)
(56.46 29.1 0)
(63.52 29.1 0)
(70.58 29.1 0)
(77.64 29.1 0)
(84.7 29.1 0)
(91.76 29.1 0)
(98.82 29.1 0)
(105.88 29.1 0)
(112.94 29.1 0)
(120 29.1 0)
(49.4 29.55 0)
(56.46 29.55 0)
(63.52 29.55 0)
(70.58 29.55 0)
(77.64 29.55 0)
(84.7 29.55 0)
(91.76 29.55 0)
(98.82 29.55 0)
(105.88 29.55 0)
(112.94 29.55 0)
(120 29.55 0)
(49.4 30 0)
(56.46 30 0)
(63.52 30 0)
(70.58 30 0)
(77.64 30 0)
(84.7 30 0)
(91.76 30 0)
(98.82 30 0)
(105.88 30 0)
(112.94 30 0)
(120 30 0)
(49.4 30.45 0)
(56.46 30.45 0)
(63.52 30.45 0)
(70.58 30.45 0)
(77.64 30.45 0)
(84.7 30.45 0)
(91.76 30.45 0)
(98.82 30.45 0)
(105.88 30.45 0)
(112.94 30.45 0)
(120 30.45 0)
(49.4 30.9 0)
(56.46 30.9 0)
(63.52 30.9 0)
(70.58 30.9 0)
(77.64 30.9 0)
(84.7 30.9 0)
(91.76 30.9 0)
(98.82 30.9 0)
(105.88 30.9 0)
(112.94 30.9 0)
(120 30.9 0)
(49.4 31.35 0)
(56.46 31.35 0)
(63.52 31.35 0)
(70.58 31.35 0)
(77.64 31.35 0)
(84.7 31.35 0)
(91.76 31.35 0)
(98.82 31.35 0)
(105.88 31.35 0)
(112.94 31.35 0)
(120 31.35 0)
(49.4 31.8 0)
(56.46 31.8 0)
(63.52 31.8 0)
(70.58 31.8 0)
(77.64 31.8 0)
(84.7 31.8 0)
(91.76 31.8 0)
(98.82 31.8 0)
(105.88 31.8 0)
(112.94 31.8 0)
(120 31.8 0)
(49.4 27.75 0.05)
(56.46 27.75 0.05)
(63.52 27.75 0.05)
(70.58 27.75 0.05)
(77.64 27.75 0.05)
(84.7 27.75 0.05)
(91.76 27.75 0.05)
(98.82 27.75 0.05)
(105.88 27.75 0.05)
(112.94 27.75 0.05)
(120 27.75 0.05)
(49.4 28.2 0.05)
(56.46 28.2 0.05)
(63.52 28.2 0.05)
(70.58 28.2 0.05)
(77.64 28.2 0.05)
(84.7 28.2 0.05)
(91.76 28.2 0.05)
(98.82 28.2 0.05)
(105.88 28.2 0.05)
(112.94 28.2 0.05)
(120 28.2 0.05)
(49.4 28.65 0.05)
(56.46 28.65 0.05)
(63.52 28.65 0.05)
(70.58 28.65 0.05)
(77.64 28.65 0.05)
(84.7 28.65 0.05)
(91.76 28.65 0.05)
(98.82 28.65 0.05)
(105.88 28.65 0.05)
(112.94 28.65 0.05)
(120 28.65 0.05)
(49.4 29.1 0.05)
(56.46 29.1 0.05)
(63.52 29.1 0.05)
(70.58 29.1 0.05)
(77.64 29.1 0.05)
(84.7 29.1 0.05)
(91.76 29.1 0.05)
(98.82 29.1 0.05)
(105.88 29.1 0.05)
(112.94 29.1 0.05)
(120 29.1 0.05)
(49.4 29.55 0.05)
(56.46 29.55 0.05)
(63.52 29.55 0.05)
(70.58 29.55 0.05)
(77.64 29.55 0.05)
(84.7 29.55 0.05)
(91.76 29.55 0.05)
(98.82 29.55 0.05)
(105.88 29.55 0.05)
(112.94 29.55 0.05)
(120 29.55 0.05)
(49.4 30 0.05)
(56.46 30 0.05)
(63.52 30 0.05)
(70.58 30 0.05)
(77.64 30 0.05)
(84.7 30 0.05)
(91.76 30 0.05)
(98.82 30 0.05)
(105.88 30 0.05)
(112.94 30 0.05)
(120 30 0.05)
(49.4 30.45 0.05)
(56.46 30.45 0.05)
(63.52 30.45 0.05)
(70.58 30.45 0.05)
(77.64 30.45 0.05)
(84.7 30.45 0.05)
(91.76 30.45 0.05)
(98.82 30.45 0.05)
(105.88 30.45 0.05)
(112.94 30.45 0.05)
(120 30.45 0.05)
(49.4 30.9 0.05)
(56.46 30.9 0.05)
(63.52 30.9 0.05)
(70.58 30.9 0.05)
(77.64 30.9 0.05)
(84.7 30.9 0.05)
(91.76 30.9 0.05)
(98.82 30.9 0.05)
(105.88 30.9 0.05)
(112.94 30.9 0.05)
(120 30.9 0.05)
(49.4 31.35 0.05)
(56.46 31.35 0.05)
(63.52 31.35 0.05)
(70.58 31.35 0.05)
(77.64 31.35 0.05)
(84.7 31.35 0.05)
(91.76 31.35 0.05)
(98.82 31.35 0.05)
(105.88 31.35 0.05)
(112.94 31.35 0.05)
(120 31.35 0.05)
(49.4 31.8 0.05)
(56.46 31.8 0.05)
(63.52 31.8 0.05)
(70.58 31.8 0.05)
(77.64 31.8 0.05)
(84.7 31.8 0.05)
(91.76 31.8 0.05)
(98.82 31.8 0.05)
(105.88 31.8 0.05)
(112.94 31.8 0.05)
(120 31.8 0.05)
(49.4 27 0)
(56.46 27 0)
(63.52 27 0)
(70.58 27 0)
(77.64 27 0)
(84.7 27 0)
(91.76 27 0)
(98.82 27 0)
(105.88 27 0)
(112.94 27 0)
(120 27 0)
(49.4 27.075 0)
(56.46 27.075 0)
(63.52 27.075 0)
(70.58 27.075 0)
(77.64 27.075 0)
(84.7 27.075 0)
(91.76 27.075 0)
(98.82 27.075 0)
(105.88 27.075 0)
(112.94 27.075 0)
(120 27.075 0)
(49.4 27.15 0)
(56.46 27.15 0)
(63.52 27.15 0)
(70.58 27.15 0)
(77.64 27.15 0)
(84.7 27.15 0)
(91.76 27.15 0)
(98.82 27.15 0)
(105.88 27.15 0)
(112.94 27.15 0)
(120 27.15 0)
(49.4 27.225 0)
(56.46 27.225 0)
(63.52 27.225 0)
(70.58 27.225 0)
(77.64 27.225 0)
(84.7 27.225 0)
(91.76 27.225 0)
(98.82 27.225 0)
(105.88 27.225 0)
(112.94 27.225 0)
(120 27.225 0)
(49.4 27.3 0)
(56.46 27.3 0)
(63.52 27.3 0)
(70.58 27.3 0)
(77.64 27.3 0)
(84.7 27.3 0)
(91.76 27.3 0)
(98.82 27.3 0)
(105.88 27.3 0)
(112.94 27.3 0)
(120 27.3 0)
(49.4 27.375 0)
(56.46 27.375 0)
(63.52 27.375 0)
(70.58 27.375 0)
(77.64 27.375 0)
(84.7 27.375 0)
(91.76 27.375 0)
(98.82 27.375 0)
(105.88 27.375 0)
(112.94 27.375 0)
(120 27.375 0)
(49.4 27.45 0)
(56.46 27.45 0)
(63.52 27.45 0)
(70.58 27.45 0)
(77.64 27.45 0)
(84.7 27.45 0)
(91.76 27.45 0)
(98.82 27.45 0)
(105.88 27.45 0)
(112.94 27.45 0)
(120 27.45 0)
(49.4 27.525 0)
(56.46 27.525 0)
(63.52 27.525 0)
(70.58 27.525 0)
(77.64 27.525 0)
(84.7 27.525 0)
(91.76 27.525 0)
(98.82 27.525 0)
(105.88 27.525 0)
(112.94 27.525 0)
(120 27.525 0)
(49.4 27.6 0)
(56.46 27.6 0)
(63.52 27.6 0)
(70.58 27.6 0)
(77.64 27.6 0)
(84.7 27.6 0)
(91.76 27.6 0)
(98.82 27.6 0)
(105.88 27.6 0)
(112.94 27.6 0)
(120 27.6 0)
(49.4 27.675 0)
(56.46 27.675 0)
(63.52 27.675 0)
(70.58 27.675 0)
(77.64 27.675 0)
(84.7 27.675 0)
(91.76 27.675 0)
(98.82 27.675 0)
(105.88 27.675 0)
(112.94 27.675 0)
(120 27.675 0)
(49.4 27 0.05)
(56.46 27 0.05)
(63.52 27 0.05)
(70.58 27 0.05)
(77.64 27 0.05)
(84.7 27 0.05)
(91.76 27 0.05)
(98.82 27 0.05)
(105.88 27 0.05)
(112.94 27 0.05)
(120 27 0.05)
(49.4 27.075 0.05)
(56.46 27.075 0.05)
(63.52 27.075 0.05)
(70.58 27.075 0.05)
(77.64 27.075 0.05)
(84.7 27.075 0.05)
(91.76 27.075 0.05)
(98.82 27.075 0.05)
(105.88 27.075 0.05)
(112.94 27.075 0.05)
(120 27.075 0.05)
(49.4 27.15 0.05)
(56.46 27.15 0.05)
(63.52 27.15 0.05)
(70.58 27.15 0.05)
(77.64 27.15 0.05)
(84.7 27.15 0.05)
(91.76 27.15 0.05)
(98.82 27.15 0.05)
(105.88 27.15 0.05)
(112.94 27.15 0.05)
(120 27.15 0.05)
(49.4 27.225 0.05)
(56.46 27.225 0.05)
(63.52 27.225 0.05)
(70.58 27.225 0.05)
(77.64 27.225 0.05)
(84.7 27.225 0.05)
(91.76 27.225 0.05)
(98.82 27.225 0.05)
(105.88 27.225 0.05)
(112.94 27.225 0.05)
(120 27.225 0.05)
(49.4 27.3 0.05)
(56.46 27.3 0.05)
(63.52 27.3 0.05)
(70.58 27.3 0.05)
(77.64 27.3 0.05)
(84.7 27.3 0.05)
(91.76 27.3 0.05)
(98.82 27.3 0.05)
(105.88 27.3 0.05)
(112.94 27.3 0.05)
(120 27.3 0.05)
(49.4 27.375 0.05)
(56.46 27.375 0.05)
(63.52 27.375 0.05)
(70.58 27.375 0.05)
(77.64 27.375 0.05)
(84.7 27.375 0.05)
(91.76 27.375 0.05)
(98.82 27.375 0.05)
(105.88 27.375 0.05)
(112.94 27.375 0.05)
(120 27.375 0.05)
(49.4 27.45 0.05)
(56.46 27.45 0.05)
(63.52 27.45 0.05)
(70.58 27.45 0.05)
(77.64 27.45 0.05)
(84.7 27.45 0.05)
(91.76 27.45 0.05)
(98.82 27.45 0.05)
(105.88 27.45 0.05)
(112.94 27.45 0.05)
(120 27.45 0.05)
(49.4 27.525 0.05)
(56.46 27.525 0.05)
(63.52 27.525 0.05)
(70.58 27.525 0.05)
(77.64 27.525 0.05)
(84.7 27.525 0.05)
(91.76 27.525 0.05)
(98.82 27.525 0.05)
(105.88 27.525 0.05)
(112.94 27.525 0.05)
(120 27.525 0.05)
(49.4 27.6 0.05)
(56.46 27.6 0.05)
(63.52 27.6 0.05)
(70.58 27.6 0.05)
(77.64 27.6 0.05)
(84.7 27.6 0.05)
(91.76 27.6 0.05)
(98.82 27.6 0.05)
(105.88 27.6 0.05)
(112.94 27.6 0.05)
(120 27.6 0.05)
(49.4 27.675 0.05)
(56.46 27.675 0.05)
(63.52 27.675 0.05)
(70.58 27.675 0.05)
(77.64 27.675 0.05)
(84.7 27.675 0.05)
(91.76 27.675 0.05)
(98.82 27.675 0.05)
(105.88 27.675 0.05)
(112.94 27.675 0.05)
(120 27.675 0.05)
(49 27 0)
(49.04 27 0)
(49.08 27 0)
(49.12 27 0)
(49.16 27 0)
(49.2 27 0)
(49.24 27 0)
(49.28 27 0)
(49.32 27 0)
(49.36 27 0)
(49 27.075 0)
(49.04 27.075 0)
(49.08 27.075 0)
(49.12 27.075 0)
(49.16 27.075 0)
(49.2 27.075 0)
(49.24 27.075 0)
(49.28 27.075 0)
(49.32 27.075 0)
(49.36 27.075 0)
(49 27.15 0)
(49.04 27.15 0)
(49.08 27.15 0)
(49.12 27.15 0)
(49.16 27.15 0)
(49.2 27.15 0)
(49.24 27.15 0)
(49.28 27.15 0)
(49.32 27.15 0)
(49.36 27.15 0)
(49 27.225 0)
(49.04 27.225 0)
(49.08 27.225 0)
(49.12 27.225 0)
(49.16 27.225 0)
(49.2 27.225 0)
(49.24 27.225 0)
(49.28 27.225 0)
(49.32 27.225 0)
(49.36 27.225 0)
(49 27.3 0)
(49.04 27.3 0)
(49.08 27.3 0)
(49.12 27.3 0)
(49.16 27.3 0)
(49.2 27.3 0)
(49.24 27.3 0)
(49.28 27.3 0)
(49.32 27.3 0)
(49.36 27.3 0)
(49 27.375 0)
(49.04 27.375 0)
(49.08 27.375 0)
(49.12 27.375 0)
(49.16 27.375 0)
(49.2 27.375 0)
(49.24 27.375 0)
(49.28 27.375 0)
(49.32 27.375 0)
(49.36 27.375 0)
(49 27.45 0)
(49.04 27.45 0)
(49.08 27.45 0)
(49.12 27.45 0)
(49.16 27.45 0)
(49.2 27.45 0)
(49.24 27.45 0)
(49.28 27.45 0)
(49.32 27.45 0)
(49.36 27.45 0)
(49 27.525 0)
(49.04 27.525 0)
(49.08 27.525 0)
(49.12 27.525 0)
(49.16 27.525 0)
(49.2 27.525 0)
(49.24 27.525 0)
(49.28 27.525 0)
(49.32 27.525 0)
(49.36 27.525 0)
(49 27.6 0)
(49.04 27.6 0)
(49.08 27.6 0)
(49.12 27.6 0)
(49.16 27.6 0)
(49.2 27.6 0)
(49.24 27.6 0)
(49.28 27.6 0)
(49.32 27.6 0)
(49.36 27.6 0)
(49 27.675 0)
(49.04 27.675 0)
(49.08 27.675 0)
(49.12 27.675 0)
(49.16 27.675 0)
(49.2 27.675 0)
(49.24 27.675 0)
(49.28 27.675 0)
(49.32 27.675 0)
(49.36 27.675 0)
(49 27.75 0)
(49.04 27.75 0)
(49.08 27.75 0)
(49.12 27.75 0)
(49.16 27.75 0)
(49.2 27.75 0)
(49.24 27.75 0)
(49.28 27.75 0)
(49.32 27.75 0)
(49.36 27.75 0)
(49 27 0.05)
(49.04 27 0.05)
(49.08 27 0.05)
(49.12 27 0.05)
(49.16 27 0.05)
(49.2 27 0.05)
(49.24 27 0.05)
(49.28 27 0.05)
(49.32 27 0.05)
(49.36 27 0.05)
(49 27.075 0.05)
(49.04 27.075 0.05)
(49.08 27.075 0.05)
(49.12 27.075 0.05)
(49.16 27.075 0.05)
(49.2 27.075 0.05)
(49.24 27.075 0.05)
(49.28 27.075 0.05)
(49.32 27.075 0.05)
(49.36 27.075 0.05)
(49 27.15 0.05)
(49.04 27.15 0.05)
(49.08 27.15 0.05)
(49.12 27.15 0.05)
(49.16 27.15 0.05)
(49.2 27.15 0.05)
(49.24 27.15 0.05)
(49.28 27.15 0.05)
(49.32 27.15 0.05)
(49.36 27.15 0.05)
(49 27.225 0.05)
(49.04 27.225 0.05)
(49.08 27.225 0.05)
(49.12 27.225 0.05)
(49.16 27.225 0.05)
(49.2 27.225 0.05)
(49.24 27.225 0.05)
(49.28 27.225 0.05)
(49.32 27.225 0.05)
(49.36 27.225 0.05)
(49 27.3 0.05)
(49.04 27.3 0.05)
(49.08 27.3 0.05)
(49.12 27.3 0.05)
(49.16 27.3 0.05)
(49.2 27.3 0.05)
(49.24 27.3 0.05)
(49.28 27.3 0.05)
(49.32 27.3 0.05)
(49.36 27.3 0.05)
(49 27.375 0.05)
(49.04 27.375 0.05)
(49.08 27.375 0.05)
(49.12 27.375 0.05)
(49.16 27.375 0.05)
(49.2 27.375 0.05)
(49.24 27.375 0.05)
(49.28 27.375 0.05)
(49.32 27.375 0.05)
(49.36 27.375 0.05)
(49 27.45 0.05)
(49.04 27.45 0.05)
(49.08 27.45 0.05)
(49.12 27.45 0.05)
(49.16 27.45 0.05)
(49.2 27.45 0.05)
(49.24 27.45 0.05)
(49.28 27.45 0.05)
(49.32 27.45 0.05)
(49.36 27.45 0.05)
(49 27.525 0.05)
(49.04 27.525 0.05)
(49.08 27.525 0.05)
(49.12 27.525 0.05)
(49.16 27.525 0.05)
(49.2 27.525 0.05)
(49.24 27.525 0.05)
(49.28 27.525 0.05)
(49.32 27.525 0.05)
(49.36 27.525 0.05)
(49 27.6 0.05)
(49.04 27.6 0.05)
(49.08 27.6 0.05)
(49.12 27.6 0.05)
(49.16 27.6 0.05)
(49.2 27.6 0.05)
(49.24 27.6 0.05)
(49.28 27.6 0.05)
(49.32 27.6 0.05)
(49.36 27.6 0.05)
(49 27.675 0.05)
(49.04 27.675 0.05)
(49.08 27.675 0.05)
(49.12 27.675 0.05)
(49.16 27.675 0.05)
(49.2 27.675 0.05)
(49.24 27.675 0.05)
(49.28 27.675 0.05)
(49.32 27.675 0.05)
(49.36 27.675 0.05)
(49 27.75 0.05)
(49.04 27.75 0.05)
(49.08 27.75 0.05)
(49.12 27.75 0.05)
(49.16 27.75 0.05)
(49.2 27.75 0.05)
(49.24 27.75 0.05)
(49.28 27.75 0.05)
(49.32 27.75 0.05)
(49.36 27.75 0.05)
(49.4 0 0)
(56.46 0 0)
(63.52 0 0)
(70.58 0 0)
(77.64 0 0)
(84.7 0 0)
(91.76 0 0)
(98.82 0 0)
(105.88 0 0)
(112.94 0 0)
(120 0 0)
(49.4 2.7 0)
(56.46 2.7 0)
(63.52 2.7 0)
(70.58 2.7 0)
(77.64 2.7 0)
(84.7 2.7 0)
(91.76 2.7 0)
(98.82 2.7 0)
(105.88 2.7 0)
(112.94 2.7 0)
(120 2.7 0)
(49.4 5.4 0)
(56.46 5.4 0)
(63.52 5.4 0)
(70.58 5.4 0)
(77.64 5.4 0)
(84.7 5.4 0)
(91.76 5.4 0)
(98.82 5.4 0)
(105.88 5.4 0)
(112.94 5.4 0)
(120 5.4 0)
(49.4 8.1 0)
(56.46 8.1 0)
(63.52 8.1 0)
(70.58 8.1 0)
(77.64 8.1 0)
(84.7 8.1 0)
(91.76 8.1 0)
(98.82 8.1 0)
(105.88 8.1 0)
(112.94 8.1 0)
(120 8.1 0)
(49.4 10.8 0)
(56.46 10.8 0)
(63.52 10.8 0)
(70.58 10.8 0)
(77.64 10.8 0)
(84.7 10.8 0)
(91.76 10.8 0)
(98.82 10.8 0)
(105.88 10.8 0)
(112.94 10.8 0)
(120 10.8 0)
(49.4 13.5 0)
(56.46 13.5 0)
(63.52 13.5 0)
(70.58 13.5 0)
(77.64 13.5 0)
(84.7 13.5 0)
(91.76 13.5 0)
(98.82 13.5 0)
(105.88 13.5 0)
(112.94 13.5 0)
(120 13.5 0)
(49.4 16.2 0)
(56.46 16.2 0)
(63.52 16.2 0)
(70.58 16.2 0)
(77.64 16.2 0)
(84.7 16.2 0)
(91.76 16.2 0)
(98.82 16.2 0)
(105.88 16.2 0)
(112.94 16.2 0)
(120 16.2 0)
(49.4 18.9 0)
(56.46 18.9 0)
(63.52 18.9 0)
(70.58 18.9 0)
(77.64 18.9 0)
(84.7 18.9 0)
(91.76 18.9 0)
(98.82 18.9 0)
(105.88 18.9 0)
(112.94 18.9 0)
(120 18.9 0)
(49.4 21.6 0)
(56.46 21.6 0)
(63.52 21.6 0)
(70.58 21.6 0)
(77.64 21.6 0)
(84.7 21.6 0)
(91.76 21.6 0)
(98.82 21.6 0)
(105.88 21.6 0)
(112.94 21.6 0)
(120 21.6 0)
(49.4 24.3 0)
(56.46 24.3 0)
(63.52 24.3 0)
(70.58 24.3 0)
(77.64 24.3 0)
(84.7 24.3 0)
(91.76 24.3 0)
(98.82 24.3 0)
(105.88 24.3 0)
(112.94 24.3 0)
(120 24.3 0)
(49.4 0 0.05)
(56.46 0 0.05)
(63.52 0 0.05)
(70.58 0 0.05)
(77.64 0 0.05)
(84.7 0 0.05)
(91.76 0 0.05)
(98.82 0 0.05)
(105.88 0 0.05)
(112.94 0 0.05)
(120 0 0.05)
(49.4 2.7 0.05)
(56.46 2.7 0.05)
(63.52 2.7 0.05)
(70.58 2.7 0.05)
(77.64 2.7 0.05)
(84.7 2.7 0.05)
(91.76 2.7 0.05)
(98.82 2.7 0.05)
(105.88 2.7 0.05)
(112.94 2.7 0.05)
(120 2.7 0.05)
(49.4 5.4 0.05)
(56.46 5.4 0.05)
(63.52 5.4 0.05)
(70.58 5.4 0.05)
(77.64 5.4 0.05)
(84.7 5.4 0.05)
(91.76 5.4 0.05)
(98.82 5.4 0.05)
(105.88 5.4 0.05)
(112.94 5.4 0.05)
(120 5.4 0.05)
(49.4 8.1 0.05)
(56.46 8.1 0.05)
(63.52 8.1 0.05)
(70.58 8.1 0.05)
(77.64 8.1 0.05)
(84.7 8.1 0.05)
(91.76 8.1 0.05)
(98.82 8.1 0.05)
(105.88 8.1 0.05)
(112.94 8.1 0.05)
(120 8.1 0.05)
(49.4 10.8 0.05)
(56.46 10.8 0.05)
(63.52 10.8 0.05)
(70.58 10.8 0.05)
(77.64 10.8 0.05)
(84.7 10.8 0.05)
(91.76 10.8 0.05)
(98.82 10.8 0.05)
(105.88 10.8 0.05)
(112.94 10.8 0.05)
(120 10.8 0.05)
(49.4 13.5 0.05)
(56.46 13.5 0.05)
(63.52 13.5 0.05)
(70.58 13.5 0.05)
(77.64 13.5 0.05)
(84.7 13.5 0.05)
(91.76 13.5 0.05)
(98.82 13.5 0.05)
(105.88 13.5 0.05)
(112.94 13.5 0.05)
(120 13.5 0.05)
(49.4 16.2 0.05)
(56.46 16.2 0.05)
(63.52 16.2 0.05)
(70.58 16.2 0.05)
(77.64 16.2 0.05)
(84.7 16.2 0.05)
(91.76 16.2 0.05)
(98.82 16.2 0.05)
(105.88 16.2 0.05)
(112.94 16.2 0.05)
(120 16.2 0.05)
(49.4 18.9 0.05)
(56.46 18.9 0.05)
(63.52 18.9 0.05)
(70.58 18.9 0.05)
(77.64 18.9 0.05)
(84.7 18.9 0.05)
(91.76 18.9 0.05)
(98.82 18.9 0.05)
(105.88 18.9 0.05)
(112.94 18.9 0.05)
(120 18.9 0.05)
(49.4 21.6 0.05)
(56.46 21.6 0.05)
(63.52 21.6 0.05)
(70.58 21.6 0.05)
(77.64 21.6 0.05)
(84.7 21.6 0.05)
(91.76 21.6 0.05)
(98.82 21.6 0.05)
(105.88 21.6 0.05)
(112.94 21.6 0.05)
(120 21.6 0.05)
(49.4 24.3 0.05)
(56.46 24.3 0.05)
(63.52 24.3 0.05)
(70.58 24.3 0.05)
(77.64 24.3 0.05)
(84.7 24.3 0.05)
(91.76 24.3 0.05)
(98.82 24.3 0.05)
(105.88 24.3 0.05)
(112.94 24.3 0.05)
(120 24.3 0.05)
(49 0 0)
(49.04 0 0)
(49.08 0 0)
(49.12 0 0)
(49.16 0 0)
(49.2 0 0)
(49.24 0 0)
(49.28 0 0)
(49.32 0 0)
(49.36 0 0)
(49 2.7 0)
(49.04 2.7 0)
(49.08 2.7 0)
(49.12 2.7 0)
(49.16 2.7 0)
(49.2 2.7 0)
(49.24 2.7 0)
(49.28 2.7 0)
(49.32 2.7 0)
(49.36 2.7 0)
(49 5.4 0)
(49.04 5.4 0)
(49.08 5.4 0)
(49.12 5.4 0)
(49.16 5.4 0)
(49.2 5.4 0)
(49.24 5.4 0)
(49.28 5.4 0)
(49.32 5.4 0)
(49.36 5.4 0)
(49 8.1 0)
(49.04 8.1 0)
(49.08 8.1 0)
(49.12 8.1 0)
(49.16 8.1 0)
(49.2 8.1 0)
(49.24 8.1 0)
(49.28 8.1 0)
(49.32 8.1 0)
(49.36 8.1 0)
(49 10.8 0)
(49.04 10.8 0)
(49.08 10.8 0)
(49.12 10.8 0)
(49.16 10.8 0)
(49.2 10.8 0)
(49.24 10.8 0)
(49.28 10.8 0)
(49.32 10.8 0)
(49.36 10.8 0)
(49 13.5 0)
(49.04 13.5 0)
(49.08 13.5 0)
(49.12 13.5 0)
(49.16 13.5 0)
(49.2 13.5 0)
(49.24 13.5 0)
(49.28 13.5 0)
(49.32 13.5 0)
(49.36 13.5 0)
(49 16.2 0)
(49.04 16.2 0)
(49.08 16.2 0)
(49.12 16.2 0)
(49.16 16.2 0)
(49.2 16.2 0)
(49.24 16.2 0)
(49.28 16.2 0)
(49.32 16.2 0)
(49.36 16.2 0)
(49 18.9 0)
(49.04 18.9 0)
(49.08 18.9 0)
(49.12 18.9 0)
(49.16 18.9 0)
(49.2 18.9 0)
(49.24 18.9 0)
(49.28 18.9 0)
(49.32 18.9 0)
(49.36 18.9 0)
(49 21.6 0)
(49.04 21.6 0)
(49.08 21.6 0)
(49.12 21.6 0)
(49.16 21.6 0)
(49.2 21.6 0)
(49.24 21.6 0)
(49.28 21.6 0)
(49.32 21.6 0)
(49.36 21.6 0)
(49 24.3 0)
(49.04 24.3 0)
(49.08 24.3 0)
(49.12 24.3 0)
(49.16 24.3 0)
(49.2 24.3 0)
(49.24 24.3 0)
(49.28 24.3 0)
(49.32 24.3 0)
(49.36 24.3 0)
(49 0 0.05)
(49.04 0 0.05)
(49.08 0 0.05)
(49.12 0 0.05)
(49.16 0 0.05)
(49.2 0 0.05)
(49.24 0 0.05)
(49.28 0 0.05)
(49.32 0 0.05)
(49.36 0 0.05)
(49 2.7 0.05)
(49.04 2.7 0.05)
(49.08 2.7 0.05)
(49.12 2.7 0.05)
(49.16 2.7 0.05)
(49.2 2.7 0.05)
(49.24 2.7 0.05)
(49.28 2.7 0.05)
(49.32 2.7 0.05)
(49.36 2.7 0.05)
(49 5.4 0.05)
(49.04 5.4 0.05)
(49.08 5.4 0.05)
(49.12 5.4 0.05)
(49.16 5.4 0.05)
(49.2 5.4 0.05)
(49.24 5.4 0.05)
(49.28 5.4 0.05)
(49.32 5.4 0.05)
(49.36 5.4 0.05)
(49 8.1 0.05)
(49.04 8.1 0.05)
(49.08 8.1 0.05)
(49.12 8.1 0.05)
(49.16 8.1 0.05)
(49.2 8.1 0.05)
(49.24 8.1 0.05)
(49.28 8.1 0.05)
(49.32 8.1 0.05)
(49.36 8.1 0.05)
(49 10.8 0.05)
(49.04 10.8 0.05)
(49.08 10.8 0.05)
(49.12 10.8 0.05)
(49.16 10.8 0.05)
(49.2 10.8 0.05)
(49.24 10.8 0.05)
(49.28 10.8 0.05)
(49.32 10.8 0.05)
(49.36 10.8 0.05)
(49 13.5 0.05)
(49.04 13.5 0.05)
(49.08 13.5 0.05)
(49.12 13.5 0.05)
(49.16 13.5 0.05)
(49.2 13.5 0.05)
(49.24 13.5 0.05)
(49.28 13.5 0.05)
(49.32 13.5 0.05)
(49.36 13.5 0.05)
(49 16.2 0.05)
(49.04 16.2 0.05)
(49.08 16.2 0.05)
(49.12 16.2 0.05)
(49.16 16.2 0.05)
(49.2 16.2 0.05)
(49.24 16.2 0.05)
(49.28 16.2 0.05)
(49.32 16.2 0.05)
(49.36 16.2 0.05)
(49 18.9 0.05)
(49.04 18.9 0.05)
(49.08 18.9 0.05)
(49.12 18.9 0.05)
(49.16 18.9 0.05)
(49.2 18.9 0.05)
(49.24 18.9 0.05)
(49.28 18.9 0.05)
(49.32 18.9 0.05)
(49.36 18.9 0.05)
(49 21.6 0.05)
(49.04 21.6 0.05)
(49.08 21.6 0.05)
(49.12 21.6 0.05)
(49.16 21.6 0.05)
(49.2 21.6 0.05)
(49.24 21.6 0.05)
(49.28 21.6 0.05)
(49.32 21.6 0.05)
(49.36 21.6 0.05)
(49 24.3 0.05)
(49.04 24.3 0.05)
(49.08 24.3 0.05)
(49.12 24.3 0.05)
(49.16 24.3 0.05)
(49.2 24.3 0.05)
(49.24 24.3 0.05)
(49.28 24.3 0.05)
(49.32 24.3 0.05)
(49.36 24.3 0.05)
(9 0 0)
(13 0 0)
(17 0 0)
(21 0 0)
(25 0 0)
(29 0 0)
(33 0 0)
(37 0 0)
(41 0 0)
(45 0 0)
(9 2.7 0)
(13 2.7 0)
(17 2.7 0)
(21 2.7 0)
(25 2.7 0)
(29 2.7 0)
(33 2.7 0)
(37 2.7 0)
(41 2.7 0)
(45 2.7 0)
(9 5.4 0)
(13 5.4 0)
(17 5.4 0)
(21 5.4 0)
(25 5.4 0)
(29 5.4 0)
(33 5.4 0)
(37 5.4 0)
(41 5.4 0)
(45 5.4 0)
(9 8.1 0)
(13 8.1 0)
(17 8.1 0)
(21 8.1 0)
(25 8.1 0)
(29 8.1 0)
(33 8.1 0)
(37 8.1 0)
(41 8.1 0)
(45 8.1 0)
(9 10.8 0)
(13 10.8 0)
(17 10.8 0)
(21 10.8 0)
(25 10.8 0)
(29 10.8 0)
(33 10.8 0)
(37 10.8 0)
(41 10.8 0)
(45 10.8 0)
(9 13.5 0)
(13 13.5 0)
(17 13.5 0)
(21 13.5 0)
(25 13.5 0)
(29 13.5 0)
(33 13.5 0)
(37 13.5 0)
(41 13.5 0)
(45 13.5 0)
(9 16.2 0)
(13 16.2 0)
(17 16.2 0)
(21 16.2 0)
(25 16.2 0)
(29 16.2 0)
(33 16.2 0)
(37 16.2 0)
(41 16.2 0)
(45 16.2 0)
(9 18.9 0)
(13 18.9 0)
(17 18.9 0)
(21 18.9 0)
(25 18.9 0)
(29 18.9 0)
(33 18.9 0)
(37 18.9 0)
(41 18.9 0)
(45 18.9 0)
(9 21.6 0)
(13 21.6 0)
(17 21.6 0)
(21 21.6 0)
(25 21.6 0)
(29 21.6 0)
(33 21.6 0)
(37 21.6 0)
(41 21.6 0)
(45 21.6 0)
(9 24.3 0)
(13 24.3 0)
(17 24.3 0)
(21 24.3 0)
(25 24.3 0)
(29 24.3 0)
(33 24.3 0)
(37 24.3 0)
(41 24.3 0)
(45 24.3 0)
(9 27 0)
(13 27 0)
(17 27 0)
(21 27 0)
(25 27 0)
(29 27 0)
(33 27 0)
(37 27 0)
(41 27 0)
(45 27 0)
(9 0 0.05)
(13 0 0.05)
(17 0 0.05)
(21 0 0.05)
(25 0 0.05)
(29 0 0.05)
(33 0 0.05)
(37 0 0.05)
(41 0 0.05)
(45 0 0.05)
(9 2.7 0.05)
(13 2.7 0.05)
(17 2.7 0.05)
(21 2.7 0.05)
(25 2.7 0.05)
(29 2.7 0.05)
(33 2.7 0.05)
(37 2.7 0.05)
(41 2.7 0.05)
(45 2.7 0.05)
(9 5.4 0.05)
(13 5.4 0.05)
(17 5.4 0.05)
(21 5.4 0.05)
(25 5.4 0.05)
(29 5.4 0.05)
(33 5.4 0.05)
(37 5.4 0.05)
(41 5.4 0.05)
(45 5.4 0.05)
(9 8.1 0.05)
(13 8.1 0.05)
(17 8.1 0.05)
(21 8.1 0.05)
(25 8.1 0.05)
(29 8.1 0.05)
(33 8.1 0.05)
(37 8.1 0.05)
(41 8.1 0.05)
(45 8.1 0.05)
(9 10.8 0.05)
(13 10.8 0.05)
(17 10.8 0.05)
(21 10.8 0.05)
(25 10.8 0.05)
(29 10.8 0.05)
(33 10.8 0.05)
(37 10.8 0.05)
(41 10.8 0.05)
(45 10.8 0.05)
(9 13.5 0.05)
(13 13.5 0.05)
(17 13.5 0.05)
(21 13.5 0.05)
(25 13.5 0.05)
(29 13.5 0.05)
(33 13.5 0.05)
(37 13.5 0.05)
(41 13.5 0.05)
(45 13.5 0.05)
(9 16.2 0.05)
(13 16.2 0.05)
(17 16.2 0.05)
(21 16.2 0.05)
(25 16.2 0.05)
(29 16.2 0.05)
(33 16.2 0.05)
(37 16.2 0.05)
(41 16.2 0.05)
(45 16.2 0.05)
(9 18.9 0.05)
(13 18.9 0.05)
(17 18.9 0.05)
(21 18.9 0.05)
(25 18.9 0.05)
(29 18.9 0.05)
(33 18.9 0.05)
(37 18.9 0.05)
(41 18.9 0.05)
(45 18.9 0.05)
(9 21.6 0.05)
(13 21.6 0.05)
(17 21.6 0.05)
(21 21.6 0.05)
(25 21.6 0.05)
(29 21.6 0.05)
(33 21.6 0.05)
(37 21.6 0.05)
(41 21.6 0.05)
(45 21.6 0.05)
(9 24.3 0.05)
(13 24.3 0.05)
(17 24.3 0.05)
(21 24.3 0.05)
(25 24.3 0.05)
(29 24.3 0.05)
(33 24.3 0.05)
(37 24.3 0.05)
(41 24.3 0.05)
(45 24.3 0.05)
(9 27 0.05)
(13 27 0.05)
(17 27 0.05)
(21 27 0.05)
(25 27 0.05)
(29 27 0.05)
(33 27 0.05)
(37 27 0.05)
(41 27 0.05)
(45 27 0.05)
(6 0 0)
(6.3 0 0)
(6.6 0 0)
(6.9 0 0)
(7.2 0 0)
(7.5 0 0)
(7.8 0 0)
(8.1 0 0)
(8.4 0 0)
(8.7 0 0)
(6 3 0)
(6.285029783 2.958922847 0)
(6.576658676 2.920742919 0)
(6.871611325 2.884635747 0)
(7.169068589 2.850391029 0)
(7.468684969 2.817994522 0)
(7.770326785 2.787573946 0)
(8.07400311 2.759425412 0)
(8.37986476 2.734129013 0)
(8.688267982 2.712924333 0)
(6 6 0)
(6.270059566 5.917845695 0)
(6.553317352 5.841485838 0)
(6.84322265 5.769271494 0)
(7.138137179 5.700782058 0)
(7.437369937 5.635989044 0)
(7.74065357 5.575147892 0)
(8.048006221 5.518850825 0)
(8.35972952 5.468258026 0)
(8.676535964 5.425848665 0)
(6 9 0)
(6.255089349 8.876768542 0)
(6.529976028 8.762228757 0)
(6.814833975 8.653907241 0)
(7.107205768 8.551173087 0)
(7.406054906 8.453983566 0)
(7.710980356 8.362721838 0)
(8.022009331 8.278276237 0)
(8.33959428 8.202387039 0)
(8.664803946 8.138772998 0)
(6 12 0)
(6.240119133 11.83569139 0)
(6.506634703 11.68297168 0)
(6.786445301 11.53854299 0)
(7.076274358 11.40156412 0)
(7.374739875 11.27197809 0)
(7.681307141 11.15029578 0)
(7.996012442 11.03770165 0)
(8.31945904 10.93651605 0)
(8.653071928 10.85169733 0)
(6 15 0)
(6.225148916 14.79461424 0)
(6.483293379 14.6037146 0)
(6.758056626 14.42317874 0)
(7.045342947 14.25195514 0)
(7.343424843 14.08997261 0)
(7.651633926 13.93786973 0)
(7.970015552 13.79712706 0)
(8.299323801 13.67064507 0)
(8.64133991 13.56462166 0)
(6 18 0)
(6.210178699 17.75353708 0)
(6.459952055 17.52445751 0)
(6.729667951 17.30781448 0)
(7.014411537 17.10234617 0)
(7.312109812 16.90796713 0)
(7.621960711 16.72544368 0)
(7.944018663 16.55655247 0)
(8.279188561 16.40477408 0)
(8.629607892 16.277546 0)
(6 21 0)
(6.195208482 20.71245993 0)
(6.436610731 20.44520043 0)
(6.701279276 20.19245023 0)
(6.983480126 19.9527372 0)
(7.280794781 19.72596165 0)
(7.592287496 19.51301762 0)
(7.918021773 19.31597789 0)
(8.259053321 19.13890309 0)
(8.617875874 18.99047033 0)
(6 24 0)
(6.180238265 23.67138278 0)
(6.413269407 23.36594335 0)
(6.672890601 23.07708598 0)
(6.952548715 22.80312823 0)
(7.249479749 22.54395618 0)
(7.562614282 22.30059157 0)
(7.892024884 22.0754033 0)
(8.238918081 21.8730321 0)
(8.606143856 21.70339466 0)
(6 27 0)
(6.165268048 26.63030563 0)
(6.389928083 26.28668627 0)
(6.644501926 25.96172172 0)
(6.921617305 25.65351926 0)
(7.218164718 25.3619507 0)
(7.532941067 25.08816551 0)
(7.866027994 24.83482871 0)
(8.218782841 24.60716112 0)
(8.594411838 24.41631899 0)
(6.150297831 29.58922847 0)
(6.366586758 29.20742919 0)
(6.616113252 28.84635747 0)
(6.890685894 28.50391029 0)
(7.186849687 28.17994522 0)
(7.503267852 27.87573946 0)
(7.840031105 27.59425412 0)
(8.198647601 27.34129013 0)
(8.58267982 27.12924333 0)
(6 0 0.05)
(6.3 0 0.05)
(6.6 0 0.05)
(6.9 0 0.05)
(7.2 0 0.05)
(7.5 0 0.05)
(7.8 0 0.05)
(8.1 0 0.05)
(8.4 0 0.05)
(8.7 0 0.05)
(6 3 0.05)
(6.285029783 2.958922847 0.05)
(6.576658676 2.920742919 0.05)
(6.871611325 2.884635747 0.05)
(7.169068589 2.850391029 0.05)
(7.468684969 2.817994522 0.05)
(7.770326785 2.787573946 0.05)
(8.07400311 2.759425412 0.05)
(8.37986476 2.734129013 0.05)
(8.688267982 2.712924333 0.05)
(6 6 0.05)
(6.270059566 5.917845695 0.05)
(6.553317352 5.841485838 0.05)
(6.84322265 5.769271494 0.05)
(7.138137179 5.700782058 0.05)
(7.437369937 5.635989044 0.05)
(7.74065357 5.575147892 0.05)
(8.048006221 5.518850825 0.05)
(8.35972952 5.468258026 0.05)
(8.676535964 5.425848665 0.05)
(6 9 0.05)
(6.255089349 8.876768542 0.05)
(6.529976028 8.762228757 0.05)
(6.814833975 8.653907241 0.05)
(7.107205768 8.551173087 0.05)
(7.406054906 8.453983566 0.05)
(7.710980356 8.362721838 0.05)
(8.022009331 8.278276237 0.05)
(8.33959428 8.202387039 0.05)
(8.664803946 8.138772998 0.05)
(6 12 0.05)
(6.240119133 11.83569139 0.05)
(6.506634703 11.68297168 0.05)
(6.786445301 11.53854299 0.05)
(7.076274358 11.40156412 0.05)
(7.374739875 11.27197809 0.05)
(7.681307141 11.15029578 0.05)
(7.996012442 11.03770165 0.05)
(8.31945904 10.93651605 0.05)
(8.653071928 10.85169733 0.05)
(6 15 0.05)
(6.225148916 14.79461424 0.05)
(6.483293379 14.6037146 0.05)
(6.758056626 14.42317874 0.05)
(7.045342947 14.25195514 0.05)
(7.343424843 14.08997261 0.05)
(7.651633926 13.93786973 0.05)
(7.970015552 13.79712706 0.05)
(8.299323801 13.67064507 0.05)
(8.64133991 13.56462166 0.05)
(6 18 0.05)
(6.210178699 17.75353708 0.05)
(6.459952055 17.52445751 0.05)
(6.729667951 17.30781448 0.05)
(7.014411537 17.10234617 0.05)
(7.312109812 16.90796713 0.05)
(7.621960711 16.72544368 0.05)
(7.944018663 16.55655247 0.05)
(8.279188561 16.40477408 0.05)
(8.629607892 16.277546 0.05)
(6 21 0.05)
(6.195208482 20.71245993 0.05)
(6.436610731 20.44520043 0.05)
(6.701279276 20.19245023 0.05)
(6.983480126 19.9527372 0.05)
(7.280794781 19.72596165 0.05)
(7.592287496 19.51301762 0.05)
(7.918021773 19.31597789 0.05)
(8.259053321 19.13890309 0.05)
(8.617875874 18.99047033 0.05)
(6 24 0.05)
(6.180238265 23.67138278 0.05)
(6.413269407 23.36594335 0.05)
(6.672890601 23.07708598 0.05)
(6.952548715 22.80312823 0.05)
(7.249479749 22.54395618 0.05)
(7.562614282 22.30059157 0.05)
(7.892024884 22.0754033 0.05)
(8.238918081 21.8730321 0.05)
(8.606143856 21.70339466 0.05)
(6 27 0.05)
(6.165268048 26.63030563 0.05)
(6.389928083 26.28668627 0.05)
(6.644501926 25.96172172 0.05)
(6.921617305 25.65351926 0.05)
(7.218164718 25.3619507 0.05)
(7.532941067 25.08816551 0.05)
(7.866027994 24.83482871 0.05)
(8.218782841 24.60716112 0.05)
(8.594411838 24.41631899 0.05)
(6.150297831 29.58922847 0.05)
(6.366586758 29.20742919 0.05)
(6.616113252 28.84635747 0.05)
(6.890685894 28.50391029 0.05)
(7.186849687 28.17994522 0.05)
(7.503267852 27.87573946 0.05)
(7.840031105 27.59425412 0.05)
(8.198647601 27.34129013 0.05)
(8.58267982 27.12924333 0.05)
(0 0 0)
(0.6 0 0)
(1.2 0 0)
(1.8 0 0)
(2.4 0 0)
(3 0 0)
(3.6 0 0)
(4.2 0 0)
(4.8 0 0)
(5.4 0 0)
(0 3 0)
(0.6 3 0)
(1.2 3 0)
(1.8 3 0)
(2.4 3 0)
(3 3 0)
(3.6 3 0)
(4.2 3 0)
(4.8 3 0)
(5.4 3 0)
(0 6 0)
(0.6 6 0)
(1.2 6 0)
(1.8 6 0)
(2.4 6 0)
(3 6 0)
(3.6 6 0)
(4.2 6 0)
(4.8 6 0)
(5.4 6 0)
(0 9 0)
(0.6 9 0)
(1.2 9 0)
(1.8 9 0)
(2.4 9 0)
(3 9 0)
(3.6 9 0)
(4.2 9 0)
(4.8 9 0)
(5.4 9 0)
(0 12 0)
(0.6 12 0)
(1.2 12 0)
(1.8 12 0)
(2.4 12 0)
(3 12 0)
(3.6 12 0)
(4.2 12 0)
(4.8 12 0)
(5.4 12 0)
(0 15 0)
(0.6 15 0)
(1.2 15 0)
(1.8 15 0)
(2.4 15 0)
(3 15 0)
(3.6 15 0)
(4.2 15 0)
(4.8 15 0)
(5.4 15 0)
(0 18 0)
(0.6 18 0)
(1.2 18 0)
(1.8 18 0)
(2.4 18 0)
(3 18 0)
(3.6 18 0)
(4.2 18 0)
(4.8 18 0)
(5.4 18 0)
(0 21 0)
(0.6 21 0)
(1.2 21 0)
(1.8 21 0)
(2.4 21 0)
(3 21 0)
(3.6 21 0)
(4.2 21 0)
(4.8 21 0)
(5.4 21 0)
(0 24 0)
(0.6 24 0)
(1.2 24 0)
(1.8 24 0)
(2.4 24 0)
(3 24 0)
(3.6 24 0)
(4.2 24 0)
(4.8 24 0)
(5.4 24 0)
(0 27 0)
(0.6 27 0)
(1.2 27 0)
(1.8 27 0)
(2.4 27 0)
(3 27 0)
(3.6 27 0)
(4.2 27 0)
(4.8 27 0)
(5.4 27 0)
(0 0 0.05)
(0.6 0 0.05)
(1.2 0 0.05)
(1.8 0 0.05)
(2.4 0 0.05)
(3 0 0.05)
(3.6 0 0.05)
(4.2 0 0.05)
(4.8 0 0.05)
(5.4 0 0.05)
(0 3 0.05)
(0.6 3 0.05)
(1.2 3 0.05)
(1.8 3 0.05)
(2.4 3 0.05)
(3 3 0.05)
(3.6 3 0.05)
(4.2 3 0.05)
(4.8 3 0.05)
(5.4 3 0.05)
(0 6 0.05)
(0.6 6 0.05)
(1.2 6 0.05)
(1.8 6 0.05)
(2.4 6 0.05)
(3 6 0.05)
(3.6 6 0.05)
(4.2 6 0.05)
(4.8 6 0.05)
(5.4 6 0.05)
(0 9 0.05)
(0.6 9 0.05)
(1.2 9 0.05)
(1.8 9 0.05)
(2.4 9 0.05)
(3 9 0.05)
(3.6 9 0.05)
(4.2 9 0.05)
(4.8 9 0.05)
(5.4 9 0.05)
(0 12 0.05)
(0.6 12 0.05)
(1.2 12 0.05)
(1.8 12 0.05)
(2.4 12 0.05)
(3 12 0.05)
(3.6 12 0.05)
(4.2 12 0.05)
(4.8 12 0.05)
(5.4 12 0.05)
(0 15 0.05)
(0.6 15 0.05)
(1.2 15 0.05)
(1.8 15 0.05)
(2.4 15 0.05)
(3 15 0.05)
(3.6 15 0.05)
(4.2 15 0.05)
(4.8 15 0.05)
(5.4 15 0.05)
(0 18 0.05)
(0.6 18 0.05)
(1.2 18 0.05)
(1.8 18 0.05)
(2.4 18 0.05)
(3 18 0.05)
(3.6 18 0.05)
(4.2 18 0.05)
(4.8 18 0.05)
(5.4 18 0.05)
(0 21 0.05)
(0.6 21 0.05)
(1.2 21 0.05)
(1.8 21 0.05)
(2.4 21 0.05)
(3 21 0.05)
(3.6 21 0.05)
(4.2 21 0.05)
(4.8 21 0.05)
(5.4 21 0.05)
(0 24 0.05)
(0.6 24 0.05)
(1.2 24 0.05)
(1.8 24 0.05)
(2.4 24 0.05)
(3 24 0.05)
(3.6 24 0.05)
(4.2 24 0.05)
(4.8 24 0.05)
(5.4 24 0.05)
(0 27 0.05)
(0.6 27 0.05)
(1.2 27 0.05)
(1.8 27 0.05)
(2.4 27 0.05)
(3 27 0.05)
(3.6 27 0.05)
(4.2 27 0.05)
(4.8 27 0.05)
(5.4 27 0.05)
)


// ************************************************************************* //
