/*--------------------------------*- C++ -*----------------------------------*\
| =========                 |                                                 |
| \\      /  F ield         | OpenFOAM: The Open Source CFD Toolbox           |
|  \\    /   O peration     | Version:  v1912                                 |
|   \\  /    A nd           | Website:  www.openfoam.com                      |
|    \\/     M anipulation  |                                                 |
\*---------------------------------------------------------------------------*/
FoamFile
{
    version     2.0;
    format      ascii;
    class       volScalarField;
    location    "0.5";
    object      Ma;
}
// * * * * * * * * * * * * * * * * * * * * * * * * * * * * * * * * * * * * * //

dimensions      [0 0 0 0 0 0 0];


internalField   nonuniform List<scalar> 
1000
(
0.417454
0.747866
1.17085
1.24908
1.15516
0.944873
0.644737
0.33587
0.197656
0.295642
0.384604
0.506708
0.860522
0.832701
0.579105
0.19608
0.425285
0.693411
0.84718
1.06162
0.525688
0.39429
0.596016
0.568221
0.548384
0.856981
1.2106
1.55862
1.73362
1.92119
0.733627
0.494602
0.437077
0.490698
0.994607
1.55602
1.89591
2.18057
2.29826
2.43387
0.826612
0.599867
0.221781
0.807174
1.48578
2.02661
2.30465
2.52746
2.62308
2.72142
0.82149
0.525474
0.549957
1.25227
1.88405
2.2911
2.4762
2.64934
2.72993
2.80781
0.734245
0.320433
1.09036
1.7991
2.22204
2.44914
2.57934
2.7024
2.7645
2.82261
0.564196
1.15346
1.79723
2.19381
2.41017
2.54415
2.64109
2.72212
2.78005
2.82905
2.41765
2.35045
2.35562
2.42138
2.51021
2.58566
2.66077
2.72402
2.78263
2.82199
2.43373
2.37268
2.36764
2.42921
2.51541
2.58625
2.6597
2.71388
2.77243
2.80149
2.16549
2.23527
2.32993
2.41656
2.50521
2.57209
2.64227
2.68468
2.73903
2.75171
2.05435
2.15026
2.25553
2.35131
2.43735
2.50421
2.56286
2.60194
2.63872
2.64535
2.04228
2.11774
2.20006
2.26651
2.32797
2.37553
2.42413
2.45868
2.50262
2.5201
1.97185
2.02739
2.08696
2.14367
2.21016
2.26761
2.32796
2.37203
2.42462
2.44638
1.91303
1.97001
2.0277
2.08024
2.13629
2.18699
2.24713
2.29056
2.34014
2.355
1.86588
1.92307
1.97972
2.02974
2.08054
2.12423
2.17196
2.20926
2.25969
2.27777
1.81168
1.87331
1.93213
1.98311
2.03375
2.0773
2.12342
2.15825
2.19952
2.21259
1.76378
1.82526
1.88762
1.94151
1.99305
2.0367
2.08198
2.11607
2.15576
2.16781
1.73437
1.79007
1.846
1.89742
1.94976
1.99478
2.04163
2.077
2.11864
2.13124
1.6974
1.74784
1.80042
1.84743
1.89766
1.94126
1.99137
2.02848
2.07604
2.0918
1.71981
1.75545
1.79676
1.83521
1.88052
1.91978
1.9678
2.00352
2.05047
2.06661
1.73654
1.7758
1.81965
1.85881
1.90438
1.94339
1.99014
2.02385
2.06751
2.08217
1.77068
1.80429
1.8436
1.87944
1.92163
1.95802
2.00184
2.03546
2.07653
2.09208
1.83568
1.8635
1.89468
1.91867
1.94844
1.97821
2.0136
2.04404
2.07908
2.09513
1.93567
1.94983
1.96488
1.98133
2.00429
2.02558
2.05066
2.07137
2.09739
2.11199
2.36402
2.18545
2.09543
2.07131
2.08503
2.09878
2.11527
2.13218
2.1523
2.16119
2.87851
2.78069
2.64535
2.49396
2.32838
2.2596
2.21041
2.20851
2.21733
2.22723
2.98795
2.97545
2.95165
2.90953
2.84972
2.7623
2.67013
2.53251
2.4371
2.39321
2.99877
2.99759
2.99544
2.99099
2.98373
2.96898
2.94986
2.91156
2.86867
2.83213
2.99984
2.99971
2.99948
2.99902
2.99824
2.99668
2.99432
2.98965
2.98186
2.97653
1.45239
1.49454
1.51889
1.53735
1.55579
1.57664
1.59857
1.62198
1.64826
1.67637
1.5256
1.50522
1.53351
1.5541
1.57591
1.59723
1.61737
1.63726
1.66261
1.69132
2.22124
1.91371
1.70733
1.63954
1.63107
1.65085
1.66661
1.68587
1.70999
1.73367
2.80949
2.70059
2.49825
2.25196
2.00434
1.86032
1.80259
1.78032
1.79686
1.81243
2.96395
2.95307
2.92306
2.86172
2.7528
2.60063
2.41714
2.1893
2.05741
1.97383
2.99329
2.99225
2.98969
2.9842
2.97344
2.94915
2.90278
2.83129
2.71457
2.58048
2.99878
2.99862
2.99829
2.99776
2.99669
2.99466
2.99073
2.98256
2.96786
2.93774
2.99982
2.99978
2.99973
2.99963
2.99951
2.99927
2.99889
2.99812
2.99677
2.99398
2.99998
2.99998
2.99996
2.99995
2.99992
2.99989
2.99984
2.99975
2.99961
2.99933
3
3
3
3
2.99999
2.99999
2.99998
2.99996
2.99994
2.9999
1.54868
1.70728
1.81914
1.90191
1.96319
2.00643
2.03548
2.05303
2.06655
2.09814
1.4517
1.57183
1.66612
1.74296
1.80327
1.85203
1.88996
1.92118
1.94936
1.98121
1.39238
1.48219
1.56009
1.62954
1.69202
1.74845
1.80204
1.85143
1.90362
1.95556
1.3606
1.43721
1.50775
1.57401
1.63538
1.69267
1.74715
1.79785
1.84934
1.89808
1.33851
1.40349
1.46661
1.52869
1.58699
1.64246
1.69503
1.74428
1.79378
1.8415
1.32531
1.37928
1.43121
1.48507
1.53802
1.59159
1.64455
1.69434
1.74437
1.79341
1.31429
1.36313
1.40935
1.45559
1.50013
1.54543
1.58954
1.63623
1.68531
1.73568
1.30552
1.35244
1.3962
1.43988
1.48136
1.52319
1.564
1.60499
1.64946
1.69455
1.28745
1.3298
1.3727
1.41717
1.45896
1.50085
1.54131
1.58158
1.62423
1.66824
1.29554
1.32128
1.35423
1.39077
1.42953
1.47087
1.51184
1.55301
1.5946
1.63649
0.751957
0.857584
0.917056
0.949525
0.966581
0.990286
1.01861
1.07
1.1478
1.25834
0.759101
0.839901
0.895805
0.935814
0.966442
1.0024
1.04446
1.10292
1.17687
1.27352
0.784453
0.852688
0.90655
0.954252
0.993649
1.03743
1.08116
1.13714
1.19856
1.27346
0.805451
0.868351
0.92251
0.970495
1.01432
1.05762
1.10275
1.15172
1.20754
1.26817
0.83043
0.886669
0.940894
0.986636
1.03258
1.07458
1.11879
1.16324
1.2125
1.2664
0.855203
0.908366
0.957614
1.0024
1.04293
1.08338
1.12437
1.16942
1.21527
1.26559
0.876991
0.928383
0.974489
1.0218
1.06515
1.11006
1.14689
1.18516
1.22169
1.26436
0.880036
0.929724
0.969182
1.00628
1.04186
1.08198
1.12222
1.16749
1.21167
1.25815
0.848749
0.919737
0.987589
1.04327
1.08514
1.11909
1.15005
1.18058
1.21292
1.24751
0.839656
0.895545
0.972801
1.05497
1.11219
1.15569
1.19094
1.23046
1.25857
1.28885
2.79209
2.5003
1.78915
0.79935
0.396933
0.410638
0.379303
0.300674
0.185076
0.0823745
2.51971
1.89368
0.765846
0.106035
0.113396
0.221034
0.230594
0.199892
0.151376
0.101136
2.26819
1.39357
0.571496
0.293664
0.295549
0.254968
0.215138
0.199317
0.176304
0.151782
1.88994
0.909927
0.374294
0.36432
0.366458
0.309812
0.255397
0.230853
0.206519
0.1899
1.50882
0.642312
0.391047
0.443858
0.431421
0.372608
0.315669
0.278742
0.242732
0.223082
1.06896
0.49438
0.473375
0.52058
0.49586
0.44204
0.387932
0.342071
0.292863
0.262604
0.908496
0.554366
0.571296
0.591071
0.561687
0.517655
0.468267
0.417538
0.359051
0.315384
0.885977
0.644038
0.658808
0.662884
0.632879
0.596804
0.552889
0.505112
0.444581
0.386258
0.898256
0.72818
0.744463
0.742289
0.709599
0.675178
0.636389
0.596037
0.540926
0.4824
0.892982
0.79894
0.828896
0.828282
0.80377
0.774952
0.745882
0.718221
0.678472
0.643298
2.99999
2.99994
2.99986
2.99957
2.99912
2.99741
2.99469
2.985
2.96688
2.91549
2.99998
2.99987
2.99971
2.99912
2.99814
2.99461
2.98827
2.96831
2.92131
2.81019
2.99996
2.99978
2.99949
2.9985
2.99675
2.99092
2.9798
2.94628
2.86794
2.66957
2.99992
2.99965
2.99914
2.99764
2.99449
2.98576
2.9654
2.91179
2.77223
2.43643
2.99985
2.99946
2.99858
2.99638
2.99114
2.97804
2.94581
2.86447
2.64963
2.17275
2.99977
2.99923
2.99795
2.99485
2.98722
2.96836
2.92067
2.7982
2.46902
1.78541
2.99969
2.99898
2.9973
2.99323
2.98326
2.95859
2.89627
2.73482
2.32103
1.52746
2.99964
2.9988
2.99684
2.99214
2.98068
2.95251
2.88172
2.69904
2.24762
1.43199
2.99962
2.99874
2.99669
2.9918
2.97995
2.95088
2.87819
2.68971
2.23375
1.40287
2.99961
2.99872
2.99664
2.9917
2.97977
2.95051
2.87803
2.68723
2.25948
1.38612
2.99982
2.9994
2.99841
2.99604
2.99034
2.97642
2.94242
2.85539
2.63675
2.13408
2.99996
2.99985
2.99959
2.99899
2.99755
2.99411
2.9859
2.96612
2.91655
2.82038
3
2.99998
2.99993
2.99982
2.99955
2.99896
2.99755
2.99434
2.98793
2.97203
3.00001
3
2.99999
2.99997
2.99992
2.99979
2.99953
2.99883
2.99768
2.99392
3.00001
3.00001
3
3
2.99999
2.99997
2.99993
2.99983
2.99963
2.9992
3.00001
3.00001
3.00001
3.00001
3
3
2.99999
2.99998
2.99994
2.99988
3.00001
3.00001
3.00001
3.00001
3.00001
3.00001
3
3
2.99999
2.99999
3.00001
3.00001
3.00001
3.00001
3.00001
3.00001
3.00001
3.00001
3.00001
3
3.00001
3.00001
3.00001
3.00001
3.00001
3.00001
3.00001
3.00001
3.00001
3.00001
3.00001
3.00001
3.00001
3.00001
3.00001
3.00001
3.00001
3.00001
3.00001
3.00001
1.91858
1.63867
1.37723
1.23474
1.19493
1.21263
1.24216
1.27992
1.3258
1.3945
2.76086
2.64968
2.50376
2.3245
2.17341
2.04835
1.96772
1.89473
1.84422
1.70877
2.96497
2.93221
2.90542
2.86156
2.8119
2.75301
2.70137
2.63882
2.58597
2.49069
2.99134
2.98806
2.9809
2.97261
2.9596
2.94687
2.92897
2.91383
2.88966
2.87069
2.999
2.99761
2.99645
2.99475
2.99198
2.98913
2.98484
2.98092
2.97508
2.97075
2.99981
2.9996
2.99945
2.99903
2.99862
2.99791
2.99716
2.99609
2.99495
2.99381
2.99997
2.99996
2.9999
2.99987
2.99978
2.99968
2.99954
2.99934
2.99911
2.99887
3
3
3
2.99999
2.99998
2.99996
2.99994
2.99991
2.99988
2.99984
3.00001
3.00001
3.00001
3
3.00001
3
3
3
2.99999
2.99999
3.00001
3.00001
3.00001
3.00001
3.00001
3.00001
3.00001
3.00001
3.00001
3.00001
)
;

boundaryField
{
    inlet
    {
        type            calculated;
        value           uniform 3.00001;
    }
    outlet
    {
        type            calculated;
        value           nonuniform List<scalar> 
30
(
0.295642
1.06162
1.92119
2.43387
2.72142
2.80781
2.82261
2.82905
2.82199
2.80149
2.75171
2.64535
2.5201
2.44638
2.355
2.27777
2.21259
2.16781
2.13124
2.0918
2.06661
2.08217
2.09208
2.09513
2.11199
2.16119
2.22723
2.39321
2.83213
2.97653
)
;
    }
    top
    {
        type            symmetryPlane;
    }
    bottom
    {
        type            symmetryPlane;
    }
    empty
    {
        type            empty;
    }
    wall
    {
        type            calculated;
        value           uniform 0;
    }
}


// ************************************************************************* //
