/*--------------------------------*- C++ -*----------------------------------*\
| =========                 |                                                 |
| \\      /  F ield         | OpenFOAM: The Open Source CFD Toolbox           |
|  \\    /   O peration     | Version:  v1912                                 |
|   \\  /    A nd           | Website:  www.openfoam.com                      |
|    \\/     M anipulation  |                                                 |
\*---------------------------------------------------------------------------*/
FoamFile
{
    version     2.0;
    format      ascii;
    class       surfaceScalarField;
    location    "0.5";
    object      phi;
}
// * * * * * * * * * * * * * * * * * * * * * * * * * * * * * * * * * * * * * //

dimensions      [1 0 -1 0 0 0 0];
oriented        oriented;


internalField   nonuniform List<scalar> 
1920
(
-0.000278188
0.000252525
-0.000424438
0.000122353
-0.000575026
0.00013355
-0.000711064
0.000120745
-0.000823797
0.000107066
-0.000887934
6.07517e-05
-0.000789984
-0.000100971
-0.000477426
-0.000319807
8.78713e-05
-0.0005656
-0.000848363
-0.000200341
0.000431296
-0.000288457
0.000191699
-0.000342708
0.000178606
-0.000366812
0.000141702
-0.000219914
-3.94315e-05
2.29645e-05
-0.000181695
0.00030949
-0.000376453
0.0006821
-0.000682038
0.00110889
-0.000977414
-0.00148147
-7.83466e-05
0.000494131
-0.000164563
0.000264902
-0.000150446
0.000161836
-9.30911e-06
-4.56247e-06
0.000128466
-0.000183639
0.000324889
-0.000393373
0.000670275
-0.000734856
0.00118696
-0.00121368
0.0017828
-0.00159416
-0.00218453
1.04906e-05
0.000470839
-2.71845e-05
0.00028311
4.23557e-05
8.18181e-05
0.00015223
-0.000129254
0.000313898
-0.000359699
0.000671229
-0.000772057
0.001168
-0.00125147
0.00178932
-0.00185276
0.00245487
-0.00228655
-0.00292967
3.52296e-05
0.000419034
6.06425e-05
0.000238218
0.000141249
-1.75136e-05
0.000279107
-0.000285563
0.00060105
-0.000696436
0.0010737
-0.00126642
0.00169359
-0.00189763
0.00239893
-0.00259171
0.0031235
-0.0030488
-0.00374716
3.45657e-05
0.000360765
0.00014122
0.000106555
0.000305181
-0.000202479
0.000635592
-0.000635601
0.0012004
-0.00128083
0.00201752
-0.00211409
0.00292839
-0.00285634
0.00387256
-0.00358276
0.0047934
-0.00402596
-0.00467293
8.1125e-05
0.000257443
0.000280001
-0.000115903
0.000644314
-0.00058835
0.00134155
-0.00136392
0.0023998
-0.00238032
0.00355956
-0.00332912
0.00469308
-0.00405646
0.00575622
-0.00470365
0.00674495
-0.00508115
-0.00563226
0.000422071
-0.000192129
0.000905859
-0.000628894
0.00178967
-0.00150843
0.00318527
-0.0028161
0.00472917
-0.00399607
0.00614718
-0.00482298
0.00745169
-0.00545442
0.00860598
-0.00592166
0.00969577
-0.00624234
-0.00662231
0.00105968
-0.00127383
0.00250991
-0.00211836
0.00466387
-0.00373479
0.00673815
-0.00499676
0.00854503
-0.00591902
0.010088
-0.00648179
0.0114492
-0.00693684
0.012595
-0.00714107
0.0136468
-0.00737327
-0.00747528
0.0033742
-0.00469264
0.00718928
-0.00600603
0.0104166
-0.00707324
0.0129247
-0.00763134
0.0148978
-0.00802221
0.0163729
-0.00808413
0.0174882
-0.00819138
0.0182971
-0.0080324
0.0189902
-0.00814914
-0.00795282
0.0280877
-0.00140518
-0.0314603
0.0273203
-0.00542254
0.0270944
-0.00700982
0.0269576
-0.00767292
0.0267299
-0.00799398
0.026413
-0.00796716
0.026031
-0.00800567
0.0257167
-0.00783653
0.0254677
-0.0080011
-0.00774015
0.0516255
0.000383383
-0.0534884
0.0480073
-0.00188925
0.0443601
-0.00347343
0.041012
-0.00454351
0.0381228
-0.00537507
0.035806
-0.00592795
0.0339826
-0.00640257
0.0326135
-0.00662812
0.0314491
-0.00698075
-0.00695113
0.0611532
0.00566123
-0.0666314
0.0560699
0.00295905
0.0514916
0.000881468
0.047635
-0.00102306
0.0445793
-0.00266985
0.0420932
-0.00380403
0.0399848
-0.00468558
0.0382792
-0.0052279
0.0368246
-0.00580146
-0.0059767
0.0716681
0.0113681
-0.077652
0.0666156
0.00768749
0.0623235
0.00484163
0.0583877
0.00250252
0.0546434
0.000666298
0.0513791
-0.0009553
0.048538
-0.00229801
0.0461423
-0.00320896
0.0440485
-0.00404893
-0.00451088
0.082489
0.0172669
-0.0887424
0.0769588
0.0128646
0.0720183
0.00939529
0.0675401
0.00654306
0.0633951
0.00426557
0.0595603
0.00234034
0.0558799
0.000790231
0.0526707
-0.000569933
0.0499359
-0.00187777
-0.00274892
0.0927686
0.0232389
-0.0990644
0.0869082
0.018333
0.0815409
0.0143404
0.0766218
0.0109537
0.0720912
0.00819469
0.0679846
0.0058358
0.0641603
0.00391089
0.0607437
0.00221303
0.05743
0.000809114
-0.00043815
0.100465
0.0287334
-0.105721
0.0952109
0.0236839
0.0900831
0.0194368
0.0851555
0.0156568
0.080514
0.0124774
0.076241
0.0096783
0.0722406
0.00737317
0.0686005
0.00529619
0.0651416
0.00362566
0.00204591
0.105733
0.0339007
-0.11038
0.101404
0.0287566
0.0970873
0.0243598
0.0926887
0.0203359
0.0883243
0.0168592
0.0841446
0.0136906
0.0801221
0.01104
0.0763798
0.00858281
0.072771
0.00665455
0.00473694
0.111386
0.0388159
-0.116028
0.107065
0.0335014
0.103
0.0289338
0.0990646
0.0247014
0.0951829
0.0210363
0.0913835
0.0176298
0.0875735
0.0147775
0.0838909
0.0120346
0.0801877
0.00993305
0.00769164
0.113901
0.0425498
-0.117519
0.110388
0.0373408
0.106954
0.0328536
0.103549
0.0285844
0.100119
0.0248955
0.0967522
0.0213526
0.0932912
0.0184222
0.089905
0.0154906
0.0864415
0.0132829
0.0108241
0.254663
0.0559078
-0.266049
0.244905
0.0492471
0.236261
0.0437221
0.228335
0.038546
0.220741
0.0342482
0.213477
0.0300907
0.206218
0.0267311
0.199207
0.023283
0.192171
0.0207244
0.0177714
0.308843
0.0696234
-0.319502
0.297978
0.0634429
0.28706
0.0576975
0.276626
0.0518727
0.266576
0.0468804
0.257182
0.0418893
0.24796
0.0378311
0.239188
0.0335567
0.230611
0.0304162
0.0266492
0.339947
0.0758862
-0.345357
0.334326
0.0705949
0.326453
0.0670893
0.317457
0.0626996
0.307845
0.0584709
0.298251
0.0537522
0.288591
0.0496386
0.279119
0.0450747
0.269637
0.0415955
0.0371833
0.359651
0.0780167
-0.364745
0.353041
0.0768686
0.347112
0.0728055
0.341645
0.0677625
0.336269
0.0640652
0.32985
0.0610687
0.322647
0.0581819
0.314953
0.0546283
0.306719
0.0516613
0.0476281
0.355051
0.0541337
-0.340469
0.362807
0.0646374
0.364301
0.0671096
0.359824
0.0692396
0.354959
0.0686212
0.350088
0.0657718
0.34561
0.0625885
0.341393
0.0587551
0.336541
0.0568348
0.0544907
0.285669
0.0107882
-0.25159
0.317422
0.017522
0.340973
0.0259165
0.354814
0.0476399
0.362497
0.0561366
0.363829
0.0597364
0.362992
0.0604581
0.359732
0.0614471
0.356072
0.0600701
0.057792
0.226359
0.00168677
-0.218568
0.235272
0.00321376
0.250492
0.005458
0.280082
0.00903915
0.305193
0.0139736
0.330088
0.0191584
0.346965
0.0318153
0.356224
0.0444178
0.360273
0.0499772
0.0531325
0.212368
0.000188023
-0.211208
0.214495
0.000374731
0.217889
0.000722918
0.223532
0.00135109
0.23142
0.00242669
0.241728
0.00397722
0.258808
0.00611155
0.277996
0.00919185
0.300824
0.0124271
0.0173123
0.210278
2.07973e-05
-0.21015
0.210531
3.90357e-05
0.211005
7.51083e-05
0.211905
0.000143245
0.213444
0.000270518
0.215814
0.000493135
0.219462
0.000844505
0.22435
0.00143473
0.230817
0.00225196
0.00354397
0.21004
-0.210025
0.210069
0.210124
0.21023
0.210426
0.210771
0.211366
0.212327
0.213799
0.420906
0.0922178
-0.0508907
-0.464448
0.391304
0.0769655
-0.0494484
0.367721
0.0680951
-0.0461775
0.348735
0.0611858
-0.0431061
0.330844
0.0579749
-0.0404713
0.31478
0.0543499
-0.0381112
0.300449
0.050731
-0.0358047
0.287724
0.0472146
-0.0335383
0.276276
0.0438583
-0.0312965
0.0403868
-0.0288338
0.366082
0.0268572
-0.309333
0.382091
0.0560986
0.383047
0.0629216
0.374328
0.0665244
0.365677
0.0642319
0.356034
0.0622503
0.346561
0.0589964
0.33778
0.0555867
0.328615
0.0535015
0.0508933
0.270383
0.00549988
-0.25054
0.312058
0.0109039
0.345483
0.0193346
0.365818
0.0393957
0.372104
0.0529104
0.373706
0.0574276
0.369457
0.0602765
0.361047
0.0616664
0.352776
0.0605087
0.0580309
0.225939
0.00107492
-0.222119
0.234033
0.00205412
0.247362
0.00388025
0.276673
0.00708393
0.307613
0.0125001
0.335217
0.0193271
0.355837
0.0329684
0.362836
0.0483474
0.365835
0.0540291
0.0561134
0.213813
0.000225682
-0.213138
0.215198
0.00038498
0.217801
0.000658861
0.223101
0.00121156
0.231522
0.00227147
0.244305
0.00398989
0.265585
0.00670513
0.29159
0.010939
0.320813
0.0164584
0.0229805
0.210826
4.85952e-05
-0.210685
0.211053
7.76403e-05
0.211531
0.000115841
0.212351
0.000187185
0.214068
0.000318241
0.216799
0.00056925
0.221335
0.00103529
0.228709
0.00186285
0.238201
0.00328137
0.00525682
0.210158
9.73695e-06
-0.210129
0.210206
1.54672e-05
0.21028
2.23145e-05
0.210411
3.22254e-05
0.210627
4.78617e-05
0.211034
7.61238e-05
0.21176
0.000129965
0.213087
0.000230178
0.215329
0.000425005
0.000762208
0.210026
1.72289e-06
-0.21002
0.210037
2.83928e-06
0.210051
4.2212e-06
0.210072
5.98219e-06
0.210103
8.51223e-06
0.210154
1.22878e-05
0.210242
1.87376e-05
0.2104
2.99642e-05
0.21069
5.11965e-05
8.94649e-05
0.210004
2.49046e-07
-0.210003
0.210006
4.37211e-07
0.210009
6.86744e-07
0.210013
1.0092e-06
0.210019
1.46387e-06
0.210027
2.07793e-06
0.210039
3.02212e-06
0.210058
4.47119e-06
0.210091
6.98921e-06
1.12776e-05
0.210001
-0.210001
0.210002
0.210002
0.210003
0.210004
0.210006
0.210008
0.210011
0.210016
0.0880212
0.0273287
-0.114985
0.0706599
0.0176194
0.0586123
0.0122654
0.049999
0.00879258
0.0437573
0.0063855
0.0392295
0.00464722
0.035974
0.003337
0.0337128
0.00231923
0.0322469
0.00148054
0.000783635
0.103217
0.0377976
-0.113521
0.0915016
0.0295118
0.0812405
0.0226828
0.0729576
0.0172227
0.066571
0.0128767
0.0618392
0.00946749
0.0584331
0.00679028
0.0560868
0.00469467
0.0545044
0.00306075
0.00178365
0.115771
0.0413771
-0.119434
0.110136
0.0351606
0.1036
0.029253
0.0969626
0.0239101
0.0905893
0.0192617
0.0847435
0.0153223
0.0794268
0.0120775
0.0746845
0.00939195
0.0704103
0.00726111
0.00547447
0.121062
0.0432143
-0.123413
0.117555
0.0383031
0.113053
0.0334837
0.107908
0.0288816
0.102419
0.0245805
0.0969185
0.0207003
0.091565
0.0172918
0.0865409
0.0143044
0.0818625
0.0117976
0.00956211
0.125893
0.0449811
-0.128588
0.122872
0.0406595
0.119445
0.0364241
0.115559
0.0324125
0.111255
0.0285632
0.106703
0.0249857
0.102009
0.0216966
0.0973957
0.0186669
0.0929288
0.0160055
0.0135141
0.130234
0.0464952
-0.132172
0.127489
0.0428246
0.124407
0.0389877
0.121147
0.0352949
0.117697
0.0316969
0.114236
0.0283691
0.110594
0.0252622
0.106822
0.0223786
0.102935
0.0197731
0.0172318
0.133358
0.0479984
-0.13439
0.131399
0.044972
0.128666
0.0415969
0.125509
0.0381903
0.122153
0.0347707
0.118723
0.0315462
0.115363
0.0284749
0.112126
0.0256312
0.108859
0.0230577
0.0205107
0.131949
0.0482611
-0.131521
0.13142
0.0462351
0.130147
0.0434113
0.128131
0.0405574
0.12555
0.037522
0.122653
0.0345437
0.119528
0.0316148
0.116454
0.0288164
0.113384
0.026273
0.023696
0.130982
0.0490187
-0.132119
0.130735
0.0463274
0.130441
0.0436642
0.129705
0.0412381
0.128346
0.0387481
0.126452
0.0362917
0.124061
0.0337807
0.12147
0.0313028
0.118743
0.0289411
0.0264984
0.137105
-0.139683
0.133732
0.131209
0.129438
0.127855
0.126177
0.12424
0.12209
0.119773
0.111326
0.00763319
-0.118585
0.107323
0.00433102
0.105108
0.00250406
0.103908
0.00148398
0.103379
0.000810306
0.10348
0.000189464
0.104333
-0.000579418
0.106255
-0.00166053
0.109623
-0.00313453
-0.00516703
0.111919
0.00770194
-0.111803
0.110847
0.00554058
0.10993
0.00353956
0.109462
0.0020779
0.109467
0.00094631
0.109902
-9.7069e-05
0.110591
-0.00114412
0.111505
-0.00246487
0.112592
-0.00414141
-0.00605537
0.120791
0.00760275
-0.120673
0.120497
0.00582495
0.119956
0.00406864
0.119478
0.00255518
0.119178
0.00123824
0.119058
-1.6985e-06
0.119111
-0.00123105
0.119284
-0.00265238
0.119403
-0.00432429
-0.00616461
0.126672
0.00757169
-0.126876
0.12635
0.00595507
0.125797
0.00437662
0.125239
0.00288154
0.124695
0.00149692
0.124263
0.000132223
0.123942
-0.00127014
0.123749
-0.0028022
0.123567
-0.00451584
-0.0063711
0.133563
0.00749072
-0.13397
0.133001
0.00606777
0.132382
0.00457766
0.131682
0.00306438
0.131126
0.00156805
0.130455
0.000176933
0.129943
-0.00137472
0.129423
-0.00300181
0.129022
-0.00475189
-0.00655917
0.138979
0.00769227
-0.13942
0.138186
0.00635099
0.137431
0.00484399
0.136554
0.00336186
0.135679
0.00182534
0.135087
0.000111535
0.134401
-0.00118398
0.133647
-0.00265636
0.132851
-0.00431858
-0.00606766
0.143049
0.00919492
-0.143996
0.142576
0.00715946
0.142448
0.00518142
0.14205
0.00363623
0.141194
0.00228549
0.139632
0.00104372
0.137898
-0.000202539
0.136678
-0.00193415
0.135527
-0.00333974
-0.00460494
0.143601
0.0132257
-0.146616
0.14219
0.00979662
0.141211
0.00743166
0.140672
0.00546808
0.139719
0.0045874
0.138238
0.00391254
0.136475
0.00291451
0.134407
0.00145004
0.13277
-0.000309546
-0.00244547
0.1469
0.0170997
-0.147949
0.144388
0.015588
0.141796
0.0123116
0.138864
0.00967858
0.136628
0.00780205
0.135147
0.00643559
0.133892
0.00502844
0.133097
0.00270166
0.132588
-0.000108562
-0.00262517
0.15505
-0.135492
-0.00155474
0.162723
0.00758022
0.157381
0.0176501
0.145054
0.0218447
0.138168
0.0144537
0.136238
0.00904802
0.136656
0.00549517
0.137717
0.0024974
0.138303
-0.000577356
-0.00494039
0.159679
0.00751002
-0.167645
0.150983
0.00778399
0.14056
0.00917656
0.139806
-0.00577143
0.115273
0.0189606
0.088365
0.0276596
0.0631775
0.0266675
0.0389401
0.0235991
0.0157358
0.0207094
0.0143032
0.151163
0.0219586
-0.166691
0.131873
0.0267298
0.095047
0.0383767
0.052298
0.031143
0.0477783
0.0264876
0.046058
0.0295958
0.039433
0.03315
0.0273684
0.0343555
0.0140468
0.0316001
0.02669
0.148419
0.0358952
-0.164687
0.127614
0.0419081
0.096129
0.0497523
0.0619355
0.0667202
0.0431755
0.0466448
0.0316346
0.041776
0.0235369
0.0410001
0.0165015
0.0402053
0.00860785
0.0372597
0.0336826
0.143246
0.050566
-0.161688
0.116452
0.0589625
0.0833972
0.0737813
0.0720887
0.0809344
0.0500909
0.0683284
0.0331098
0.0590839
0.0213831
0.0524948
0.0128387
0.0476471
0.00606209
0.0422332
0.0384037
0.134839
0.0672537
-0.156847
0.0976504
0.0742558
0.0719759
0.101056
0.0673533
0.0882244
0.0536379
0.0820595
0.0376347
0.0755735
0.0241708
0.065921
0.0134182
0.0575941
0.00556435
0.0487388
0.0432536
0.11882
0.0830701
-0.145092
0.0802278
0.096265
0.0786229
0.106131
0.0662368
0.0999717
0.0536272
0.094629
0.0406359
0.0888723
0.0276335
0.0789094
0.0155179
0.0693053
0.00613906
0.0574865
0.0492289
0.11773
0.0980355
-0.140235
0.0873347
0.12165
0.0798119
0.115604
0.0679106
0.111073
0.0555023
0.105878
0.0437406
0.100221
0.0308883
0.0915977
0.0182243
0.0818988
0.00760494
0.0680337
0.0571675
0.116435
0.111705
-0.139701
0.0982091
0.136213
0.0878273
0.128513
0.0746147
0.123695
0.061507
0.117547
0.0489635
0.111607
0.0363371
0.103514
0.0232026
0.0949627
0.0106105
0.0808717
0.0684786
0.110867
0.122366
-0.135078
0.104387
0.142926
0.0958456
0.140393
0.0839587
0.136071
0.0705077
0.12969
0.0573642
0.123201
0.0445084
0.115429
0.0310899
0.108306
0.0166156
0.0957339
0.086003
0.110878
-0.139608
0.105945
0.100742
0.0931831
0.0832105
0.071766
0.0598316
0.0475271
0.0317764
0.168001
-4.3344e-08
0.168001
-2.24191e-07
0.168001
-7.69992e-07
0.168002
-1.69304e-06
0.168003
-4.3058e-06
0.168005
-6.96422e-06
0.168006
-1.8582e-05
0.167983
-5.00066e-06
0.167947
-5.93594e-05
0.000132128
0.168
-7.62724e-08
0.168
-4.17403e-07
0.167999
-1.34851e-06
0.167997
-3.1034e-06
0.167988
-7.04054e-06
0.167975
-1.22336e-05
0.167918
-2.45565e-05
0.167835
-1.60826e-05
0.167448
-8.00162e-06
0.000273154
0.168
-1.25081e-07
0.168
-6.97451e-07
0.167997
-2.29457e-06
0.167993
-5.1166e-06
0.167976
-1.20496e-05
0.167944
-2.00116e-05
0.167821
-3.5719e-05
0.167591
-2.84553e-05
0.166682
0.000141886
0.000691698
0.168
-2.03362e-07
0.168
-1.25174e-06
0.167993
-3.49802e-06
0.167984
-8.8949e-06
0.167943
-1.5522e-05
0.167884
-3.16165e-05
0.167581
-2.25778e-05
0.167064
1.73302e-05
0.165466
0.000496909
0.00207583
0.168
-2.38483e-07
0.167997
-1.47626e-06
0.167991
-4.04061e-06
0.167965
-9.26528e-06
0.167921
-1.56485e-05
0.167773
-2.03853e-05
0.167474
1.4613e-05
0.166579
0.000193511
0.164509
0.00120679
0.0051563
0.168
-2.53596e-07
0.167995
-1.44389e-06
0.167978
-3.74996e-06
0.167932
-6.62736e-06
0.167813
-4.58329e-06
0.167517
1.94411e-05
0.166784
0.00014012
0.164928
0.000684714
0.160244
0.00327325
0.0143061
0.167999
-1.36157e-07
0.167991
-6.6216e-07
0.167964
-7.3944e-07
0.167895
2.81139e-06
0.167728
2.17456e-05
0.167329
9.85363e-05
0.166382
0.000386497
0.164133
0.00151312
0.1584
0.00640281
0.0266879
0.167999
5.74033e-08
0.167989
5.66687e-07
0.167959
3.44508e-06
0.167881
1.52189e-05
0.167696
5.66944e-05
0.167266
0.000194388
0.166274
0.000655901
0.163978
0.00234381
0.15835
0.00927365
0.0385121
0.167999
4.00481e-07
0.167988
2.6819e-06
0.167954
1.06274e-05
0.167868
3.52043e-05
0.167667
0.00010817
0.167201
0.000324786
0.166139
0.000993274
0.163648
0.00329554
0.157904
0.0121522
0.0513587
0.167999
1.18138e-06
0.167986
7.24527e-06
0.167944
2.46353e-05
0.167841
7.05596e-05
0.167597
0.000190044
0.167041
0.000505902
0.165814
0.00137296
0.163319
0.00399269
0.158493
0.0132425
0.0582844
0.252
7.53831e-07
0.251992
4.66106e-06
0.25197
1.55961e-05
0.251918
4.3029e-05
0.25181
0.000110402
0.2516
0.000274801
0.251284
0.000685179
0.25123
0.00174735
0.254422
0.00495121
0.0178986
0.292961
0.252001
2.57781e-07
0.252001
1.60955e-06
0.252
5.42619e-06
0.252002
1.50078e-05
0.252011
3.84742e-05
0.252045
9.54418e-05
0.252152
0.000235477
0.252539
0.00058191
0.254247
0.00150409
0.00425186
0.26487
0.252001
6.05628e-08
0.252001
3.79142e-07
0.252003
1.27626e-06
0.252009
3.51435e-06
0.252024
8.9084e-06
0.252065
2.18418e-05
0.252173
5.25505e-05
0.252452
0.000126655
0.253248
0.000303547
0.000774495
0.255755
0.252001
1.21044e-08
0.252001
7.55869e-08
0.252002
2.53008e-07
0.252003
6.90391e-07
0.252007
1.72634e-06
0.252018
4.15481e-06
0.252043
9.75858e-06
0.252112
2.27656e-05
0.252282
5.21022e-05
0.000122472
0.252701
0.252001
2.39895e-09
0.252001
1.49779e-08
0.252001
5.00909e-08
0.252001
1.36199e-07
0.252002
3.39133e-07
0.252005
8.08782e-07
0.25201
1.88769e-06
0.252024
4.32231e-06
0.252054
9.87697e-06
2.17333e-05
0.252128
0.252001
4.27641e-10
0.252001
2.66942e-09
0.252001
8.89988e-09
0.252001
2.41148e-08
0.252001
5.95328e-08
0.252002
1.40933e-07
0.252003
3.2322e-07
0.252005
7.34581e-07
0.252009
1.61864e-06
3.73106e-06
0.252032
0.252001
7.72595e-11
0.252001
4.81227e-10
0.252001
1.60253e-09
0.252001
4.33456e-09
0.252001
1.07047e-08
0.252001
2.52974e-08
0.252001
5.80879e-08
0.252002
1.31805e-07
0.252002
2.89877e-07
6.67353e-07
0.252004
0.252001
1.34727e-11
0.252001
8.41573e-11
0.252001
2.81176e-10
0.252001
7.62038e-10
0.252001
1.88869e-09
0.252001
4.4815e-09
0.252001
1.03873e-08
0.252001
2.37621e-08
0.252001
5.3569e-08
1.19839e-07
0.252002
0.252001
2.00565e-12
0.252001
1.24772e-11
0.252001
4.14267e-11
0.252001
1.11409e-10
0.252001
2.73244e-10
0.252001
6.38734e-10
0.252001
1.45637e-09
0.252001
3.23602e-09
0.252001
7.17775e-09
1.41432e-08
0.252001
0.252001
0.252001
0.252001
0.252001
0.252001
0.252001
0.252001
0.252001
0.252001
0.252001
0.314467
-0.0273112
0.336946
-0.0230038
0.360177
-0.0200337
0.384525
-0.0196956
0.404772
-0.0195546
0.42007
-0.0186682
0.434695
-0.0181392
0.446655
-0.0169257
0.457395
-0.0172029
-0.0158159
0.266441
-0.0304948
0.272121
-0.0297069
0.27912
-0.0289136
0.285154
-0.0276152
0.290003
-0.0269008
0.294167
-0.0261192
0.298472
-0.0261391
0.302393
-0.0255849
0.306208
-0.026189
-0.0250838
0.253868
-0.0288772
0.252382
-0.028608
0.251214
-0.0282688
0.251092
-0.0280306
0.251095
-0.0276865
0.251487
-0.0274237
0.251495
-0.0271491
0.251527
-0.0270237
0.251012
-0.0267101
-0.0265085
0.248906
-0.0250888
0.245279
-0.025053
0.241914
-0.0249995
0.238673
-0.0249274
0.235662
-0.0248181
0.23274
-0.0247464
0.230034
-0.0246185
0.227198
-0.0245794
0.224672
-0.0244059
-0.0243897
0.248019
-0.0209882
0.243926
-0.0209738
0.239874
-0.0209663
0.235869
-0.0209494
0.231948
-0.0209303
0.228067
-0.0209096
0.224272
-0.0208798
0.220487
-0.0208596
0.216821
-0.0208206
-0.0208067
0.247826
-0.0167981
0.24365
-0.0167966
0.239476
-0.0167954
0.235315
-0.0167931
0.231167
-0.0167891
0.227034
-0.0167849
0.222923
-0.0167793
0.218823
-0.0167738
0.214754
-0.0167661
-0.0167611
0.247806
-0.0125998
0.243609
-0.0125998
0.239412
-0.0125994
0.235217
-0.0125992
0.231027
-0.0125987
0.226838
-0.012598
0.222654
-0.0125972
0.218474
-0.0125962
0.2143
-0.0125949
-0.0125937
0.247802
-0.0084
0.243602
-0.00839998
0.239403
-0.00839999
0.235203
-0.00839994
0.231004
-0.0083999
0.226806
-0.00839983
0.222608
-0.00839976
0.218411
-0.0083996
0.214215
-0.00839944
-0.00839926
0.247801
-0.00420001
0.243601
-0.00420001
0.239401
-0.00420001
0.235201
-0.00420001
0.231001
-0.00420001
0.226801
-0.0042
0.222602
-0.00419999
0.218402
-0.00419998
0.214202
-0.00419997
-0.00419995
0.247801
0.243601
0.239401
0.235201
0.231001
0.226801
0.222601
0.218401
0.214201
)
;

boundaryField
{
    inlet
    {
        type            calculated;
        value           nonuniform List<scalar> 
20
(
-0.168001
-0.168001
-0.168
-0.168
-0.168
-0.168
-0.168
-0.168
-0.168
-0.168
-0.252
-0.252001
-0.252001
-0.252001
-0.252001
-0.252001
-0.252001
-0.252001
-0.252001
-0.252001
)
;
    }
    outlet
    {
        type            calculated;
        value           nonuniform List<scalar> 
30
(
0.000924256
0.00176669
0.00246998
0.00317647
0.00391126
0.00568218
0.00766785
0.0106505
0.0144684
0.0194303
0.0251964
0.0305666
0.0356697
0.0423286
0.0476996
0.0545451
0.0620558
0.0694643
0.0766785
0.082991
0.185207
0.22241
0.260543
0.298332
0.330976
0.35284
0.361911
0.321864
0.238187
0.21573
)
;
    }
    top
    {
        type            symmetryPlane;
        value           uniform 0;
    }
    bottom
    {
        type            symmetryPlane;
        value           uniform 0;
    }
    empty
    {
        type            empty;
        value           nonuniform 0();
    }
    wall
    {
        type            calculated;
        value           uniform 0;
    }
}


// ************************************************************************* //
