/*--------------------------------*- C++ -*----------------------------------*\
| =========                 |                                                 |
| \\      /  F ield         | OpenFOAM: The Open Source CFD Toolbox           |
|  \\    /   O peration     | Version:  v1912                                 |
|   \\  /    A nd           | Website:  www.openfoam.com                      |
|    \\/     M anipulation  |                                                 |
\*---------------------------------------------------------------------------*/
FoamFile
{
    version     2.0;
    format      ascii;
    class       volScalarField;
    location    "0.5";
    object      T;
}
// * * * * * * * * * * * * * * * * * * * * * * * * * * * * * * * * * * * * * //

dimensions      [0 0 0 1 0 0 0];


internalField   nonuniform List<scalar> 
1000
(
3.59763
3.40389
2.87373
2.79179
2.92441
3.18986
3.5142
3.68753
3.74186
3.49115
3.5979
3.56216
3.29618
3.683
4.33177
4.58694
4.31234
3.63236
3.43875
2.96317
3.55377
3.99968
4.3196
5.31664
5.87413
4.56688
3.39585
2.56613
2.29273
2.01416
3.4167
4.04436
4.44459
5.31264
4.38264
2.70008
2.15493
1.79858
1.69704
1.56836
3.42036
4.00151
5.06601
4.49671
2.89104
1.98515
1.70235
1.50045
1.43467
1.36121
3.48167
4.12984
4.56574
3.31748
2.15882
1.68638
1.54154
1.40354
1.35395
1.30279
3.78542
4.59345
3.53147
2.22101
1.73468
1.53674
1.44516
1.35693
1.32238
1.28774
3.63266
3.15773
2.17203
1.74643
1.55719
1.45558
1.38959
1.33781
1.30439
1.27596
1.64685
1.61744
1.59787
1.54115
1.47137
1.4195
1.369
1.32991
1.29386
1.27218
1.58226
1.5864
1.58036
1.52894
1.45914
1.40994
1.35944
1.32735
1.29022
1.27636
1.70366
1.6516
1.57543
1.51302
1.44767
1.40528
1.35781
1.33566
1.30055
1.30024
1.74172
1.67311
1.59562
1.53038
1.47365
1.4339
1.39897
1.37979
1.36134
1.368
1.73951
1.69332
1.63587
1.59692
1.55794
1.53253
1.5034
1.48807
1.46067
1.45632
1.76748
1.73859
1.70025
1.66852
1.62436
1.59115
1.55132
1.52861
1.49364
1.48646
1.78407
1.75198
1.71659
1.68848
1.65426
1.62844
1.59018
1.57093
1.54005
1.54296
1.79602
1.76224
1.72737
1.70214
1.674
1.65438
1.62729
1.61247
1.58039
1.58136
1.84104
1.79246
1.74901
1.719
1.6883
1.66643
1.63898
1.6239
1.59867
1.60241
1.87917
1.8266
1.77201
1.73308
1.69773
1.67345
1.64538
1.63011
1.60586
1.61077
1.89254
1.84806
1.80155
1.76315
1.7224
1.69259
1.65943
1.64102
1.61313
1.61736
1.92371
1.88593
1.84199
1.80858
1.76858
1.73958
1.69926
1.67806
1.64006
1.63955
1.89965
1.8722
1.83526
1.80681
1.76756
1.741
1.70072
1.68051
1.6424
1.64124
1.88785
1.85471
1.8131
1.78187
1.73984
1.71045
1.66933
1.64933
1.61431
1.61304
1.85568
1.83116
1.79776
1.77193
1.73453
1.70753
1.66902
1.64648
1.61325
1.60782
1.79839
1.78284
1.76013
1.74819
1.72606
1.70517
1.67648
1.65519
1.62783
1.61927
1.71269
1.70541
1.70298
1.69795
1.6839
1.67352
1.65652
1.64558
1.62704
1.61908
1.34888
1.49553
1.58647
1.61764
1.609
1.60706
1.59998
1.59353
1.58142
1.58156
1.05593
1.10618
1.18319
1.26935
1.40378
1.45929
1.51343
1.52387
1.52295
1.52235
1.00549
1.01124
1.02249
1.04264
1.07161
1.12085
1.16935
1.26792
1.33226
1.37994
1.00057
1.00112
1.0021
1.00421
1.00746
1.01486
1.02334
1.04364
1.06352
1.08738
1.00008
1.00014
1.00024
1.00046
1.00082
1.00157
1.00264
1.00493
1.00847
1.01174
2.12358
2.08628
2.0702
2.05828
2.04702
2.03037
2.01184
1.99018
1.96551
1.94008
1.99653
2.04655
2.02456
2.01537
2.0039
1.99411
1.98362
1.97257
1.95285
1.92969
1.4222
1.63125
1.82964
1.90296
1.9287
1.91651
1.9145
1.90819
1.89566
1.88451
1.09004
1.14177
1.25749
1.3952
1.58854
1.7205
1.7745
1.81946
1.81063
1.80709
1.01642
1.02139
1.03537
1.06331
1.11816
1.19916
1.30096
1.4707
1.5719
1.65881
1.00303
1.00354
1.00468
1.00725
1.01195
1.02311
1.0454
1.07763
1.14034
1.21349
1.00055
1.00063
1.00079
1.00102
1.00152
1.00243
1.00421
1.00795
1.0146
1.02899
1.00009
1.0001
1.00013
1.00017
1.00023
1.00034
1.00051
1.00087
1.00148
1.00276
1.00001
1.00001
1.00002
1.00003
1.00004
1.00005
1.00008
1.00012
1.00018
1.00031
1
1
1
1
1.00001
1.00001
1.00001
1.00002
1.00003
1.00005
2.13206
2.00979
1.92605
1.86849
1.82851
1.80324
1.78804
1.78215
1.77732
1.75779
2.2139
2.10938
2.03042
1.96632
1.91935
1.88161
1.85477
1.83315
1.81496
1.79358
2.20974
2.14031
2.08143
2.02943
1.98356
1.94372
1.90541
1.87261
1.83585
1.80196
2.22539
2.15834
2.09994
2.0465
1.99986
1.95803
1.91918
1.88511
1.84947
1.81858
2.2524
2.19288
2.13387
2.07465
2.02326
1.9769
1.93597
1.90016
1.86474
1.83345
2.26707
2.22248
2.1804
2.13022
2.08084
2.02789
1.97565
1.93023
1.88768
1.85005
2.26895
2.22848
2.195
2.15869
2.12429
2.08496
2.04781
2.00348
1.9571
1.91077
2.22683
2.19098
2.16237
2.13204
2.10553
2.0751
2.04565
2.0138
1.97597
1.93897
2.27688
2.23386
2.19298
2.14927
2.11463
2.07987
2.04911
2.01794
1.98356
1.94808
2.2638
2.25244
2.22874
2.19645
2.16101
2.12061
2.08315
2.04562
2.01007
1.97467
2.83493
2.74396
2.70441
2.66916
2.66374
2.63196
2.62778
2.5639
2.48397
2.41585
2.79357
2.7348
2.69993
2.66454
2.64755
2.61301
2.58383
2.52517
2.46734
2.36984
2.70729
2.65335
2.62363
2.57895
2.55644
2.51182
2.48319
2.42496
2.38012
2.30308
2.68689
2.63817
2.59901
2.56001
2.52534
2.48951
2.45158
2.41036
2.36092
2.30895
2.64172
2.61259
2.56543
2.53906
2.49767
2.4698
2.43196
2.39899
2.35786
2.31371
2.61341
2.58289
2.55154
2.52101
2.49486
2.4643
2.43595
2.39594
2.36122
2.31602
2.58556
2.54002
2.51184
2.47349
2.45385
2.42009
2.40564
2.37515
2.35448
2.30886
2.59217
2.5455
2.51596
2.48176
2.45824
2.42131
2.39255
2.3481
2.31086
2.25681
2.58575
2.52207
2.4782
2.45147
2.4284
2.40321
2.37635
2.35004
2.32518
2.3104
2.55741
2.50158
2.45632
2.41424
2.39996
2.36913
2.3462
2.30441
2.28052
2.25339
1.09822
1.2459
1.71911
2.56967
2.88201
2.86542
2.84454
2.87825
3.05316
3.26825
1.24256
1.65476
2.49871
3.02296
2.93981
2.92616
2.91115
2.93375
3.06396
3.24837
1.38981
2.16493
2.6582
2.88151
2.9243
2.93948
2.98004
3.01479
3.11426
3.25385
1.6598
2.6098
2.87123
2.81976
2.88729
2.93166
2.98099
3.02527
3.15099
3.25006
1.98537
2.7115
2.83321
2.81495
2.85289
2.91082
2.96935
3.01805
3.15328
3.22307
2.40321
2.89915
2.80593
2.8035
2.82674
2.86493
2.9417
2.99751
3.1366
3.18842
2.50627
2.84895
2.77507
2.76564
2.80146
2.83043
2.89216
2.95672
3.10717
3.13867
2.51775
2.77881
2.73441
2.72212
2.76496
2.78681
2.83917
2.89148
3.03499
3.09459
2.50838
2.73524
2.70927
2.67589
2.72421
2.75269
2.80267
2.84445
2.98101
3.02653
2.48167
2.62646
2.63663
2.62449
2.65122
2.68299
2.72225
2.74593
2.83189
2.9419
1.00001
1.00003
1.00006
1.0002
1.00039
1.00119
1.00233
1.00673
1.01504
1.03685
1.00001
1.00006
1.00013
1.00041
1.00082
1.00244
1.00527
1.01378
1.03715
1.08182
1.00002
1.0001
1.00023
1.00068
1.00142
1.00409
1.00898
1.02379
1.06051
1.15752
1.00003
1.00016
1.00038
1.00105
1.00243
1.00627
1.01538
1.03957
1.10695
1.29167
1.00007
1.00024
1.00062
1.0016
1.0039
1.00972
1.02414
1.06161
1.16942
1.46268
1.0001
1.00034
1.0009
1.00228
1.00566
1.01409
1.03579
1.09378
1.27203
1.76765
1.00013
1.00045
1.00119
1.003
1.00744
1.01851
1.0471
1.12552
1.3611
2.01933
1.00016
1.00053
1.00139
1.00348
1.00858
1.02125
1.05386
1.14383
1.40823
2.10644
1.00017
1.00055
1.00146
1.00364
1.00892
1.02199
1.05548
1.14882
1.41663
2.1364
1.00017
1.00056
1.00148
1.00368
1.009
1.02219
1.05557
1.15109
1.39649
2.216
1.00008
1.00027
1.00071
1.00177
1.00433
1.01061
1.02611
1.06702
1.17844
1.51718
1.00002
1.00007
1.00018
1.00046
1.00111
1.00266
1.00637
1.01534
1.03832
1.08607
1
1.00001
1.00004
1.00009
1.00021
1.00047
1.00111
1.00261
1.00511
1.01438
1
1
1.00001
1.00002
1.00004
1.0001
1.00022
1.00055
1.00105
1.0029
1
1
1
1
1.00001
1.00002
1.00004
1.00008
1.00016
1.00041
1
1
1
1
1
1
1.00001
1.00002
1.00003
1.00007
1
1
1
1
1
1
1
1
1.00001
1.00001
1
1
1
1
1
1
1
1
1
1
1
1
1
1
1
1
1
1
1
1
1
1
1
1
1
1
1
1
1
1
1.65005
1.87111
2.10372
2.24365
2.31575
2.30919
2.29705
2.26834
2.2392
2.17685
1.11625
1.1763
1.25192
1.36158
1.45964
1.55249
1.60936
1.66964
1.70781
1.79786
1.01474
1.03166
1.04325
1.06371
1.08709
1.11727
1.14238
1.17755
1.20414
1.26002
1.00428
1.00541
1.00859
1.01213
1.01825
1.02376
1.03238
1.03882
1.05108
1.05863
1.00037
1.0011
1.00161
1.00232
1.00361
1.00481
1.00682
1.00848
1.01124
1.01303
1.00009
1.00019
1.00025
1.00045
1.00062
1.00095
1.00126
1.00176
1.00225
1.00277
1.00002
1.00002
1.00005
1.00006
1.0001
1.00015
1.00021
1.0003
1.0004
1.00051
1
1.00001
1
1.00001
1.00001
1.00002
1.00003
1.00004
1.00006
1.00008
1
1
1
1
1
1
1
1
1.00001
1.00001
1
1
1
1
1
1
1
1
1
1
)
;

boundaryField
{
    inlet
    {
        type            fixedValue;
        value           uniform 1;
    }
    outlet
    {
        type            zeroGradient;
    }
    top
    {
        type            symmetryPlane;
    }
    bottom
    {
        type            symmetryPlane;
    }
    empty
    {
        type            empty;
    }
    wall
    {
        type            zeroGradient;
    }
}


// ************************************************************************* //
