/*--------------------------------*- C++ -*----------------------------------*\
| =========                 |                                                 |
| \\      /  F ield         | OpenFOAM: The Open Source CFD Toolbox           |
|  \\    /   O peration     | Version:  v1912                                 |
|   \\  /    A nd           | Website:  www.openfoam.com                      |
|    \\/     M anipulation  |                                                 |
\*---------------------------------------------------------------------------*/
FoamFile
{
    version     2.0;
    format      ascii;
    class       volVectorField;
    location    "0.5";
    object      U;
}
// * * * * * * * * * * * * * * * * * * * * * * * * * * * * * * * * * * * * * //

dimensions      [0 1 -1 0 0 0 0];


internalField   nonuniform List<vector> 
1000
(
(-0.608327 0.50684 0)
(-1.30398 0.451042 0)
(-1.92649 0.47765 0)
(-2.03373 0.468675 0)
(-1.92249 0.454202 0)
(-1.63035 0.435664 0)
(-1.16689 0.314918 0)
(-0.631022 0.133401 0)
(-0.376982 -0.063801 0)
(0.551611 -0.0294095 0)
(-0.352991 0.638432 0)
(-0.832404 0.470845 0)
(-1.47585 0.5125 0)
(-1.52736 0.470031 0)
(-1.15199 0.354423 0)
(-0.414493 -0.0674542 0)
(0.56093 -0.682141 0)
(0.978103 -0.888713 0)
(1.19117 -1.02428 0)
(1.48574 -1.06405 0)
(-0.128713 0.982601 0)
(-0.329427 0.716438 0)
(-0.982528 0.754391 0)
(-1.12372 0.673686 0)
(0.961052 -0.91808 0)
(1.14831 -1.42666 0)
(1.42111 -1.71966 0)
(1.66898 -1.85698 0)
(1.81649 -1.89499 0)
(1.97539 -1.87937 0)
(-0.0501402 1.35513 0)
(0.109679 0.988606 0)
(-0.426239 0.816941 0)
(0.871688 -0.720663 0)
(1.35575 -1.58032 0)
(1.64252 -1.95948 0)
(1.82589 -2.10046 0)
(1.99585 -2.13742 0)
(2.11215 -2.1219 0)
(2.22734 -2.08073 0)
(-0.0195464 1.52863 0)
(0.234575 1.17681 0)
(0.325588 0.378379 0)
(1.25004 -1.16925 0)
(1.69511 -1.87313 0)
(1.91827 -2.11506 0)
(2.06873 -2.18225 0)
(2.20832 -2.16984 0)
(2.30729 -2.13254 0)
(2.39992 -2.07885 0)
(-0.0060161 1.53282 0)
(0.215844 1.04583 0)
(1.01638 -0.589813 0)
(1.64189 -1.58322 0)
(1.94748 -1.96731 0)
(2.11967 -2.08782 0)
(2.249 -2.09619 0)
(2.36749 -2.06068 0)
(2.4543 -2.01662 0)
(2.53326 -1.96304 0)
(-0.080487 1.42629 0)
(0.684258 0.0585834 0)
(1.62058 -1.25388 0)
(2.00419 -1.78103 0)
(2.19047 -1.94079 0)
(2.32006 -1.95833 0)
(2.42858 -1.92785 0)
(2.52347 -1.88194 0)
(2.59529 -1.83595 0)
(2.6585 -1.7866 0)
(1.03877 0.277994 0)
(1.81901 -0.944718 0)
(2.13552 -1.56693 0)
(2.29676 -1.76921 0)
(2.4142 -1.79365 0)
(2.51155 -1.76455 0)
(2.59359 -1.72225 0)
(2.66463 -1.67713 0)
(2.72115 -1.63599 0)
(2.7696 -1.59419 0)
(2.62213 -1.6584 0)
(2.49845 -1.64116 0)
(2.49019 -1.6326 0)
(2.54505 -1.59956 0)
(2.61697 -1.55651 0)
(2.68229 -1.51512 0)
(2.74074 -1.47664 0)
(2.79149 -1.44077 0)
(2.83379 -1.40994 0)
(2.86834 -1.37978 0)
(2.75271 -1.33952 0)
(2.69851 -1.28404 0)
(2.69929 -1.25412 0)
(2.73821 -1.23472 0)
(2.78353 -1.21832 0)
(2.82529 -1.20346 0)
(2.86431 -1.18842 0)
(2.89789 -1.174 0)
(2.92689 -1.16207 0)
(2.94858 -1.15027 0)
(2.82551 -0.0743023 0)
(2.84692 -0.383657 0)
(2.86456 -0.588728 0)
(2.88523 -0.714924 0)
(2.90884 -0.790102 0)
(2.93236 -0.835496 0)
(2.95514 -0.864168 0)
(2.97409 -0.884023 0)
(2.99101 -0.90053 0)
(3.0018 -0.913457 0)
(2.7083 -0.125349 0)
(2.76997 -0.251074 0)
(2.82773 -0.34854 0)
(2.87757 -0.424834 0)
(2.91843 -0.486962 0)
(2.94967 -0.539906 0)
(2.97404 -0.586373 0)
(2.99118 -0.627767 0)
(3.00606 -0.665071 0)
(3.0143 -0.697894 0)
(2.68916 0.153988 0)
(2.75499 0.0650771 0)
(2.81377 -0.027579 0)
(2.86166 -0.119605 0)
(2.89845 -0.205263 0)
(2.92713 -0.283085 0)
(2.95128 -0.352848 0)
(2.97054 -0.413952 0)
(2.98833 -0.467143 0)
(2.99762 -0.51297 0)
(2.60163 0.322225 0)
(2.66367 0.22575 0)
(2.71804 0.132232 0)
(2.76869 0.0413296 0)
(2.81647 -0.0467513 0)
(2.85755 -0.127033 0)
(2.89284 -0.19673 0)
(2.92148 -0.256343 0)
(2.947 -0.309733 0)
(2.96118 -0.356982 0)
(2.51719 0.43912 0)
(2.58383 0.350928 0)
(2.64306 0.268494 0)
(2.69631 0.191378 0)
(2.7451 0.118371 0)
(2.79041 0.0477892 0)
(2.83359 -0.0217065 0)
(2.86955 -0.0880793 0)
(2.90022 -0.149688 0)
(2.91809 -0.204837 0)
(2.443 0.533431 0)
(2.51219 0.453799 0)
(2.57437 0.377667 0)
(2.63045 0.305412 0)
(2.68142 0.23686 0)
(2.72686 0.171246 0)
(2.76857 0.107462 0)
(2.80503 0.0447488 0)
(2.84066 -0.0183885 0)
(2.86325 -0.0790708 0)
(2.38097 0.611225 0)
(2.44918 0.540188 0)
(2.51148 0.470872 0)
(2.56851 0.403768 0)
(2.62069 0.339044 0)
(2.66726 0.276842 0)
(2.70979 0.216851 0)
(2.7457 0.159053 0)
(2.77917 0.101796 0)
(2.80047 0.0453907 0)
(2.32088 0.677809 0)
(2.38948 0.613027 0)
(2.45203 0.548966 0)
(2.50927 0.48608 0)
(2.56196 0.424475 0)
(2.60939 0.364379 0)
(2.65304 0.305767 0)
(2.69018 0.249206 0)
(2.72492 0.19411 0)
(2.74765 0.141284 0)
(2.26745 0.742609 0)
(2.33574 0.682729 0)
(2.39844 0.621787 0)
(2.45622 0.560925 0)
(2.50941 0.500631 0)
(2.55732 0.441727 0)
(2.60175 0.384435 0)
(2.64022 0.329378 0)
(2.6766 0.276636 0)
(2.70098 0.225996 0)
(2.22409 0.771969 0)
(2.28957 0.720596 0)
(2.35072 0.66706 0)
(2.4078 0.612479 0)
(2.46131 0.557462 0)
(2.51044 0.503222 0)
(2.55651 0.450266 0)
(2.5972 0.399127 0)
(2.63551 0.350217 0)
(2.66126 0.30283 0)
(2.21335 0.848384 0)
(2.26708 0.793554 0)
(2.31865 0.740725 0)
(2.36841 0.689871 0)
(2.41666 0.640669 0)
(2.46269 0.593064 0)
(2.50728 0.546853 0)
(2.54824 0.502172 0)
(2.58744 0.458848 0)
(2.61451 0.416937 0)
(2.19999 0.923559 0)
(2.25387 0.876828 0)
(2.30551 0.829433 0)
(2.35461 0.782608 0)
(2.40142 0.736882 0)
(2.44548 0.692503 0)
(2.48794 0.649434 0)
(2.52708 0.607825 0)
(2.56491 0.567173 0)
(2.5912 0.528127 0)
(2.21618 0.952191 0)
(2.25736 0.930358 0)
(2.30121 0.902611 0)
(2.34555 0.87025 0)
(2.38926 0.834526 0)
(2.4313 0.796969 0)
(2.47242 0.758621 0)
(2.51054 0.720204 0)
(2.54779 0.681905 0)
(2.57331 0.644309 0)
(2.28057 0.92686 0)
(2.30752 0.930859 0)
(2.33707 0.925538 0)
(2.36718 0.91214 0)
(2.39914 0.892712 0)
(2.43261 0.869046 0)
(2.46742 0.842158 0)
(2.50109 0.812414 0)
(2.53501 0.781066 0)
(2.55903 0.747812 0)
(2.4034 0.800457 0)
(2.39954 0.851983 0)
(2.40905 0.878199 0)
(2.42414 0.888286 0)
(2.44445 0.888355 0)
(2.46738 0.882296 0)
(2.49141 0.87111 0)
(2.51576 0.855223 0)
(2.54105 0.836942 0)
(2.56099 0.814386 0)
(2.70735 0.456662 0)
(2.6085 0.581887 0)
(2.55111 0.676585 0)
(2.52702 0.744547 0)
(2.52456 0.788343 0)
(2.53282 0.814691 0)
(2.54467 0.826779 0)
(2.5604 0.82995 0)
(2.57664 0.828618 0)
(2.59096 0.82094 0)
(2.95627 0.098164 0)
(2.91922 0.177024 0)
(2.86382 0.279701 0)
(2.78112 0.40058 0)
(2.71177 0.506551 0)
(2.66487 0.590975 0)
(2.6391 0.655434 0)
(2.63438 0.701964 0)
(2.63563 0.735578 0)
(2.64315 0.75196 0)
(2.9961 0.0118261 0)
(2.99202 0.0234876 0)
(2.98432 0.0434039 0)
(2.96984 0.0794588 0)
(2.94677 0.137662 0)
(2.91683 0.210921 0)
(2.87187 0.298858 0)
(2.82478 0.390487 0)
(2.77327 0.471024 0)
(2.76008 0.534276 0)
(2.99961 0.00132698 0)
(2.99925 0.00253032 0)
(2.99856 0.00489138 0)
(2.99726 0.00921794 0)
(2.99478 0.017125 0)
(2.99079 0.0302751 0)
(2.98366 0.0503417 0)
(2.97322 0.0838398 0)
(2.95569 0.126151 0)
(2.94731 0.187553 0)
(2.99995 0.000141851 0)
(2.99991 0.000251129 0)
(2.99984 0.000464847 0)
(2.9997 0.00087233 0)
(2.99945 0.00163049 0)
(2.99902 0.00302687 0)
(2.99826 0.00527118 0)
(2.99699 0.00925028 0)
(2.99442 0.0149954 0)
(2.99383 0.0251223 0)
(1.7664 1.16591 0)
(1.82647 1.15063 0)
(1.87138 1.12868 3.83885e-20)
(1.91042 1.10223 -4.08044e-20)
(1.95007 1.07329 0)
(1.98997 1.04261 0)
(2.02989 1.01025 -1.85798e-20)
(2.06952 0.976139 1.95747e-20)
(2.11056 0.940916 0)
(2.15236 0.905185 0)
(1.95774 0.902249 0)
(1.91384 0.986928 3.70781e-20)
(1.92258 1.03185 -3.66928e-20)
(1.94055 1.04968 0)
(1.96691 1.05258 3.5736e-20)
(1.99784 1.04683 -1.90521e-20)
(2.02979 1.03385 -1.83202e-20)
(2.06323 1.01527 8.74895e-21)
(2.10053 0.992948 -9.03517e-21)
(2.14103 0.967456 0)
(2.62822 0.330785 0)
(2.38966 0.513426 0)
(2.21393 0.657149 3.42221e-20)
(2.12573 0.772387 -3.0039e-20)
(2.09783 0.854503 0)
(2.09666 0.909429 0)
(2.10533 0.940879 -1.63027e-20)
(2.12283 0.957591 1.65165e-20)
(2.14736 0.965334 0)
(2.17542 0.965212 0)
(2.9323 0.0744055 0)
(2.88218 0.14182 1.94918e-20)
(2.78981 0.255391 -1.84409e-20)
(2.6293 0.402866 0)
(2.46685 0.544393 2.8779e-20)
(2.34824 0.663364 -9.80936e-21)
(2.27845 0.758008 -1.34167e-20)
(2.2535 0.829788 7.46429e-21)
(2.25242 0.878989 -7.33371e-21)
(2.26057 0.908796 0)
(2.98814 0.0153123 0)
(2.98436 0.0264376 0)
(2.97393 0.046797 0)
(2.94969 0.0849041 1.69088e-20)
(2.90666 0.156831 1.7996e-21)
(2.83613 0.257998 -1.71099e-20)
(2.73018 0.383416 0)
(2.60452 0.515328 0)
(2.50225 0.626456 0)
(2.43937 0.715643 0)
(2.99781 0.00318122 2.93015e-20)
(2.99752 0.00511966 0)
(2.99666 0.00771715 1.47255e-20)
(2.99497 0.0129514 -1.46651e-20)
(2.99107 0.0227143 0)
(2.98275 0.0399151 0)
(2.96708 0.0714295 0)
(2.93644 0.125704 0)
(2.89142 0.20665 0)
(2.82587 0.307995 0)
(2.9996 0.000626906 0)
(2.99955 0.000970354 1.4092e-20)
(2.99946 0.00137557 -1.40879e-20)
(2.99928 0.00205468 0)
(2.99895 0.00309214 1.41163e-20)
(2.99828 0.00515603 -7.02186e-21)
(2.997 0.00898173 -7.05004e-21)
(2.99433 0.0159526 0)
(2.9893 0.029393 0)
(2.97957 0.050824 0)
(2.99994 0.000111537 0)
(2.99993 0.000176605 0)
(2.99991 0.000255383 1.35889e-20)
(2.99988 0.000360518 -1.35878e-20)
(2.99984 0.000516405 0)
(2.99977 0.000760046 0)
(2.99965 0.00119442 -6.79944e-21)
(2.99941 0.00195786 6.79529e-21)
(2.99898 0.00343322 0)
(2.9981 0.00604943 0)
(2.99999 1.66426e-05 0)
(2.99999 2.7583e-05 0)
(2.99999 4.20832e-05 0)
(2.99998 6.06223e-05 0)
(2.99997 8.71745e-05 1.31266e-20)
(2.99996 0.000123791 -6.56271e-21)
(2.99995 0.000181934 -6.56314e-21)
(2.99992 0.00027476 0)
(2.99988 0.000439882 0)
(2.99979 0.000724521 0)
(3 1.75915e-06 0)
(3 3.14614e-06 0)
(3 5.1603e-06 0)
(3 7.86708e-06 1.26956e-20)
(3 1.18547e-05 1.09452e-25)
(2.99999 1.70847e-05 -1.26956e-20)
(2.99999 2.50715e-05 0)
(2.99999 3.63086e-05 0)
(2.99998 5.49916e-05 0)
(2.99997 8.45058e-05 0)
(1.96657 1.1163 0)
(2.18013 1.05126 0)
(2.32936 0.973594 0)
(2.44335 0.888167 0)
(2.53215 0.797154 0)
(2.60142 0.701412 0)
(2.65451 0.601439 0)
(2.69505 0.498311 0)
(2.72697 0.392259 0)
(2.76694 0.286541 0)
(1.8877 1.04987 0)
(2.07253 0.95714 0)
(2.21755 0.84785 0)
(2.3326 0.729683 0)
(2.42332 0.607293 0)
(2.49389 0.484143 0)
(2.54822 0.362871 0)
(2.58945 0.246382 0)
(2.62267 0.135659 0)
(2.65309 0.034227 0)
(1.80027 1.02133 0)
(1.94811 0.952315 0)
(2.07747 0.866056 0)
(2.18973 0.770749 0)
(2.28627 0.67207 0)
(2.36904 0.574233 0)
(2.44063 0.480401 0)
(2.50285 0.393248 0)
(2.56005 0.314291 0)
(2.61358 0.245467 0)
(1.7555 1.01878 0)
(1.87317 0.974373 0)
(1.98314 0.91702 0)
(2.08481 0.850743 0)
(2.17748 0.779145 0)
(2.26111 0.705217 0)
(2.33662 0.63129 0)
(2.40429 0.558994 0)
(2.46697 0.489212 0)
(2.5245 0.422749 0)
(1.74063 1.00281 0)
(1.83654 0.972919 0)
(1.92842 0.93327 0)
(2.01584 0.885762 0)
(2.09823 0.832494 0)
(2.17534 0.775184 0)
(2.24733 0.715375 0)
(2.3137 0.654218 0)
(2.37668 0.592827 0)
(2.43593 0.532592 0)
(1.71803 1.01505 0)
(1.80402 0.986695 0)
(1.88676 0.952045 0)
(1.96618 0.91222 0)
(2.04167 0.868226 0)
(2.11261 0.820861 0)
(2.17916 0.771015 0)
(2.2413 0.719615 0)
(2.30179 0.667558 0)
(2.3603 0.615883 0)
(1.71315 0.992172 0)
(1.78415 0.978563 0)
(1.85622 0.956186 0)
(1.92724 0.927066 0)
(1.99585 0.892771 0)
(2.06137 0.854609 0)
(2.12414 0.813681 0)
(2.18389 0.770988 0)
(2.24272 0.727236 0)
(2.29989 0.683238 0)
(1.65207 1.03247 0)
(1.72686 1.01264 0)
(1.79909 0.989181 0)
(1.86965 0.961572 0)
(1.9378 0.930236 0)
(2.00293 0.895945 0)
(2.06519 0.859549 0)
(2.12428 0.821535 0)
(2.1826 0.782472 0)
(2.2396 0.742903 0)
(1.65308 1.02043 0)
(1.71341 1.00722 0)
(1.77439 0.99187 0)
(1.83571 0.97299 0)
(1.89677 0.95046 0)
(1.95702 0.924702 0)
(2.01606 0.896342 0)
(2.07314 0.865868 0)
(2.13016 0.833832 0)
(2.1865 0.800457 0)
(1.67659 0.994297 0)
(1.72518 0.977759 0)
(1.77716 0.963853 0)
(1.82987 0.9487 0)
(1.88346 0.932057 0)
(1.93727 0.913673 0)
(1.99084 0.893266 0)
(2.04337 0.870805 0)
(2.09635 0.846405 0)
(2.1484 0.8202 0)
(0.762009 1.0111 -1.32548e-19)
(0.929938 1.0739 0)
(1.03131 1.10035 -8.69619e-20)
(1.08518 1.10855 1.2265e-19)
(1.11879 1.1122 0)
(1.15367 1.11808 0)
(1.20609 1.12775 5.88852e-20)
(1.28018 1.13865 -6.02787e-20)
(1.39642 1.14999 0)
(1.57843 1.15491 0)
(0.791812 0.99135 1.86583e-20)
(0.928043 1.03342 -8.68852e-20)
(1.03052 1.05101 1.1618e-21)
(1.10233 1.05751 2.71629e-20)
(1.15879 1.06303 -5.2435e-20)
(1.21503 1.07203 8.05492e-20)
(1.28188 1.0842 5.07506e-20)
(1.36712 1.09665 -2.69511e-20)
(1.48036 1.10718 2.45603e-20)
(1.61805 1.10699 2.32979e-20)
(0.874042 0.949744 -1.42411e-19)
(0.977796 0.986456 5.17153e-20)
(1.0673 1.00849 -4.69697e-20)
(1.14128 1.02267 -2.29152e-20)
(1.20584 1.03441 -2.33145e-20)
(1.26866 1.04588 -6.73255e-20)
(1.33645 1.05665 6.73478e-20)
(1.41482 1.06487 -8.91254e-20)
(1.50972 1.06765 -4.26602e-20)
(1.61565 1.06046 -4.05736e-20)
(0.92972 0.93741 2.18873e-20)
(1.0204 0.973675 6.48959e-20)
(1.1018 0.998922 1.46903e-19)
(1.17356 1.01681 -4.41871e-20)
(1.23937 1.0306 2.20709e-20)
(1.30345 1.04197 4.22651e-20)
(1.37021 1.05062 1.00328e-19)
(1.44331 1.05548 1.89271e-20)
(1.52643 1.05478 5.81882e-20)
(1.61817 1.04635 1.83029e-20)
(0.985938 0.921782 4.46922e-21)
(1.06698 0.956823 4.20616e-20)
(1.1427 0.98252 -3.82878e-20)
(1.21236 1.00091 -3.79387e-20)
(1.27856 1.01406 -7.42764e-20)
(1.34392 1.02265 3.84373e-20)
(1.40985 1.02779 -3.7997e-20)
(1.4785 1.02965 -7.30188e-20)
(1.55247 1.02773 -3.49022e-20)
(1.63349 1.02095 0)
(1.03719 0.914117 -1.06427e-19)
(1.10986 0.948377 3.80289e-20)
(1.17963 0.973802 3.3642e-20)
(1.24414 0.992591 -1.07302e-19)
(1.30325 1.00756 -6.89736e-20)
(1.36024 1.02083 9.87867e-22)
(1.41942 1.03187 6.69432e-20)
(1.48262 1.03845 -6.77863e-20)
(1.55117 1.03976 -3.28563e-20)
(1.62407 1.03536 -3.2158e-20)
(1.07522 0.9124 3.33568e-20)
(1.14103 0.941947 9.87959e-23)
(1.2066 0.964061 -4.58011e-23)
(1.27457 0.978758 -2.76237e-22)
(1.34461 0.987939 -3.13868e-20)
(1.41268 0.993188 3.19848e-20)
(1.47431 0.995333 -1.23882e-21)
(1.53074 0.996459 -5.93436e-22)
(1.58763 0.996772 -3.01328e-23)
(1.64336 0.995121 -2.52034e-23)
(1.07282 0.925519 3.58047e-20)
(1.14997 0.936936 6.30963e-20)
(1.20508 0.954491 6.03971e-20)
(1.2476 0.978026 2.99648e-20)
(1.28962 1.00261 2.90419e-20)
(1.33711 1.02308 5.91072e-20)
(1.39104 1.03833 8.74895e-20)
(1.44978 1.04817 0)
(1.51158 1.0525 5.65353e-20)
(1.57081 1.05114 5.5535e-20)
(0.958145 0.971936 -8.41743e-20)
(1.10323 0.957259 8.20174e-20)
(1.23748 0.94112 2.76163e-20)
(1.33017 0.948088 -1.16049e-19)
(1.38511 0.970021 -1.12021e-19)
(1.42142 0.9946 -5.55739e-20)
(1.45302 1.01572 -5.55268e-20)
(1.48743 1.03099 -2.74788e-20)
(1.53003 1.03909 -8.01162e-20)
(1.5913 1.03121 2.71778e-20)
(0.969255 0.929284 4.31979e-20)
(0.943188 1.05672 7.55551e-21)
(1.01238 1.13999 -4.87599e-20)
(1.13988 1.17796 4.89387e-20)
(1.26007 1.17511 2.54689e-20)
(1.35689 1.15024 7.70577e-20)
(1.44163 1.11776 1.05765e-19)
(1.52178 1.0831 0)
(1.58518 1.04859 4.99402e-20)
(1.64464 1.01899 -4.85707e-20)
(2.92598 0.00242134 0)
(2.79079 0.0150901 3.42693e-21)
(2.34584 0.00361037 -9.73563e-20)
(1.27936 -0.071812 6.88e-20)
(0.625318 0.251101 -5.95666e-20)
(0.650255 0.245651 1.46938e-19)
(0.600369 0.22091 -6.97504e-20)
(0.474053 0.188361 1.1078e-20)
(0.276703 0.167379 0)
(0.103578 0.106997 4.56248e-20)
(2.80864 0.0216313 -3.75597e-20)
(2.43434 0.0891346 -3.06172e-21)
(1.18601 0.242741 -4.78842e-21)
(0.174782 -0.0586478 6.35054e-21)
(0.19431 -0.00677456 -8.24514e-20)
(0.366946 0.0911599 7.90545e-20)
(0.365371 0.145942 -1.0404e-20)
(0.306408 0.152764 1.15402e-20)
(0.217916 0.150739 -2.62257e-20)
(0.124433 0.1332 1.54051e-20)
(2.67353 0.0484529 2.48028e-20)
(2.0431 0.173422 -6.32835e-20)
(0.900992 0.237478 -1.08957e-19)
(0.312773 0.388162 1.13598e-19)
(0.431756 0.262717 0)
(0.367245 0.237111 8.20002e-20)
(0.278019 0.24624 -4.35535e-20)
(0.235892 0.253225 -2.46222e-20)
(0.183089 0.251553 8.37835e-20)
(0.12546 0.243354 -6.49328e-20)
(2.4325 0.107354 -1.07295e-19)
(1.42876 0.345635 1.08108e-19)
(0.534741 0.341025 5.95977e-21)
(0.446034 0.418708 9.88117e-20)
(0.520188 0.342259 -1.14138e-19)
(0.423172 0.319867 0)
(0.298927 0.324167 4.59132e-20)
(0.237705 0.323608 -1.0108e-19)
(0.179096 0.319866 1.16376e-19)
(0.128767 0.31721 -1.67492e-19)
(2.11966 0.163718 2.15422e-19)
(0.987455 0.378942 -7.17076e-20)
(0.371154 0.54359 -6.18262e-23)
(0.565611 0.48441 -3.53543e-20)
(0.58345 0.436547 7.50373e-20)
(0.481032 0.415615 4.13162e-20)
(0.357669 0.409826 -9.319e-20)
(0.280013 0.395076 1.55397e-19)
(0.199297 0.382188 -1.20665e-22)
(0.137782 0.37605 -1.03247e-19)
(1.62066 0.345723 1.26881e-19)
(0.686454 0.4872 -2.54092e-19)
(0.48043 0.63083 1.23938e-19)
(0.660939 0.568255 6.97551e-20)
(0.63116 0.54467 -1.14793e-19)
(0.531139 0.526966 -1.26349e-19)
(0.424631 0.512237 1.40063e-19)
(0.339666 0.48515 -5.35227e-20)
(0.236406 0.461662 0)
(0.156447 0.44204 0)
(1.33761 0.528554 1.1754e-19)
(0.643791 0.679025 -9.80646e-20)
(0.647991 0.697013 -6.64613e-20)
(0.733955 0.653853 7.03966e-20)
(0.683538 0.645454 -1.14425e-19)
(0.593184 0.637643 0)
(0.4954 0.6235 -9.4464e-20)
(0.406346 0.591902 0)
(0.287924 0.56362 -6.38086e-20)
(0.189428 0.525652 7.2179e-20)
(1.23575 0.670239 1.1041e-19)
(0.682736 0.828537 0)
(0.777841 0.762737 1.94329e-19)
(0.817435 0.72659 -7.36896e-20)
(0.759471 0.728468 -7.55045e-20)
(0.675227 0.732568 -4.13733e-20)
(0.580598 0.728559 2.25712e-21)
(0.491275 0.704538 0)
(0.363024 0.684166 -6.19329e-20)
(0.247401 0.632841 0)
(1.20438 0.757212 -4.73646e-20)
(0.749799 0.942415 1.03038e-19)
(0.889495 0.842814 -3.38313e-20)
(0.914503 0.798795 0)
(0.856313 0.799027 3.93645e-20)
(0.776641 0.807267 -4.17611e-20)
(0.686826 0.814443 4.80866e-20)
(0.60041 0.80624 1.07117e-19)
(0.469632 0.807273 6.55627e-20)
(0.350653 0.762458 0)
(1.16376 0.790299 0)
(0.845885 0.980283 0)
(0.981997 0.920445 -3.07049e-20)
(1.0127 0.880318 0)
(0.973328 0.874892 0)
(0.91356 0.881288 -3.99523e-20)
(0.845791 0.893939 0)
(0.778262 0.900426 0)
(0.665876 0.927464 5.72087e-20)
(0.595155 0.929106 6.72631e-20)
(2.99999 -5.19326e-07 -3.78147e-21)
(2.99998 -2.55073e-06 -3.78195e-21)
(2.99995 -9.28075e-06 7.56299e-21)
(2.99986 -1.78695e-05 -1.51333e-20)
(2.99969 -4.87051e-05 1.51286e-20)
(2.99918 -5.64092e-05 0)
(2.99817 -0.000192285 0)
(2.99502 0.000130731 -3.08098e-20)
(2.9891 -0.000692404 6.1791e-20)
(2.9687 0.00333469 -3.10308e-20)
(2.99999 -1.47645e-06 0)
(2.99996 -7.87875e-06 0)
(2.9999 -2.75642e-05 0)
(2.99972 -5.97527e-05 0)
(2.99935 -0.000153943 -1.42666e-20)
(2.99825 -0.000233994 1.42584e-20)
(2.99612 -0.000655609 0)
(2.98868 -0.000169178 0)
(2.97507 -0.00177486 3.08066e-20)
(2.92288 0.00648377 6.39447e-21)
(2.99998 -2.23849e-06 -3.36152e-21)
(2.99993 -1.23198e-05 -3.36301e-21)
(2.99982 -4.22924e-05 6.72315e-21)
(2.99952 -9.01897e-05 -1.34694e-20)
(2.99887 -0.00022793 -4.13462e-23)
(2.99702 -0.00033728 1.34796e-20)
(2.99313 -0.000806377 0)
(2.98111 -0.000429625 -2.87872e-20)
(2.95343 0.000698273 -3.37593e-21)
(2.87212 0.00780798 6.86425e-20)
(2.99996 -3.53982e-06 0)
(2.99988 -2.10145e-05 0)
(2.9997 -6.56744e-05 -6.37528e-21)
(2.9992 -0.000152957 6.37258e-21)
(2.99813 -0.000328716 0)
(2.99509 -0.000568688 -1.29697e-20)
(2.9881 -0.000792444 1.28406e-20)
(2.96883 -0.00040343 0)
(2.91669 0.00540094 0)
(2.76893 0.0237292 0)
(2.99994 -4.36557e-06 0)
(2.99981 -2.81664e-05 0)
(2.99951 -7.9218e-05 -6.06085e-21)
(2.99877 -0.000192995 6.05544e-21)
(2.99696 -0.000336328 1.22303e-20)
(2.99248 -0.000598593 -2.45884e-20)
(2.98115 -0.000315001 3.80729e-20)
(2.95138 0.00130451 -2.50596e-20)
(2.86527 0.0126307 3.56203e-20)
(2.62741 0.0422275 -8.41118e-20)
(2.99992 -4.5692e-06 0)
(2.99973 -2.87402e-05 0)
(2.9993 -7.84801e-05 -5.77685e-21)
(2.99825 -0.000164357 5.76906e-21)
(2.99566 -0.000235657 1.17056e-20)
(2.98919 -9.74042e-05 -2.35909e-20)
(2.97246 0.00122269 -1.35992e-20)
(2.92646 0.0075325 2.42904e-20)
(2.78443 0.0362245 0)
(2.37016 0.130408 0)
(2.99989 -3.51299e-06 0)
(2.99965 -2.00981e-05 0)
(2.99908 -4.60041e-05 0)
(2.99771 -4.58017e-05 0)
(2.99433 0.000132841 0)
(2.98584 0.00105831 0)
(2.96368 0.00478482 0)
(2.90131 0.0191371 0)
(2.70679 0.0759534 -4.40217e-20)
(2.15536 0.256454 3.6025e-20)
(2.99987 -1.64843e-07 0)
(2.99958 8.59996e-07 0)
(2.99892 2.84866e-05 0)
(2.99734 0.000175167 0)
(2.99344 0.000747134 1.07713e-20)
(2.98371 0.00272298 -1.06425e-20)
(2.95828 0.0093444 -2.41728e-20)
(2.88643 0.0322064 2.27625e-20)
(2.66476 0.114759 0)
(2.04497 0.37089 -7.59421e-20)
(2.99986 2.67313e-06 0)
(2.99956 1.83908e-05 0)
(2.99887 8.7701e-05 -5.06263e-21)
(2.99722 0.000340876 5.05109e-21)
(2.99319 0.00117611 1.03304e-20)
(2.98314 0.00380686 -2.08916e-20)
(2.95692 0.0120903 -1.2856e-20)
(2.88264 0.0396453 2.18545e-20)
(2.65521 0.135165 0)
(2.00167 0.444802 -7.44462e-20)
(2.99986 1.49076e-05 0)
(2.99955 9.37072e-05 0)
(2.99885 0.000338063 0)
(2.99719 0.0010261 0)
(2.99313 0.00291164 0)
(2.98304 0.0080956 0)
(2.95682 0.0226587 0)
(2.88232 0.0666574 0)
(2.66229 0.203994 0)
(1.95753 0.652457 0)
(2.99993 1.67273e-05 0)
(2.99979 0.000103156 0)
(2.99947 0.000343987 0)
(2.99869 0.000946798 0)
(2.9968 0.00242029 0)
(2.99215 0.00603171 0)
(2.98055 0.0150557 0)
(2.94927 0.0387443 0)
(2.86028 0.10851 0)
(2.60476 0.353395 0)
(2.99998 7.58013e-06 0)
(2.99995 4.66212e-05 0)
(2.99986 0.000155164 0)
(2.99967 0.000426789 0)
(2.9992 0.00109319 0)
(2.99808 0.00271569 0)
(2.99538 0.00673278 0)
(2.98872 0.0167632 0)
(2.97158 0.0438852 0)
(2.93661 0.1245 0)
(3 1.98369e-06 0)
(2.99999 1.21869e-05 0)
(2.99997 4.03988e-05 0)
(2.99994 0.000110554 0)
(2.99985 0.000280566 0)
(2.99966 0.00068909 0)
(2.99921 0.00167208 0)
(2.99822 0.00403933 0)
(2.99553 0.00985851 0)
(2.99322 0.024812 0)
(3 3.87941e-07 0)
(3 2.38059e-06 0)
(2.99999 7.83558e-06 0)
(2.99999 2.12359e-05 0)
(2.99997 5.28491e-05 0)
(2.99993 0.000127394 0)
(2.99984 0.000297894 0)
(2.99964 0.00070185 0)
(2.99924 0.00158149 0)
(2.99825 0.00391642 0)
(3 8.02985e-08 0)
(3 4.91761e-07 0)
(3 1.61761e-06 0)
(3 4.36344e-06 0)
(2.99999 1.08509e-05 0)
(2.99999 2.58649e-05 0)
(2.99997 6.06889e-05 0)
(2.99994 0.000138853 0)
(2.99987 0.000321553 0)
(2.9998 0.000687793 0)
(3 1.44315e-08 0)
(3 8.83629e-08 0)
(3 2.89445e-07 0)
(3 7.78098e-07 0)
(3 1.91459e-06 0)
(3 4.52964e-06 0)
(3 1.03904e-05 0)
(2.99999 2.36462e-05 0)
(2.99998 5.22078e-05 0)
(2.99997 0.000120422 0)
(3 2.54141e-09 0)
(3 1.55347e-08 0)
(3 5.07689e-08 0)
(3 1.35831e-07 0)
(3 3.32262e-07 0)
(3 7.79068e-07 0)
(3 1.76936e-06 0)
(3 3.97831e-06 0)
(3 8.60574e-06 0)
(2.99999 1.99386e-05 0)
(3 4.79106e-10 0)
(3 2.9308e-09 0)
(3 9.61064e-09 0)
(3 2.58361e-08 0)
(3 6.3874e-08 0)
(3 1.5175e-07 0)
(3 3.52433e-07 0)
(3 8.11596e-07 0)
(3 1.83001e-06 0)
(3 4.20674e-06 0)
(3 6.81762e-11 0)
(3 4.16331e-10 0)
(3 1.35886e-09 0)
(3 3.62336e-09 0)
(3 8.84975e-09 0)
(3 2.06349e-08 0)
(3 4.69978e-08 0)
(3 1.0424e-07 0)
(3 2.31311e-07 0)
(3 4.60219e-07 0)
(3 1.07327e-11 0)
(3 6.55085e-11 0)
(3 2.13611e-10 0)
(3 5.68804e-10 0)
(3 1.3863e-09 0)
(3 3.22684e-09 0)
(3 7.32918e-09 0)
(3 1.62348e-08 0)
(3 3.59062e-08 0)
(3 6.72643e-08 0)
(2.39567 0.578331 -3.22948e-20)
(2.10383 0.773466 2.85916e-20)
(1.77141 0.923218 9.8787e-21)
(1.54753 1.0128 -4.04739e-20)
(1.47526 1.06309 6.50312e-21)
(1.48115 1.09627 -1.4088e-20)
(1.51415 1.11875 1.08459e-20)
(1.55787 1.13535 -1.50564e-20)
(1.61861 1.14718 -4.3038e-20)
(1.69614 1.16457 -1.47605e-20)
(2.91327 0.145774 -1.64797e-20)
(2.86829 0.177358 2.34302e-20)
(2.79158 0.234685 2.60547e-20)
(2.6934 0.320251 0)
(2.59264 0.416062 3.46417e-20)
(2.50101 0.508693 3.03814e-20)
(2.4252 0.59134 4.89706e-21)
(2.35623 0.664935 3.27288e-20)
(2.29849 0.724883 6.38449e-20)
(2.16271 0.756431 1.05962e-21)
(2.98661 0.0273836 -4.22592e-21)
(2.9781 0.0307864 -9.43615e-21)
(2.96733 0.0378874 3.94983e-21)
(2.95089 0.0490938 -4.02612e-21)
(2.93107 0.0650588 -4.0306e-20)
(2.90873 0.0844194 1.50272e-20)
(2.8853 0.106962 -1.23139e-20)
(2.86053 0.130639 -1.28971e-20)
(2.83331 0.157126 -2.81702e-20)
(2.78991 0.18145 1.4183e-20)
(2.99773 0.00417017 2.30407e-21)
(2.99612 0.00521249 -2.25083e-21)
(2.99366 0.00651576 4.78546e-21)
(2.99056 0.00856101 4.92862e-21)
(2.98646 0.011541 5.11273e-21)
(2.98163 0.015397 5.29921e-21)
(2.97594 0.0203402 5.52369e-21)
(2.96974 0.0260163 -1.45849e-20)
(2.96235 0.0329473 4.72199e-20)
(2.95336 0.0405991 -2.58172e-20)
(2.99955 0.000821416 0)
(2.99925 0.00093968 2.05851e-23)
(2.99885 0.00120472 1.4621e-20)
(2.99821 0.00159499 2.05202e-23)
(2.99737 0.00216896 -2.99805e-20)
(2.99631 0.00295798 2.0201e-20)
(2.995 0.00397516 -2.056e-20)
(2.99351 0.00525948 2.07475e-20)
(2.99173 0.00679206 0)
(2.99002 0.00874973 5.61133e-21)
(2.99994 0.000128832 -2.54404e-21)
(2.99988 0.000165246 7.72176e-21)
(2.99981 0.000208554 -7.81234e-21)
(2.99969 0.000281262 0)
(2.99954 0.000388177 -1.869e-20)
(2.99932 0.000543087 2.16134e-20)
(2.99905 0.000747602 2.73396e-21)
(2.99872 0.00102368 2.76875e-21)
(2.99831 0.00135675 2.80434e-21)
(2.99795 0.00181286 -4.27403e-20)
(2.99999 2.17203e-05 1.36656e-21)
(2.99998 2.65994e-05 -9.68622e-21)
(2.99997 3.3376e-05 1.96204e-20)
(2.99995 4.54696e-05 -1.41884e-21)
(2.99993 6.30682e-05 -1.58205e-20)
(2.99989 9.01813e-05 -1.45706e-21)
(2.99984 0.000126765 -2.80673e-20)
(2.99978 0.000179393 -4.50078e-21)
(2.9997 0.000244569 4.40185e-20)
(2.99963 0.000337616 -2.92532e-20)
(3 4.51762e-06 -1.47655e-21)
(3 4.79437e-06 4.49e-21)
(3 6.15556e-06 7.58648e-22)
(2.99999 7.42442e-06 1.53862e-21)
(2.99999 1.01997e-05 -2.34055e-20)
(2.99999 1.40349e-05 2.69081e-20)
(2.99998 1.95141e-05 1.60625e-21)
(2.99997 2.79926e-05 1.63023e-21)
(2.99996 3.87956e-05 1.6549e-21)
(2.99994 5.49298e-05 1.68043e-21)
(3 5.44393e-07 -4.01474e-22)
(3 6.28005e-07 -6.92618e-21)
(3 7.03294e-07 5.37613e-21)
(3 9.92626e-07 1.34356e-20)
(3 1.23912e-06 -4.13581e-20)
(3 1.75358e-06 2.72845e-20)
(3 2.43956e-06 -2.86012e-20)
(3 3.55164e-06 -4.47274e-22)
(3 5.01795e-06 5.77298e-20)
(2.99999 7.27549e-06 -3.00433e-20)
(3 7.75294e-08 -3.08011e-21)
(3 8.61616e-08 4.02453e-21)
(3 1.06084e-07 4.54562e-22)
(3 1.28158e-07 0)
(3 1.4769e-07 -2.96164e-20)
(3 2.07422e-07 6.16978e-20)
(3 2.59421e-07 -6.18164e-20)
(3 3.64854e-07 3.22084e-20)
(3 4.95512e-07 3.27994e-20)
(3 7.06839e-07 -3.23843e-20)
)
;

boundaryField
{
    inlet
    {
        type            fixedValue;
        value           uniform (3 0 0);
    }
    outlet
    {
        type            zeroGradient;
    }
    top
    {
        type            symmetryPlane;
    }
    bottom
    {
        type            symmetryPlane;
    }
    empty
    {
        type            empty;
    }
    wall
    {
        type            noSlip;
    }
}


// ************************************************************************* //
