/*--------------------------------*- C++ -*----------------------------------*\
| =========                 |                                                 |
| \\      /  F ield         | OpenFOAM: The Open Source CFD Toolbox           |
|  \\    /   O peration     | Version:  v1912                                 |
|   \\  /    A nd           | Website:  www.openfoam.com                      |
|    \\/     M anipulation  |                                                 |
\*---------------------------------------------------------------------------*/
FoamFile
{
    version     2.0;
    format      ascii;
    class       volScalarField;
    location    "0.74";
    object      rho;
}
// * * * * * * * * * * * * * * * * * * * * * * * * * * * * * * * * * * * * * //

dimensions      [1 -3 0 0 0 0 0];


internalField   nonuniform List<scalar> 
4800
(
54.787
4.8077
1.39478
1.26795
1.02429
0.845639
0.795175
0.789421
0.816506
0.871437
0.947299
1.02691
1.09216
1.13774
1.16122
1.16049
1.14921
1.10964
1.03377
0.876608
0.714799
0.679754
0.685892
0.704788
0.722162
0.729197
0.728615
0.722446
0.715733
0.713852
0.717985
0.728649
0.739718
0.743287
0.741832
0.736617
0.722126
0.690935
0.621224
0.543489
54.7687
4.8091
1.38853
1.26276
1.0217
0.846136
0.798036
0.795345
0.825721
0.881787
0.952647
1.0241
1.08475
1.12855
1.1532
1.156
1.14506
1.10594
1.03239
0.875902
0.718604
0.685393
0.688487
0.70334
0.71789
0.725009
0.72587
0.723987
0.721864
0.723021
0.727575
0.73414
0.738667
0.74024
0.738869
0.73573
0.722949
0.692991
0.622259
0.543591
54.7509
4.81234
1.38199
1.25795
1.0192
0.848159
0.804147
0.806354
0.840261
0.89464
0.956349
1.0168
1.07161
1.11593
1.14441
1.15002
1.14094
1.10346
1.03354
0.876196
0.723107
0.692044
0.690302
0.699221
0.71035
0.718252
0.724354
0.728879
0.73323
0.736443
0.737474
0.736106
0.734817
0.734885
0.73589
0.735773
0.724913
0.696274
0.62284
0.542146
54.7341
4.81546
1.37388
1.25325
1.01802
0.853197
0.814927
0.823174
0.859382
0.909079
0.960022
1.01012
1.05839
1.10199
1.13226
1.13979
1.13301
1.10025
1.03556
0.877715
0.729126
0.698946
0.691505
0.695664
0.70271
0.71218
0.724432
0.737589
0.748317
0.751022
0.746008
0.737942
0.732046
0.731366
0.734783
0.736191
0.727382
0.698592
0.621352
0.540674
54.7215
4.81691
1.36426
1.24897
1.01887
0.861487
0.830021
0.843854
0.878337
0.921275
0.963158
1.00576
1.04951
1.09103
1.1192
1.12725
1.12211
1.09438
1.03757
0.879673
0.734409
0.703954
0.69052
0.691859
0.697636
0.709161
0.727374
0.748157
0.761462
0.76079
0.751824
0.738608
0.730799
0.73032
0.73537
0.737058
0.730115
0.699449
0.617862
0.538201
54.7121
4.81668
1.35307
1.24486
1.02115
0.872068
0.848402
0.865258
0.893699
0.930065
0.965479
1.00404
1.04536
1.08342
1.10712
1.11351
1.10839
1.08904
1.03754
0.880141
0.738761
0.70727
0.690852
0.69074
0.697535
0.712056
0.734285
0.757718
0.76752
0.765037
0.753139
0.7395
0.731959
0.731574
0.737023
0.737834
0.731697
0.697993
0.612886
0.535175
54.7333
4.81634
1.33974
1.24018
1.02444
0.884945
0.866623
0.882181
0.90492
0.936375
0.967584
1.00386
1.04324
1.07754
1.09773
1.10191
1.09493
1.08073
1.03211
0.875544
0.739776
0.709395
0.693172
0.694296
0.702923
0.720984
0.743947
0.762496
0.768569
0.76417
0.752684
0.741206
0.734773
0.73427
0.738605
0.738041
0.730536
0.694866
0.607705
0.532343
54.762
4.81675
1.32436
1.23527
1.0285
0.89822
0.880839
0.892214
0.912611
0.940671
0.970532
1.00516
1.04194
1.07233
1.09076
1.09499
1.08688
1.0732
1.02083
0.863538
0.734175
0.707546
0.697102
0.70286
0.71592
0.734527
0.752119
0.762633
0.764658
0.759646
0.750653
0.74258
0.73759
0.736498
0.738168
0.735818
0.726153
0.690663
0.603434
0.53023
54.788
4.81726
1.30883
1.23161
1.03226
0.90731
0.890579
0.897372
0.91742
0.944449
0.97422
1.0073
1.04071
1.0671
1.08527
1.09113
1.08538
1.06955
1.00563
0.847118
0.724316
0.704073
0.702775
0.714973
0.731882
0.745816
0.754346
0.75726
0.75685
0.753649
0.748234
0.742578
0.737978
0.735189
0.734376
0.73057
0.718952
0.685391
0.600116
0.52928
54.8117
4.82138
1.29403
1.22796
1.03336
0.910699
0.895472
0.899336
0.920057
0.947973
0.97825
1.00928
1.03856
1.06135
1.0805
1.08611
1.08647
1.06685
0.989418
0.828579
0.71324
0.698829
0.709144
0.727908
0.743744
0.749954
0.750062
0.748881
0.748276
0.747727
0.745442
0.741156
0.73562
0.730193
0.726607
0.722786
0.710089
0.679574
0.598356
0.529859
54.8264
4.83204
1.28096
1.22321
1.03018
0.909296
0.895829
0.899198
0.922676
0.951999
0.982397
1.01146
1.03645
1.05599
1.07682
1.08178
1.08634
1.06243
0.975023
0.813169
0.703144
0.695277
0.713228
0.736165
0.747243
0.74818
0.743586
0.740035
0.740382
0.741443
0.740952
0.736915
0.729679
0.722267
0.717028
0.713209
0.701241
0.674092
0.598018
0.532328
54.8397
4.85235
1.27004
1.21564
1.02201
0.904879
0.894553
0.898055
0.925099
0.956651
0.987048
1.01418
1.03577
1.05312
1.07334
1.07737
1.08219
1.05453
0.962684
0.802501
0.697395
0.693226
0.713298
0.735785
0.743235
0.740672
0.734687
0.731531
0.731825
0.733227
0.733392
0.729131
0.720165
0.71145
0.706177
0.703227
0.693268
0.670247
0.599664
0.535874
54.8132
4.8797
1.26131
1.20432
1.01021
0.896736
0.887402
0.896201
0.927904
0.962318
0.99238
1.01807
1.0377
1.05336
1.07002
1.07172
1.07286
1.04328
0.95334
0.796801
0.69757
0.693025
0.709309
0.726134
0.73208
0.729332
0.72422
0.721678
0.722811
0.724192
0.723491
0.717582
0.707849
0.698883
0.694736
0.693943
0.687743
0.669197
0.6033
0.538905
54.7703
4.91101
1.2549
1.18951
0.994485
0.890326
0.876686
0.893421
0.92891
0.96692
0.99839
1.02432
1.04304
1.05675
1.06895
1.06523
1.05947
1.02996
0.946014
0.794665
0.700364
0.692473
0.701005
0.710383
0.716077
0.715818
0.713499
0.712824
0.713259
0.713219
0.71038
0.703024
0.693186
0.685691
0.683934
0.686127
0.685129
0.669998
0.606716
0.539973
54.7139
4.94303
1.25069
1.17352
0.976784
0.883784
0.866824
0.88822
0.926541
0.9693
1.00468
1.03352
1.05209
1.06346
1.06989
1.05912
1.04509
1.01737
0.940972
0.793622
0.702484
0.691968
0.690204
0.694716
0.700065
0.703044
0.703764
0.703721
0.702917
0.700456
0.695277
0.687209
0.678794
0.673643
0.674907
0.68026
0.684233
0.670564
0.608477
0.53872
54.6562
4.97341
1.24809
1.15765
0.95981
0.877751
0.857796
0.881018
0.920808
0.968877
1.01036
1.04481
1.06451
1.07266
1.07269
1.05377
1.03362
1.0096
0.93849
0.791452
0.7025
0.686994
0.679537
0.682502
0.687941
0.692544
0.694639
0.694411
0.691957
0.687484
0.680966
0.673491
0.667516
0.664989
0.668912
0.676715
0.683086
0.669858
0.60806
0.534945
54.6155
5.00162
1.24698
1.14249
0.945602
0.870333
0.848787
0.872064
0.912454
0.965196
1.0139
1.05586
1.07883
1.08392
1.07747
1.05086
1.02885
1.00853
0.936896
0.785187
0.701082
0.677803
0.670642
0.673865
0.679873
0.684996
0.687159
0.686528
0.682684
0.676491
0.669938
0.664406
0.660945
0.660213
0.665431
0.673796
0.679952
0.667053
0.604823
0.529408
54.6035
5.02807
1.24715
1.12884
0.93505
0.862543
0.840259
0.862208
0.902735
0.958744
1.01476
1.06469
1.09287
1.09597
1.08427
1.05228
1.03146
1.01427
0.934654
0.774674
0.696858
0.669091
0.663716
0.667781
0.674438
0.679837
0.68192
0.680084
0.674657
0.668227
0.663312
0.660228
0.65878
0.6597
0.664748
0.671499
0.674106
0.661206
0.598994
0.523129
54.6051
5.05069
1.24725
1.11532
0.926379
0.855322
0.832912
0.853014
0.893148
0.950877
1.01317
1.06933
1.10369
1.1063
1.0928
1.05979
1.04262
1.02617
0.930532
0.761113
0.690409
0.662259
0.659137
0.663715
0.670653
0.675888
0.677359
0.674927
0.669396
0.66396
0.660936
0.660183
0.660882
0.662761
0.666048
0.670382
0.668232
0.654495
0.592357
0.517082
54.6008
5.06813
1.24735
1.10237
0.91829
0.848924
0.827126
0.845811
0.885313
0.942991
1.009
1.06926
1.10946
1.11351
1.10207
1.0737
1.06246
1.04253
0.924735
0.746343
0.682799
0.657476
0.656525
0.661256
0.667574
0.67215
0.673458
0.671551
0.667158
0.663242
0.662185
0.663521
0.666238
0.668088
0.668353
0.670428
0.664365
0.64883
0.586427
0.512662
54.5922
5.08053
1.24777
1.09123
0.910194
0.842778
0.822824
0.840793
0.88005
0.936369
1.00333
1.06593
1.11042
1.11831
1.11092
1.09102
1.08592
1.06091
0.918743
0.732864
0.67561
0.654399
0.655213
0.659785
0.664482
0.667511
0.668685
0.66836
0.666865
0.665685
0.666835
0.669969
0.672971
0.673435
0.671659
0.672237
0.663412
0.645619
0.582771
0.511127
54.5691
5.08883
1.24808
1.08269
0.903065
0.837431
0.819779
0.837773
0.877164
0.932251
0.997711
1.06015
1.10673
1.12106
1.11933
1.1089
1.10828
1.07613
0.913256
0.722231
0.669953
0.652812
0.654651
0.658455
0.660811
0.661729
0.662511
0.664267
0.666931
0.670091
0.674071
0.678264
0.679973
0.678754
0.676466
0.676809
0.665741
0.644948
0.581338
0.512213
54.5387
5.09407
1.24868
1.0769
0.897781
0.833872
0.818466
0.836842
0.87648
0.930222
0.993518
1.05369
1.10021
1.12185
1.12805
1.12554
1.12575
1.08441
0.907925
0.713313
0.665773
0.65209
0.654289
0.656663
0.656519
0.655457
0.655525
0.659392
0.667171
0.675953
0.683618
0.687292
0.686374
0.683703
0.681421
0.682648
0.670784
0.646842
0.582577
0.515803
54.5124
5.09569
1.25115
1.07505
0.895889
0.832927
0.819388
0.838199
0.877805
0.929925
0.989818
1.04734
1.09322
1.12199
1.13702
1.13895
1.13574
1.08628
0.903223
0.705888
0.662482
0.651642
0.653609
0.654724
0.652558
0.64959
0.649027
0.654971
0.667666
0.68274
0.693851
0.695525
0.691845
0.687674
0.685317
0.687048
0.675453
0.650287
0.586134
0.520636
54.4979
5.09153
1.25529
1.07925
0.898707
0.835277
0.822697
0.841791
0.880848
0.930676
0.986747
1.04184
1.08789
1.12275
1.14428
1.14869
1.13719
1.08201
0.89963
0.701134
0.659625
0.651183
0.652761
0.653002
0.649471
0.645322
0.644791
0.652434
0.668689
0.689473
0.702748
0.701386
0.696013
0.690623
0.687975
0.690017
0.678874
0.653647
0.590233
0.52442
54.4851
5.08053
1.26061
1.08951
0.906081
0.840932
0.82832
0.846993
0.884567
0.931329
0.983116
1.03608
1.08516
1.12531
1.1494
1.15294
1.13197
1.07176
0.897352
0.699498
0.657626
0.650919
0.652049
0.652057
0.648037
0.6438
0.643692
0.652698
0.671124
0.694264
0.707378
0.705017
0.698776
0.692302
0.689074
0.692032
0.681879
0.657293
0.593932
0.526269
54.5171
5.06209
1.26725
1.10561
0.917299
0.848774
0.835564
0.85309
0.888094
0.931157
0.978794
1.03094
1.08377
1.12979
1.15169
1.15076
1.12289
1.05974
0.896354
0.700497
0.655711
0.650933
0.652
0.652655
0.649439
0.646673
0.648266
0.658047
0.676535
0.696915
0.707365
0.70671
0.700601
0.692739
0.688694
0.691894
0.682505
0.660671
0.597974
0.527443
54.538
5.03342
1.27464
1.12688
0.932311
0.858551
0.843794
0.859392
0.891018
0.930173
0.974343
1.02634
1.08331
1.13408
1.15251
1.14554
1.11274
1.04889
0.897738
0.703729
0.653622
0.651016
0.653357
0.655656
0.654987
0.655023
0.659391
0.669586
0.683662
0.697162
0.705354
0.706549
0.701607
0.692944
0.68847
0.691906
0.682899
0.663003
0.600035
0.526743
54.565
4.99678
1.2815
1.15057
0.949829
0.868974
0.852299
0.865106
0.892714
0.928576
0.970805
1.02347
1.08343
1.13619
1.15223
1.13905
1.10484
1.04072
0.903012
0.710979
0.652292
0.651156
0.654262
0.660675
0.665364
0.670341
0.677786
0.685878
0.691745
0.696898
0.701733
0.705239
0.703157
0.695569
0.690504
0.693496
0.684759
0.665658
0.600697
0.524427
54.5981
4.95667
1.28682
1.1737
0.968043
0.877076
0.858044
0.868447
0.893068
0.927439
0.969704
1.02292
1.08422
1.13586
1.14943
1.13161
1.09721
1.03628
0.912289
0.724751
0.654897
0.652382
0.656466
0.667599
0.679726
0.692104
0.702056
0.705043
0.702085
0.69868
0.699228
0.703752
0.705784
0.701644
0.696825
0.698134
0.689211
0.668919
0.600237
0.522107
54.635
4.9179
1.29194
1.19379
0.985008
0.882505
0.860792
0.868339
0.892594
0.927861
0.971982
1.02537
1.08466
1.13204
1.14247
1.12447
1.09068
1.03407
0.925038
0.74541
0.663635
0.657996
0.662601
0.678965
0.699033
0.717376
0.728053
0.725892
0.715774
0.705172
0.701473
0.704834
0.709739
0.711314
0.708833
0.707953
0.697809
0.67354
0.599483
0.52066
54.6791
4.88496
1.29833
1.20934
0.99853
0.883902
0.859794
0.865789
0.891506
0.930434
0.977885
1.03043
1.08336
1.12337
1.13269
1.11804
1.08647
1.03631
0.941674
0.771337
0.677882
0.667695
0.672333
0.692806
0.719194
0.741753
0.751735
0.748387
0.734784
0.719104
0.710815
0.710602
0.715949
0.723424
0.726989
0.724324
0.712353
0.681084
0.599365
0.520475
54.7263
4.85856
1.3065
1.22072
1.00832
0.881087
0.85508
0.860673
0.890046
0.9353
0.986232
1.03541
1.08067
1.11199
1.12058
1.1127
1.08605
1.04505
0.961908
0.800001
0.696454
0.681593
0.686528
0.709217
0.738405
0.762732
0.772842
0.769681
0.757623
0.740283
0.727663
0.72308
0.726804
0.737397
0.747306
0.747298
0.734171
0.692416
0.600665
0.522447
54.7736
4.83692
1.31586
1.22933
1.01476
0.875124
0.847619
0.854339
0.889087
0.940825
0.994785
1.03982
1.07742
1.09956
1.10878
1.10851
1.09025
1.0598
0.984235
0.828202
0.716419
0.697643
0.703914
0.726783
0.754441
0.776222
0.786767
0.787694
0.781261
0.76728
0.751578
0.742174
0.742017
0.752818
0.766782
0.772778
0.760385
0.705785
0.603449
0.527576
54.8302
4.81819
1.32485
1.23576
1.01907
0.869238
0.839997
0.848134
0.887437
0.94365
0.999442
1.04128
1.0725
1.08879
1.10001
1.10513
1.09693
1.07632
1.00521
0.853712
0.735882
0.714628
0.722726
0.743729
0.766342
0.783157
0.793541
0.798978
0.799887
0.794305
0.780345
0.76635
0.760593
0.76902
0.78406
0.794297
0.78414
0.720208
0.608859
0.536203
54.8963
4.79873
1.33214
1.24054
1.0234
0.866181
0.83498
0.843471
0.883907
0.941617
0.997168
1.03872
1.06752
1.08386
1.09687
1.1054
1.10263
1.08872
1.02181
0.875768
0.755198
0.732365
0.740847
0.758598
0.776041
0.787224
0.795302
0.803109
0.810134
0.812939
0.806609
0.793565
0.78327
0.78611
0.797516
0.806624
0.795485
0.730042
0.616834
0.547659
54.9589
4.77613
1.33722
1.2438
1.02819
0.866634
0.833754
0.842041
0.879313
0.93392
0.987981
1.0311
1.06373
1.08573
1.10006
1.10936
1.10587
1.09381
1.03368
0.894044
0.772045
0.748923
0.754593
0.769176
0.782867
0.790993
0.796659
0.803384
0.812648
0.821025
0.823342
0.817754
0.808371
0.804685
0.80902
0.807405
0.794026
0.730793
0.62321
0.561342
55.0098
4.75307
1.34036
1.2454
1.03239
0.86872
0.834408
0.841715
0.873311
0.922283
0.973753
1.0208
1.06031
1.09218
1.10913
1.115
1.10784
1.09286
1.04221
0.909563
0.787883
0.764427
0.763945
0.77351
0.785647
0.794426
0.799961
0.804809
0.811588
0.820863
0.829504
0.833486
0.830364
0.824187
0.817899
0.801927
0.78077
0.723945
0.626301
0.574023
55.0539
4.73636
1.34188
1.24545
1.03529
0.87128
0.835844
0.843727
0.869374
0.911243
0.95906
1.00997
1.0593
1.10024
1.12093
1.12064
1.11061
1.08861
1.04433
0.91984
0.801242
0.776188
0.769171
0.774106
0.784746
0.795353
0.803191
0.808092
0.811925
0.817811
0.828394
0.840695
0.846935
0.84097
0.823883
0.796291
0.76095
0.706555
0.625879
0.587173
55.0809
4.72876
1.34341
1.24595
1.03605
0.871892
0.836037
0.844921
0.867238
0.904002
0.948289
1.00036
1.05646
1.1035
1.12802
1.12553
1.11179
1.08526
1.04351
0.924625
0.809593
0.783712
0.772342
0.774721
0.783382
0.794049
0.803371
0.809732
0.812845
0.816497
0.82631
0.842206
0.855001
0.850234
0.828628
0.793748
0.746066
0.689381
0.621667
0.59359
0.512076
0.511055
0.513794
0.521881
0.530101
0.539167
0.550096
0.56197
0.57239
0.579949
0.585693
0.590905
0.597181
0.606588
0.622604
0.649011
0.680572
0.699355
0.697188
0.659859
0.575767
0.516358
0.505535
0.510701
0.52573
0.544691
0.561721
0.573061
0.578476
0.581487
0.584889
0.589925
0.597389
0.605235
0.610938
0.615109
0.62009
0.625705
0.628763
0.632943
0.615473
0.567921
0.538259
0.536399
0.539639
0.551485
0.567021
0.581854
0.595107
0.606031
0.617316
0.629249
0.64042
0.650502
0.66097
0.675511
0.690992
0.698545
0.70109
0.684214
0.636299
0.587181
0.577212
0.579219
0.584145
0.590156
0.594312
0.594849
0.595495
0.599119
0.607634
0.624066
0.645787
0.664966
0.682728
0.702296
0.723235
0.729723
0.725645
0.681784
0.516672
0.51476
0.517886
0.525377
0.533412
0.542612
0.553076
0.564113
0.573825
0.581091
0.58726
0.594013
0.602422
0.614494
0.631775
0.656917
0.68388
0.69331
0.684092
0.639994
0.558682
0.515847
0.509003
0.516145
0.53206
0.550507
0.565209
0.574067
0.578755
0.58156
0.58534
0.590973
0.598181
0.604972
0.611158
0.617307
0.624409
0.630659
0.631096
0.633038
0.61042
0.564055
0.541477
0.543079
0.549582
0.564334
0.580951
0.594245
0.602379
0.609036
0.617208
0.626859
0.636994
0.647235
0.658605
0.673566
0.688364
0.692018
0.692186
0.672813
0.625535
0.584084
0.577239
0.579428
0.58458
0.590896
0.595777
0.598701
0.60107
0.606251
0.617425
0.632205
0.647185
0.665214
0.683542
0.702825
0.723796
0.730013
0.719158
0.675335
0.517044
0.514247
0.518845
0.527332
0.536033
0.544571
0.553382
0.56303
0.572697
0.581463
0.589532
0.598431
0.608786
0.621273
0.636861
0.658502
0.680738
0.689592
0.680186
0.631716
0.549035
0.517428
0.513757
0.522609
0.538248
0.554168
0.565694
0.573295
0.578169
0.582039
0.586528
0.592177
0.598344
0.604433
0.610743
0.618842
0.629794
0.640512
0.645004
0.644046
0.61254
0.562072
0.546075
0.551275
0.562845
0.579461
0.593969
0.603093
0.607865
0.611281
0.615739
0.621845
0.629662
0.639942
0.653431
0.670619
0.686095
0.68888
0.687217
0.667241
0.618641
0.58174
0.576581
0.577317
0.582442
0.591153
0.5999
0.606647
0.611835
0.618391
0.627091
0.637486
0.646801
0.660677
0.679041
0.700424
0.72272
0.727298
0.715585
0.669816
0.517842
0.514686
0.520278
0.529387
0.537906
0.545152
0.552315
0.561045
0.571766
0.583242
0.594907
0.605985
0.616825
0.628366
0.641703
0.660464
0.678037
0.683871
0.674436
0.621726
0.543842
0.522346
0.522148
0.530901
0.544818
0.557535
0.566346
0.572894
0.578591
0.583795
0.589084
0.594164
0.598313
0.60328
0.610812
0.623071
0.641936
0.656528
0.662334
0.651772
0.610089
0.562312
0.555542
0.565562
0.579953
0.594084
0.604517
0.61041
0.613328
0.615131
0.616672
0.619137
0.623969
0.63332
0.648214
0.666371
0.681408
0.682961
0.679605
0.659451
0.609973
0.577611
0.574008
0.574224
0.580927
0.59232
0.604157
0.615503
0.625854
0.633439
0.638099
0.641034
0.645328
0.655431
0.673993
0.697531
0.717325
0.721455
0.711521
0.663381
0.517632
0.515142
0.521507
0.530747
0.538427
0.544494
0.550827
0.559277
0.57093
0.585641
0.600504
0.612872
0.623514
0.633914
0.645673
0.661053
0.674711
0.676717
0.668816
0.613421
0.544369
0.529302
0.531962
0.539872
0.551044
0.560045
0.566958
0.573285
0.579667
0.585625
0.590621
0.594344
0.597776
0.603427
0.613413
0.633707
0.658495
0.672471
0.675004
0.655446
0.605741
0.562736
0.562836
0.575178
0.589821
0.603301
0.612334
0.616171
0.617176
0.616966
0.616834
0.617878
0.621669
0.63038
0.644654
0.662118
0.675261
0.676148
0.671082
0.649942
0.599707
0.571656
0.569514
0.57067
0.579092
0.593221
0.610376
0.627228
0.639738
0.64542
0.644838
0.643427
0.644475
0.652341
0.669178
0.693002
0.712537
0.716211
0.706065
0.655223
0.517116
0.515652
0.522552
0.531633
0.538643
0.544066
0.550278
0.558793
0.571255
0.587226
0.603965
0.617661
0.628068
0.637464
0.648683
0.660361
0.669366
0.667602
0.658045
0.604983
0.549333
0.538681
0.543174
0.549027
0.557159
0.563359
0.568657
0.574728
0.581429
0.587324
0.591463
0.594908
0.599089
0.606399
0.622745
0.648879
0.67448
0.684742
0.683018
0.655218
0.599661
0.564055
0.566352
0.578537
0.593504
0.607153
0.61587
0.619267
0.619419
0.618527
0.618054
0.619423
0.623894
0.631708
0.644143
0.659843
0.670791
0.670831
0.663889
0.638466
0.587906
0.56438
0.563957
0.56734
0.57842
0.595962
0.617137
0.63509
0.646353
0.650127
0.648769
0.646125
0.646111
0.652029
0.666221
0.68685
0.702804
0.705256
0.692393
0.639823
0.516875
0.516522
0.523547
0.532343
0.539199
0.544755
0.55101
0.5601
0.572662
0.588022
0.604493
0.619188
0.630215
0.638878
0.649082
0.656761
0.662514
0.657253
0.645829
0.597997
0.554985
0.547601
0.55394
0.557483
0.563126
0.567469
0.571401
0.576791
0.582977
0.588299
0.592544
0.597092
0.603298
0.615959
0.636912
0.662318
0.685
0.691986
0.684347
0.652876
0.593128
0.564957
0.5672
0.57819
0.592477
0.60663
0.615947
0.620325
0.621566
0.62141
0.621597
0.623745
0.628314
0.635431
0.645248
0.659268
0.667903
0.667086
0.658642
0.628822
0.578507
0.557835
0.55934
0.565297
0.579525
0.599802
0.620607
0.635964
0.644879
0.648606
0.648645
0.647449
0.648381
0.653436
0.665708
0.680765
0.689771
0.688307
0.671468
0.619021
0.517109
0.517654
0.524672
0.53347
0.540727
0.546882
0.553723
0.562702
0.574396
0.588511
0.604083
0.618693
0.629956
0.63811
0.646964
0.652505
0.655076
0.64718
0.634817
0.592671
0.558855
0.552878
0.562304
0.565366
0.569426
0.572366
0.574918
0.578963
0.584356
0.59005
0.59572
0.602929
0.61392
0.630845
0.649805
0.670489
0.689251
0.693337
0.682092
0.649244
0.587695
0.564835
0.566671
0.574671
0.588265
0.602353
0.6126
0.618809
0.622554
0.625081
0.627369
0.630082
0.634025
0.639246
0.646478
0.658761
0.666881
0.665639
0.655332
0.621344
0.571388
0.554317
0.557396
0.567496
0.584922
0.603883
0.618728
0.628545
0.635511
0.641002
0.644478
0.647142
0.650046
0.655658
0.666821
0.677685
0.679744
0.673713
0.654547
0.604033
0.518119
0.519272
0.526476
0.535694
0.543615
0.550386
0.557218
0.56551
0.5761
0.588273
0.602555
0.616986
0.628979
0.636884
0.643562
0.646638
0.647334
0.639626
0.627741
0.589408
0.558825
0.555268
0.564885
0.570451
0.575185
0.577282
0.57863
0.581373
0.58652
0.593853
0.60327
0.615471
0.630128
0.644412
0.658375
0.674917
0.687673
0.689881
0.681562
0.645223
0.584078
0.56451
0.564402
0.570749
0.583253
0.596914
0.608211
0.616879
0.623798
0.629287
0.633663
0.637021
0.639761
0.642571
0.647655
0.658416
0.666339
0.66599
0.653843
0.616565
0.567636
0.554317
0.559662
0.574087
0.591803
0.606661
0.615929
0.620385
0.624194
0.630349
0.637763
0.644763
0.650104
0.656747
0.667387
0.675772
0.674387
0.665961
0.646965
0.598739
0.520075
0.521759
0.529332
0.538998
0.547176
0.55391
0.560439
0.567394
0.57634
0.587848
0.601608
0.615732
0.626991
0.633786
0.637456
0.639253
0.640127
0.635734
0.625663
0.588596
0.554966
0.552474
0.562076
0.572128
0.579061
0.581797
0.58234
0.584683
0.591135
0.602116
0.617215
0.633158
0.645279
0.653898
0.662581
0.67502
0.685435
0.687034
0.681372
0.640101
0.582083
0.565566
0.562841
0.568511
0.579722
0.592035
0.603375
0.614155
0.624462
0.63321
0.639199
0.642511
0.643644
0.644514
0.649039
0.658776
0.666312
0.667424
0.654207
0.614616
0.56671
0.557397
0.565362
0.581453
0.598087
0.60947
0.613492
0.614848
0.616674
0.621015
0.629413
0.639778
0.648188
0.655885
0.665698
0.672932
0.6707
0.66163
0.643112
0.596295
0.522667
0.525309
0.533161
0.542819
0.550757
0.556823
0.562226
0.568444
0.576971
0.588525
0.601985
0.614878
0.622918
0.6268
0.629073
0.63221
0.635515
0.635643
0.627587
0.589489
0.549328
0.545259
0.554782
0.568594
0.580182
0.585325
0.587379
0.591363
0.600721
0.616625
0.634573
0.647929
0.655446
0.659124
0.664377
0.674121
0.685119
0.684796
0.679847
0.634617
0.581232
0.567874
0.563553
0.5684
0.578118
0.588852
0.599599
0.611684
0.624762
0.636682
0.643435
0.645323
0.644881
0.645405
0.650953
0.660698
0.667578
0.66924
0.656364
0.615276
0.569063
0.563337
0.571739
0.587057
0.601425
0.610012
0.612731
0.612818
0.613958
0.617782
0.62478
0.634094
0.644192
0.653251
0.662248
0.668855
0.66706
0.658661
0.640306
0.594721
0.525608
0.529181
0.53719
0.546518
0.553475
0.558478
0.563337
0.569505
0.578334
0.590221
0.602806
0.612774
0.616621
0.617825
0.620374
0.627186
0.634178
0.639356
0.631344
0.591271
0.545496
0.536094
0.542527
0.558358
0.575595
0.588184
0.595761
0.603325
0.616413
0.633406
0.648713
0.657796
0.660064
0.661631
0.666348
0.674908
0.685629
0.686017
0.677304
0.628766
0.580563
0.57076
0.566207
0.570225
0.578681
0.587965
0.597564
0.609681
0.624365
0.637911
0.645353
0.646193
0.645106
0.646342
0.653945
0.664103
0.670405
0.670856
0.658957
0.617686
0.575859
0.570547
0.57764
0.589615
0.602092
0.611138
0.614427
0.614802
0.615718
0.61901
0.624914
0.632297
0.641041
0.650432
0.659189
0.664635
0.663202
0.65622
0.637939
0.593464
0.527388
0.531951
0.540229
0.549087
0.555337
0.559849
0.564554
0.5711
0.580329
0.591468
0.601967
0.608477
0.609621
0.60973
0.614035
0.625336
0.636454
0.64511
0.634558
0.59115
0.542344
0.528822
0.529938
0.544982
0.567494
0.587849
0.604488
0.61972
0.633519
0.646632
0.65761
0.661445
0.662247
0.663501
0.669644
0.678402
0.686746
0.687809
0.673466
0.623133
0.579882
0.57304
0.569507
0.573062
0.58059
0.58888
0.597604
0.608902
0.622369
0.635624
0.64398
0.645552
0.645674
0.64889
0.658005
0.668094
0.673831
0.672528
0.661595
0.621004
0.584108
0.576984
0.581658
0.589603
0.601675
0.612017
0.617689
0.619386
0.620064
0.622465
0.626907
0.632395
0.639161
0.647859
0.656562
0.661354
0.659849
0.653933
0.635979
0.592437
0.527529
0.531883
0.540564
0.550113
0.556651
0.561412
0.566387
0.57336
0.582253
0.591844
0.599172
0.602402
0.603409
0.605066
0.61208
0.626875
0.64124
0.650346
0.63622
0.590322
0.539704
0.52395
0.521771
0.534111
0.558373
0.588454
0.615408
0.635206
0.647565
0.654499
0.660147
0.663892
0.664419
0.666831
0.674693
0.683032
0.68898
0.688402
0.669045
0.618341
0.57871
0.574042
0.572673
0.576261
0.583481
0.591333
0.599539
0.608829
0.619069
0.629859
0.639158
0.645063
0.648329
0.653934
0.663362
0.672729
0.677684
0.674908
0.664634
0.624444
0.590011
0.582342
0.583817
0.58985
0.601188
0.612508
0.620578
0.625075
0.626769
0.627956
0.629955
0.632911
0.637421
0.64461
0.653599
0.659011
0.65753
0.652179
0.634746
0.592005
0.525303
0.528262
0.537449
0.548776
0.557442
0.56385
0.569733
0.576845
0.584525
0.590638
0.594349
0.596652
0.599422
0.604511
0.614895
0.631848
0.646297
0.653192
0.63533
0.588554
0.537853
0.522009
0.52011
0.530695
0.554338
0.587854
0.621272
0.641521
0.653137
0.657027
0.659525
0.663186
0.667192
0.672807
0.68047
0.688689
0.692565
0.68784
0.664982
0.615003
0.577362
0.573553
0.574857
0.579494
0.587138
0.59502
0.602149
0.608757
0.615026
0.622624
0.633582
0.645368
0.653723
0.660823
0.66937
0.677069
0.681934
0.678436
0.66854
0.628013
0.593454
0.58659
0.586562
0.591205
0.601398
0.612585
0.621507
0.627622
0.630781
0.632345
0.63285
0.633202
0.635745
0.641599
0.65118
0.657566
0.656309
0.651329
0.634428
0.592111
0.519756
0.522143
0.532847
0.547261
0.559078
0.567713
0.574719
0.58104
0.585575
0.588366
0.590335
0.592887
0.598318
0.607835
0.621702
0.638774
0.650759
0.651388
0.632844
0.58668
0.537514
0.52413
0.52422
0.537383
0.56021
0.586959
0.615826
0.637677
0.650275
0.653593
0.656419
0.661921
0.670119
0.679446
0.687537
0.694279
0.695456
0.685496
0.661325
0.614061
0.576606
0.572257
0.575538
0.58232
0.591393
0.599349
0.604459
0.606973
0.610003
0.616608
0.628927
0.644873
0.659823
0.668318
0.676029
0.681711
0.686973
0.68367
0.673337
0.63173
0.596015
0.589299
0.589865
0.593588
0.60187
0.611123
0.62051
0.628132
0.632558
0.634378
0.634287
0.633327
0.634733
0.640171
0.649752
0.656894
0.65601
0.65139
0.634723
0.593229
0.512377
0.5142
0.526066
0.543198
0.559308
0.571822
0.580503
0.58434
0.585162
0.585899
0.58746
0.591613
0.600233
0.613689
0.629819
0.646098
0.653432
0.647585
0.630433
0.586075
0.539452
0.530295
0.53504
0.54934
0.567998
0.585943
0.602685
0.622182
0.637171
0.64597
0.652593
0.661282
0.672483
0.684044
0.693224
0.698352
0.696307
0.682742
0.659198
0.614606
0.577124
0.571392
0.575884
0.584773
0.59568
0.603149
0.605662
0.605649
0.607213
0.61361
0.626072
0.644873
0.663353
0.674971
0.682489
0.687351
0.693233
0.691443
0.679365
0.636881
0.598849
0.592176
0.592796
0.595714
0.601655
0.608965
0.616957
0.625381
0.631388
0.633628
0.633993
0.63331
0.634155
0.639709
0.649637
0.657112
0.657211
0.653151
0.63666
0.596598
0.50519
0.505667
0.518429
0.538772
0.558725
0.575132
0.585185
0.586785
0.585116
0.58443
0.586302
0.592855
0.604413
0.620201
0.636902
0.650791
0.653618
0.645697
0.62886
0.587201
0.545301
0.540936
0.549442
0.562391
0.576014
0.585962
0.594035
0.604573
0.61902
0.633546
0.6458
0.657981
0.670835
0.684466
0.695157
0.700114
0.696098
0.68139
0.658906
0.617102
0.579184
0.571773
0.576821
0.586812
0.598412
0.605499
0.60723
0.607021
0.608114
0.614076
0.626603
0.644574
0.66379
0.677865
0.688573
0.695791
0.701231
0.699977
0.685689
0.641995
0.601532
0.593991
0.595118
0.597286
0.601814
0.606529
0.61122
0.617366
0.624144
0.629029
0.631415
0.63293
0.635241
0.641465
0.651524
0.659136
0.660647
0.656854
0.64047
0.600814
0.499982
0.49905
0.511429
0.53339
0.555824
0.575053
0.585825
0.587042
0.585556
0.584592
0.587389
0.595897
0.609429
0.626026
0.640656
0.652939
0.654533
0.646077
0.631052
0.591222
0.55684
0.553713
0.562847
0.572378
0.578748
0.583073
0.586984
0.592838
0.603019
0.617947
0.635172
0.651362
0.666522
0.680603
0.691945
0.697242
0.69411
0.681705
0.661682
0.622939
0.583142
0.573765
0.578308
0.587537
0.598601
0.60624
0.609761
0.611437
0.61345
0.619003
0.629603
0.643405
0.660431
0.676823
0.692233
0.705764
0.709826
0.70686
0.690062
0.645034
0.603397
0.5934
0.594189
0.596899
0.600616
0.603447
0.605421
0.607883
0.612493
0.619599
0.626945
0.632175
0.63798
0.645905
0.655237
0.662414
0.664061
0.659525
0.64271
0.60389
0.497918
0.496457
0.507163
0.528073
0.550119
0.570288
0.58245
0.585192
0.584863
0.586059
0.590449
0.600215
0.614366
0.629977
0.641438
0.652996
0.656576
0.649875
0.637504
0.600227
0.568883
0.563874
0.571874
0.576164
0.580501
0.582762
0.584204
0.587438
0.594766
0.607176
0.623333
0.640615
0.656347
0.67116
0.682878
0.688932
0.688999
0.681474
0.666299
0.630982
0.588884
0.577208
0.580227
0.587283
0.596965
0.605806
0.612564
0.618118
0.62244
0.627114
0.63305
0.641067
0.653955
0.673068
0.694124
0.710931
0.717441
0.711285
0.69017
0.644985
0.603134
0.589811
0.58943
0.593429
0.597436
0.600355
0.602414
0.604051
0.606523
0.611955
0.621225
0.631248
0.640094
0.650293
0.6598
0.665505
0.666099
0.660808
0.643795
0.60624
0.498473
0.498534
0.509325
0.527034
0.545283
0.560644
0.573809
0.581171
0.584795
0.588666
0.594914
0.6048
0.617717
0.6305
0.640531
0.652738
0.659883
0.655729
0.648714
0.612065
0.576129
0.569863
0.574944
0.57901
0.583209
0.584713
0.584927
0.586529
0.592052
0.602928
0.616766
0.63042
0.643268
0.655472
0.666991
0.67604
0.682173
0.680095
0.66889
0.637681
0.594064
0.580339
0.58098
0.58557
0.594516
0.605299
0.615487
0.624086
0.631347
0.634499
0.635096
0.637519
0.64612
0.666541
0.692461
0.712003
0.719775
0.710867
0.685226
0.641113
0.599946
0.583821
0.582233
0.587734
0.594333
0.599543
0.600686
0.600616
0.601928
0.606899
0.616425
0.628753
0.640317
0.652106
0.662361
0.667133
0.666143
0.660255
0.643336
0.60675
0.500872
0.504507
0.515509
0.52891
0.540275
0.550125
0.561759
0.573744
0.583341
0.591621
0.599933
0.609232
0.619395
0.629096
0.639069
0.652959
0.663302
0.666377
0.660225
0.620277
0.579121
0.571214
0.574337
0.579413
0.58561
0.58796
0.587353
0.588144
0.592858
0.602316
0.614062
0.626326
0.634016
0.639729
0.648036
0.660223
0.672868
0.675987
0.667831
0.639826
0.595855
0.580189
0.579174
0.582899
0.592557
0.605072
0.617299
0.628947
0.636256
0.637029
0.635672
0.634185
0.639406
0.658152
0.68511
0.707676
0.715591
0.70568
0.676005
0.635748
0.596086
0.579496
0.57794
0.584863
0.593394
0.598416
0.599341
0.59911
0.600421
0.605129
0.613696
0.625326
0.638975
0.651122
0.66137
0.666116
0.665046
0.659026
0.642599
0.607494
0.505451
0.512522
0.521547
0.530656
0.536584
0.541275
0.549028
0.5625
0.578727
0.593607
0.605059
0.613594
0.620403
0.627503
0.6382
0.65425
0.667986
0.676111
0.666573
0.623588
0.578266
0.570033
0.571875
0.579108
0.587302
0.590763
0.59028
0.590719
0.595019
0.602898
0.612321
0.62268
0.627733
0.629757
0.633811
0.645416
0.660539
0.667108
0.663307
0.637852
0.59455
0.577143
0.575749
0.579952
0.590607
0.605016
0.619221
0.630296
0.634622
0.634501
0.632922
0.632374
0.635846
0.647673
0.66988
0.693198
0.703093
0.696792
0.667275
0.62991
0.592977
0.577421
0.576089
0.583123
0.591518
0.597426
0.600085
0.601295
0.603035
0.606808
0.613241
0.621823
0.633108
0.646059
0.656838
0.662438
0.662361
0.656774
0.641759
0.608257
0.510744
0.519293
0.526186
0.53242
0.534311
0.535319
0.539437
0.551799
0.572064
0.59345
0.60969
0.617754
0.621811
0.627002
0.638333
0.656165
0.671358
0.681378
0.668964
0.623451
0.575309
0.566369
0.568649
0.578009
0.58788
0.592674
0.592767
0.592835
0.595528
0.602047
0.609958
0.617172
0.621382
0.623207
0.626031
0.63485
0.646989
0.652534
0.652478
0.630399
0.588588
0.569628
0.569212
0.575758
0.589613
0.606089
0.619489
0.626792
0.628194
0.628321
0.628907
0.630436
0.634974
0.64268
0.655847
0.671651
0.685265
0.683696
0.662618
0.627979
0.593175
0.578104
0.57613
0.582246
0.589831
0.597
0.602302
0.60599
0.60857
0.611006
0.615116
0.620315
0.627013
0.637331
0.648808
0.655946
0.657813
0.653529
0.639996
0.608275
0.513832
0.522322
0.528419
0.532475
0.532443
0.532022
0.534806
0.546158
0.566353
0.591466
0.611706
0.620965
0.623986
0.628351
0.640237
0.658554
0.672501
0.681637
0.668495
0.620725
0.571034
0.561897
0.564912
0.574947
0.585636
0.591718
0.592738
0.593046
0.595796
0.599153
0.603353
0.608554
0.61371
0.617546
0.622086
0.630392
0.638195
0.639113
0.636019
0.615144
0.57669
0.558647
0.560822
0.571428
0.588719
0.606057
0.616265
0.619008
0.619002
0.620467
0.624718
0.62974
0.63648
0.643108
0.649844
0.65767
0.667226
0.672332
0.662054
0.631562
0.597605
0.581424
0.577784
0.582271
0.589458
0.597741
0.605012
0.610841
0.615099
0.616824
0.617516
0.618955
0.62283
0.63052
0.641392
0.649165
0.652444
0.649697
0.637687
0.608138
0.514418
0.522401
0.527961
0.532179
0.53202
0.531513
0.535084
0.546282
0.565263
0.590617
0.612312
0.62369
0.627166
0.631796
0.642525
0.659716
0.672342
0.679507
0.665177
0.616768
0.566817
0.557594
0.559838
0.56885
0.579538
0.587189
0.591175
0.592466
0.593182
0.592458
0.593363
0.597596
0.604375
0.612402
0.619718
0.627665
0.631761
0.631424
0.625103
0.603175
0.565261
0.546668
0.550566
0.564826
0.585244
0.60175
0.609273
0.610471
0.610485
0.614544
0.622727
0.631902
0.641552
0.646669
0.648949
0.650564
0.65315
0.661426
0.661257
0.639746
0.606628
0.587994
0.582037
0.584204
0.591856
0.600531
0.60791
0.613793
0.618888
0.621577
0.621086
0.620343
0.622032
0.627512
0.636152
0.642609
0.646762
0.644784
0.633385
0.605019
0.514451
0.518954
0.524688
0.530276
0.53227
0.533624
0.538606
0.550726
0.569244
0.591054
0.610824
0.62368
0.630631
0.636967
0.646668
0.661927
0.672298
0.675312
0.66177
0.613786
0.563516
0.553536
0.55325
0.560243
0.570178
0.579455
0.585752
0.588523
0.587837
0.585032
0.584175
0.587363
0.595175
0.606027
0.616536
0.625218
0.62714
0.625427
0.61755
0.597683
0.560729
0.543077
0.548458
0.56315
0.580528
0.593766
0.601095
0.603658
0.606771
0.613856
0.625375
0.639351
0.649851
0.652277
0.650441
0.647011
0.646292
0.651888
0.659629
0.645893
0.617176
0.59711
0.588887
0.589204
0.596262
0.6058
0.614506
0.620491
0.623579
0.624165
0.623864
0.623586
0.624402
0.628953
0.635252
0.639884
0.641775
0.63873
0.626588
0.598942
0.512505
0.513208
0.519088
0.526906
0.532891
0.538309
0.546101
0.558701
0.574744
0.590473
0.605994
0.620662
0.632922
0.642566
0.650856
0.663072
0.672209
0.672132
0.660331
0.61206
0.560657
0.549055
0.54596
0.550642
0.559218
0.568815
0.576798
0.581718
0.582479
0.579941
0.579109
0.581316
0.588029
0.598808
0.61062
0.620844
0.624579
0.622813
0.614885
0.597827
0.562426
0.548515
0.55366
0.565107
0.576216
0.586394
0.593917
0.600027
0.607512
0.618634
0.634237
0.649936
0.65853
0.658335
0.653093
0.646585
0.644953
0.646537
0.65431
0.648735
0.625282
0.606614
0.597496
0.596621
0.604467
0.615984
0.624763
0.627993
0.627722
0.626627
0.626078
0.625922
0.627868
0.63288
0.637998
0.640186
0.639498
0.63474
0.621492
0.594433
0.509239
0.507171
0.513161
0.523349
0.53407
0.54459
0.556104
0.568672
0.579334
0.588224
0.599622
0.615072
0.632037
0.646416
0.656189
0.665703
0.673653
0.671183
0.659894
0.610488
0.557174
0.544013
0.538971
0.542312
0.55
0.559231
0.569174
0.577108
0.579751
0.578585
0.57744
0.579039
0.58351
0.591761
0.602981
0.614817
0.623686
0.624342
0.618148
0.604223
0.5728
0.559982
0.561238
0.56601
0.573107
0.580845
0.589146
0.598777
0.611334
0.628124
0.645847
0.658862
0.664048
0.662529
0.656925
0.649357
0.646456
0.645204
0.647873
0.645255
0.628267
0.611317
0.606488
0.606568
0.614134
0.624346
0.631396
0.63291
0.631341
0.629445
0.629448
0.630721
0.632927
0.637269
0.641507
0.641011
0.637238
0.629927
0.615623
0.589149
0.505158
0.501885
0.508671
0.521593
0.536424
0.551173
0.566031
0.576652
0.580222
0.584507
0.592533
0.607685
0.627699
0.646968
0.659361
0.669895
0.676015
0.671867
0.658979
0.60739
0.552606
0.538356
0.533519
0.536804
0.544583
0.555647
0.566927
0.576103
0.579737
0.578746
0.577822
0.578676
0.581037
0.586684
0.596766
0.610742
0.62405
0.630093
0.627883
0.619412
0.59006
0.570592
0.568168
0.567066
0.570973
0.577936
0.586815
0.599471
0.617226
0.637858
0.653936
0.662059
0.663488
0.662013
0.659246
0.654641
0.650025
0.646197
0.643062
0.63763
0.625094
0.614463
0.613384
0.615054
0.620751
0.628416
0.633719
0.635176
0.634084
0.632282
0.632449
0.634352
0.63632
0.639537
0.642821
0.640587
0.634554
0.627286
0.613038
0.58701
0.501885
0.498504
0.506882
0.522561
0.540129
0.55818
0.573348
0.578932
0.579966
0.581299
0.58678
0.600344
0.620854
0.64333
0.659703
0.673506
0.678668
0.672072
0.65664
0.602485
0.547019
0.533019
0.529911
0.534612
0.544264
0.556383
0.567664
0.576059
0.580395
0.581275
0.580579
0.580464
0.581912
0.585812
0.59465
0.610889
0.62833
0.642742
0.650514
0.640771
0.606266
0.579508
0.571429
0.567422
0.570552
0.578048
0.587983
0.603121
0.623059
0.64177
0.654068
0.658625
0.658192
0.65775
0.658064
0.658251
0.654802
0.648557
0.639594
0.630885
0.617156
0.614622
0.616818
0.621259
0.62422
0.629806
0.634201
0.635223
0.635226
0.634468
0.634118
0.635172
0.636544
0.638792
0.64044
0.638457
0.633947
0.628197
0.614402
0.589233
0.500441
0.497514
0.508145
0.52614
0.545542
0.564163
0.57631
0.578868
0.578875
0.579657
0.58418
0.594984
0.613051
0.635474
0.656689
0.673751
0.679491
0.672198
0.652874
0.59626
0.540782
0.52867
0.529032
0.536389
0.548204
0.559995
0.569203
0.575514
0.580617
0.584595
0.586093
0.586611
0.587565
0.591132
0.601914
0.623951
0.650286
0.673429
0.680973
0.65976
0.61726
0.585679
0.573279
0.568494
0.572255
0.581209
0.593116
0.608346
0.624845
0.638795
0.647032
0.649362
0.649612
0.650405
0.654357
0.658486
0.659949
0.652844
0.640701
0.629368
0.611779
0.609256
0.614424
0.622653
0.624911
0.628567
0.631502
0.634028
0.63614
0.635859
0.634986
0.635056
0.63545
0.636219
0.637812
0.637115
0.63423
0.629649
0.617873
0.594687
0.502152
0.500683
0.512985
0.532623
0.552559
0.568048
0.574895
0.576046
0.576618
0.579001
0.583969
0.592567
0.605942
0.625241
0.648501
0.670266
0.678787
0.671077
0.647495
0.589785
0.535751
0.526044
0.531556
0.542458
0.554986
0.564453
0.570605
0.574983
0.580314
0.586732
0.592645
0.596591
0.60177
0.611097
0.627516
0.652115
0.67749
0.695845
0.70052
0.67344
0.625119
0.588056
0.574343
0.570607
0.576449
0.587134
0.600551
0.614221
0.625355
0.633025
0.636034
0.636715
0.638423
0.641913
0.64839
0.656106
0.662114
0.657998
0.645872
0.632099
0.611407
0.600234
0.607236
0.617124
0.622181
0.626263
0.629448
0.632699
0.635049
0.635928
0.634772
0.633204
0.632763
0.634412
0.636427
0.638168
0.640237
0.641955
0.635633
0.615429
0.50785
0.508375
0.522158
0.541472
0.558883
0.568915
0.571126
0.571949
0.574532
0.579192
0.584851
0.59194
0.600869
0.614406
0.635542
0.659354
0.672158
0.667807
0.641601
0.586708
0.534418
0.527724
0.53682
0.550749
0.562477
0.56925
0.571695
0.574694
0.580651
0.589483
0.602216
0.615389
0.626723
0.636925
0.649452
0.66855
0.688418
0.701573
0.706475
0.681632
0.630411
0.589913
0.576046
0.574396
0.582992
0.595659
0.609305
0.619621
0.624313
0.625978
0.62524
0.625436
0.627558
0.632425
0.640949
0.651544
0.660258
0.661614
0.65421
0.638574
0.613954
0.596515
0.597376
0.606249
0.61722
0.624311
0.629752
0.632689
0.634231
0.634608
0.632657
0.631152
0.632196
0.63489
0.640301
0.649517
0.658439
0.661083
0.653779
0.634473
0.517711
0.519699
0.534289
0.5514
0.562909
0.565736
0.56603
0.568113
0.572657
0.578658
0.585138
0.591844
0.597915
0.605445
0.62123
0.643274
0.658207
0.660806
0.637715
0.587641
0.536089
0.532265
0.542819
0.558178
0.568264
0.571894
0.573329
0.576461
0.583601
0.597893
0.617033
0.635295
0.646493
0.652931
0.660387
0.673859
0.689586
0.699458
0.704789
0.68481
0.633907
0.592006
0.579364
0.58029
0.59117
0.605404
0.617272
0.62264
0.622632
0.619289
0.617514
0.618182
0.620279
0.62435
0.631592
0.643455
0.655155
0.660362
0.661096
0.646539
0.617055
0.593219
0.588322
0.594553
0.608591
0.623727
0.631541
0.634691
0.634801
0.633286
0.631597
0.632488
0.635445
0.643679
0.65625
0.666958
0.671747
0.669829
0.659889
0.640665
0.531067
0.535007
0.548538
0.55985
0.563143
0.562204
0.561988
0.564918
0.57084
0.578037
0.584658
0.590859
0.595092
0.599107
0.608743
0.626515
0.64221
0.650582
0.635893
0.590688
0.540203
0.536826
0.547538
0.561953
0.571048
0.575027
0.577174
0.581743
0.591744
0.608407
0.628714
0.645767
0.656008
0.661327
0.665237
0.673561
0.684399
0.692028
0.697275
0.682928
0.635929
0.594594
0.584546
0.588163
0.600621
0.614469
0.622996
0.624565
0.620669
0.615461
0.613732
0.614274
0.616595
0.620154
0.624748
0.63443
0.647707
0.658557
0.663086
0.650387
0.619313
0.591864
0.583155
0.586574
0.60121
0.619845
0.633888
0.638257
0.637109
0.635004
0.635415
0.638768
0.648466
0.660642
0.670575
0.675694
0.67582
0.671665
0.661216
0.642297
0.548123
0.55222
0.560837
0.564185
0.561719
0.559251
0.559191
0.562551
0.568949
0.576344
0.582817
0.588447
0.591873
0.594619
0.6013
0.614296
0.62885
0.637875
0.63356
0.595126
0.546484
0.53987
0.549345
0.56149
0.571869
0.579039
0.583682
0.590394
0.601833
0.61711
0.633317
0.647995
0.657902
0.661655
0.663728
0.669425
0.676062
0.682264
0.683867
0.675093
0.636159
0.59879
0.592486
0.598627
0.610275
0.621252
0.626224
0.624476
0.619115
0.614641
0.612648
0.612562
0.614444
0.617414
0.621665
0.629633
0.639562
0.650564
0.658031
0.647681
0.618645
0.592126
0.582789
0.584031
0.595951
0.615369
0.632322
0.641054
0.642411
0.642451
0.645737
0.654211
0.664099
0.672448
0.676744
0.678043
0.676774
0.670213
0.65865
0.639046
0.566687
0.567021
0.568194
0.564717
0.559549
0.556742
0.556965
0.56065
0.566795
0.573625
0.580049
0.585502
0.588821
0.590776
0.594787
0.603786
0.617727
0.625004
0.629861
0.599866
0.553414
0.541139
0.548064
0.557956
0.570893
0.583549
0.592746
0.601629
0.612408
0.623943
0.634552
0.643175
0.650514
0.65577
0.659779
0.664656
0.669234
0.674176
0.671834
0.665939
0.634825
0.605039
0.601556
0.60967
0.61801
0.625429
0.62647
0.623626
0.619167
0.614842
0.612433
0.611798
0.613297
0.61636
0.620736
0.628643
0.637275
0.641231
0.646198
0.639339
0.615776
0.593296
0.58631
0.586574
0.594897
0.609696
0.626862
0.639249
0.648058
0.655431
0.664287
0.671426
0.67551
0.678203
0.678609
0.676222
0.67018
0.661491
0.649979
0.630377
0.581708
0.57747
0.571187
0.562948
0.55667
0.554042
0.5547
0.558918
0.565384
0.572124
0.578163
0.583374
0.586597
0.588095
0.590499
0.596882
0.609216
0.615643
0.625884
0.603149
0.558521
0.542757
0.544759
0.553677
0.56949
0.586803
0.601279
0.612875
0.621305
0.625427
0.628861
0.634351
0.642081
0.650671
0.657184
0.662407
0.665413
0.668158
0.664068
0.65887
0.633883
0.611419
0.609586
0.618331
0.623995
0.627168
0.625581
0.622375
0.618648
0.615326
0.612985
0.611618
0.611979
0.615416
0.621466
0.629662
0.636623
0.637298
0.634135
0.628279
0.610055
0.593191
0.590918
0.592802
0.596294
0.604786
0.619145
0.636512
0.653812
0.670845
0.681972
0.686307
0.685514
0.680664
0.673719
0.667642
0.660296
0.653163
0.642659
0.623424
0.588272
0.583778
0.574058
0.562327
0.554564
0.551142
0.551723
0.556428
0.563678
0.570519
0.577026
0.582267
0.585399
0.586568
0.588237
0.593498
0.604517
0.610926
0.622691
0.604073
0.560908
0.543971
0.542626
0.551005
0.567769
0.587328
0.606672
0.621833
0.627324
0.62658
0.625788
0.628479
0.635638
0.645667
0.654855
0.661012
0.663583
0.663779
0.658832
0.653365
0.631826
0.615978
0.614268
0.624414
0.628641
0.628635
0.625159
0.621
0.617754
0.615098
0.613156
0.611541
0.611339
0.614507
0.621779
0.631016
0.636867
0.634439
0.626616
0.617971
0.602165
0.595045
0.596212
0.598652
0.599099
0.6037
0.613816
0.632879
0.659025
0.681757
0.695468
0.697823
0.691967
0.680609
0.669248
0.660994
0.653182
0.647323
0.63732
0.618023
)
;

boundaryField
{
    inlet
    {
        type            calculated;
        value           uniform 0.140001;
    }
    outlet
    {
        type            calculated;
        value           nonuniform List<scalar> 
40
(
0.681784
0.675335
0.669816
0.663381
0.655223
0.639823
0.619021
0.604033
0.598739
0.596295
0.594721
0.593464
0.592437
0.592005
0.592111
0.593229
0.596598
0.600814
0.60389
0.60624
0.60675
0.607494
0.608257
0.608275
0.608138
0.605019
0.598942
0.594433
0.589149
0.58701
0.589233
0.594687
0.615429
0.634473
0.640665
0.642297
0.639046
0.630377
0.623424
0.618023
)
;
    }
    bottom
    {
        type            symmetryPlane;
    }
    top
    {
        type            symmetryPlane;
    }
    obstacle
    {
        type            calculated;
        value           nonuniform List<scalar> 
80
(
0.512076
0.511055
0.513794
0.521881
0.530101
0.539167
0.550096
0.56197
0.57239
0.579949
0.585693
0.590905
0.597181
0.606588
0.622604
0.649011
0.680572
0.699355
0.697188
0.659859
0.575767
0.516358
0.505535
0.510701
0.52573
0.544691
0.561721
0.573061
0.578476
0.581487
0.584889
0.589925
0.597389
0.605235
0.610938
0.615109
0.62009
0.625705
0.628763
0.632943
0.615473
0.567921
0.538259
0.536399
0.539639
0.551485
0.567021
0.581854
0.595107
0.606031
0.617316
0.629249
0.64042
0.650502
0.66097
0.675511
0.690992
0.698545
0.70109
0.684214
0.636299
0.587181
0.577212
0.579219
0.584145
0.590156
0.594312
0.594849
0.595495
0.599119
0.607634
0.624066
0.645787
0.664966
0.682728
0.702296
0.723235
0.729723
0.725645
0.681784
)
;
    }
    defaultFaces
    {
        type            empty;
    }
}


// ************************************************************************* //
